1783457593642 1.7879606485366821 1
1783457594831 1.6186712980270386 2
1783457595985 1.5030951499938965 3
1783457597194 1.4654864549636841 4
1783457598403 1.4565093755722045 5
1783457599655 1.4301017284393311 6
1783457600943 1.389382815361023 7
1783457602089 1.3675868511199951 8
1783457603215 1.3493280410766602 9
1783457604419 1.3374927759170532 10
1783457605596 1.3047314643859864 11
1783457606757 1.2870243310928344 12
1783457607934 1.2773124694824218 13
1783457609104 1.2664849519729615 14
1783457610309 1.242130160331726 15
1783457611523 1.2158581018447876 16
1783457612731 1.210648775100708 17
1783457613925 1.1952964067459106 18
1783457615075 1.1738594770431519 19
1783457616205 1.167739176750183 20
1783457617426 1.1528229236602783 21
1783457618589 1.1387535572052 22
1783457619794 1.1151710271835327 23
1783457620985 1.1006694316864014 24
1783457622131 1.089002799987793 25
1783457623335 1.0760156393051148 26
1783457624508 1.0666694164276123 27
1783457625693 1.054536557197571 28
1783457626850 1.0445234060287476 29
1783457628007 1.039991545677185 30
1783457629205 1.019375467300415 31
1783457630444 0.995792555809021 32
1783457631614 0.9850732684135437 33
1783457632789 0.971053421497345 34
1783457633974 0.9565455913543701 35
1783457635193 0.9384006977081298 36
1783457636401 0.9241753935813903 37
1783457637587 0.9128313302993775 38
1783457638740 0.9028100609779358 39
1783457639991 0.8937052965164185 40
1783457641223 0.8747116327285767 41
1783457642413 0.8713506579399108 42
1783457643599 0.8483170866966248 43
1783457644775 0.8409640312194824 44
1783457645941 0.824666428565979 45
1783457647155 0.8265600681304932 46
1783457648307 0.7995795965194702 47
1783457649510 0.7920575380325318 48
1783457650703 0.7720511555671692 49
1783457651887 0.7720902800559998 50
1783457653121 0.7560454130172729 51
1783457654264 0.7352346777915955 52
1783457655425 0.7443347930908203 53
1783457656602 0.7246650576591491 54
1783457657761 0.7088629126548767 55
1783457658923 0.6902286171913147 56
1783457660107 0.680015504360199 57
1783457661267 0.6781833648681641 58
1783457662451 0.6554872989654541 59
1783457663605 0.6515732884407044 60
1783457664886 0.6388964414596557 61
1783457666050 0.6402236461639405 62
1783457667181 0.6253363609313964 63
1783457668404 0.6007556200027466 64
1783457669543 0.5987340688705445 65
1783457670724 0.5986092209815979 66
1783457671904 0.5866538286209106 67
1783457673034 0.5585478067398071 68
1783457674191 0.5536128044128418 69
1783457675391 0.5592570543289185 70
1783457676529 0.5485020518302918 71
1783457677710 0.534087884426117 72
1783457678927 0.5196632266044616 73
1783457680077 0.5212157249450684 74
1783457681230 0.5193922638893127 75
1783457682370 0.5010420620441437 76
1783457683575 0.486238557100296 77
1783457684768 0.5046093106269837 78
1783457685970 0.48251050114631655 79
1783457687136 0.4698235094547272 80
1783457688350 0.46021143794059755 81
1783457689577 0.460298889875412 82
1783457690738 0.449583375453949 83
1783457691876 0.44075151085853576 84
1783457693047 0.43277642130851746 85
1783457694200 0.4293515205383301 86
1783457695363 0.43979241847991946 87
1783457696518 0.41149684190750124 88
1783457697670 0.4122714400291443 89
1783457698808 0.4094290494918823 90
1783457699961 0.43471290469169616 91
1783457701157 0.4063620507717133 92
