1781111403030 1.5058070564270019 1
1781111407353 1.4947474193572998 2
1781111412015 1.4680562829971313 3
1781111416803 1.3398108673095703 4
1781111421369 1.1071546983718872 5
1781111425799 1.0345650100708008 6
1781111430315 1.0150390577316284 7
1781111434654 1.0057034420967101 8
1781111439192 1.000432162284851 9
1781111443796 0.9974598026275635 10
1781111448561 0.9948433065414428 11
1781111453234 0.9921356463432311 12
1781111457843 0.9889567065238952 13
1781111462723 0.9850879168510437 14
1781111467049 0.9813376927375793 15
1781111471776 0.976575973033905 16
1781111476435 0.9715780806541443 17
1781111481630 0.9671987676620484 18
1781111486359 0.9635785603523255 19
1781111491138 0.9602915334701538 20
1781111496004 0.9572509503364564 21
1781111500989 0.9539852666854859 22
1781111505687 0.9498517346382142 23
1781111510271 0.9462893891334534 24
1781111515102 0.943154263496399 25
1781111519118 0.9410593032836914 26
1781111523931 0.9395315814018249 27
1781111528343 0.9368050646781921 28
1781111532739 0.9343067049980164 29
1781111537035 0.9330858635902405 30
1781111541732 0.932030816078186 31
1781111546049 0.9299192333221435 32
1781111550267 0.9266423463821412 33
1781111554463 0.9252510166168213 34
1781111559006 0.9234299135208129 35
1781111563193 0.9216503834724427 36
1781111567593 0.920270962715149 37
1781111571750 0.9184837818145752 38
1781111576108 0.917485523223877 39
1781111580563 0.9160978984832764 40
1781111584902 0.9154414653778076 41
1781111589855 0.9146229124069214 42
1781111594399 0.9127695345878601 43
1781111598894 0.9130174040794372 44
1781111603739 0.911437497138977 45
1781111607957 0.9118170261383056 46
1781111612578 0.9120110821723938 47
1781111617079 0.9097264909744263 48
1781111621312 0.9100842428207397 49
1781111625720 0.9095305466651916 50
1781111630602 0.9078015089035034 51
1781111635362 0.907895028591156 52
1781111640046 0.9067925047874451 53
1781111644426 0.9058651113510132 54
1781111648727 0.9062735557556152 55
1781111653349 0.9046394324302673 56
1781111658043 0.9042104268074036 57
1781111662528 0.9046040868759155 58
1781111667026 0.9038748407363891 59
1781111671715 0.9024222064018249 60
1781111676123 0.9020516324043274 61
1781111680902 0.9015185451507568 62
1781111685281 0.9027684164047242 63
1781111690008 0.9006718301773071 64
1781111694467 0.9010018467903137 65
1781111699272 0.8997853946685791 66
1781111703755 0.8994906497001648 67
1781111708279 0.8984264087677002 68
1781111713024 0.8981872797012329 69
1781111717385 0.8977164268493653 70
1781111722022 0.8974314904212952 71
1781111726815 0.8972099995613099 72
1781111731337 0.8964885687828064 73
1781111735950 0.8961629152297974 74
1781111740501 0.896375277042389 75
1781111744876 0.8964479732513427 76
1781111749500 0.8947861504554748 77
1781111753836 0.8942072319984437 78
1781111758452 0.8939606475830079 79
1781111763146 0.8941462254524231 80
1781111768031 0.8938055968284607 81
1781111772691 0.8929293704032898 82
1781111777085 0.8931975841522217 83
1781111781626 0.8919479751586914 84
1781111786391 0.891670105457306 85
1781111790804 0.8919240689277649 86
1781111795533 0.8918141055107117 87
1781111800083 0.8914605379104614 88
1781111804582 0.8911942863464355 89
1781111808903 0.8902894973754882 90
1781111813364 0.8899393367767334 91
1781111817738 0.8916786479949951 92
1781111822187 0.8900827932357788 93
1781111826585 0.8888868045806885 94
1781111830902 0.8884575939178467 95
1781111835479 0.8888356685638428 96
1781111839918 0.8880173230171203 97
1781111844686 0.8880033922195435 98
1781111849039 0.8879593729972839 99
1781111853979 0.8868251252174377 100
