1783011402975 2.7176002798409296 1
1783011418605 2.482638753693679 2
1783011434582 2.2903447315610688 3
1783011450123 2.091847703374665 4
1783011465059 1.8936752574197178 5
1783011480825 1.7036945491001523 6
1783011496015 1.525564012856319 7
1783011511788 1.363043472684663 8
1783011527805 1.232623030399454 9
1783011542864 1.1276041885902142 10
1783011558389 1.0443436112897149 11
1783011573882 0.9775789421180199 12
1783011589444 0.9215137732440027 13
1783011611780 0.8777196119571554 14
1783011627199 0.833781020394687 15
1783011642437 0.7980287424449263 16
1783011657653 0.7672092215768223 17
1783011673476 0.7358542598527054 18
1783011689229 0.709565768981802 19
1783011704249 0.688581133710927 20
1783011720779 0.6701671953859001 21
1783011736784 0.6484672488837406 22
1783011752606 0.6263127018665445 23
1783011768531 0.6070784946967815 24
1783011783655 0.5845655983891981 25
1783011799887 0.5667767010886093 26
1783011815484 0.5575625711473925 27
1783011831381 0.5439872823912522 28
1783011847352 0.534025522141621 29
1783011863057 0.5239977785225572 30
1783011878616 0.5163083097030376 31
1783011894283 0.5124714158732315 32
1783011909961 0.507795668881515 33
1783011926009 0.5040764510631561 34
1783011941969 0.4959607555948455 35
1783011958062 0.494185348009241 36
1783011973971 0.4879523238231396 37
1783011989680 0.48479820428223447 38
1783012004778 0.48130604830281487 39
1783012019629 0.47808867179114245 40
1783012035919 0.4795675277709961 41
1783012056952 0.4800035038898731 42
1783012073179 0.4757101196667244 43
1783012088496 0.4732782635195502 44
1783012113030 0.4699851058680436 45
1783012127704 0.47190192958404276 46
1783012142798 0.4690367003967022 47
1783012159051 0.46338693129605263 48
1783012174562 0.4611085324451841 49
1783012189621 0.4642885573979082 50
1783012204641 0.4643628330066286 51
1783012221043 0.46008251042201603 52
1783012236380 0.4593404757565466 53
1783012252229 0.45721407286052046 54
1783012268499 0.4559822493586047 55
1783012283698 0.4569895103059966 56
1783012300504 0.45655539631843567 57
1783012316333 0.45492370786338016 58
1783012332135 0.45236544465196543 59
1783012347637 0.45386956580753984 60
1783012363058 0.4507582567889115 61
1783012378661 0.455113371898388 62
1783012394028 0.4520423402046335 63
1783012409068 0.45027357545392266 64
1783012424307 0.4487751393482603 65
1783012440097 0.44565537571907043 66
1783012456239 0.4484078647761509 67
1783012471857 0.4474647147902127 68
1783012487422 0.44664153559454556 69
1783012502940 0.4483251787465194 70
