1782595793603 1.3569958492329246 1
1782595798192 1.234016311796088 2
1782595802837 1.1286862523932206 3
1782595808077 1.0188685781077336 4
1782595812755 0.9093119627551028 5
1782595817438 0.7977256853329507 6
1782595822100 0.694799857704263 7
1782595826718 0.595354615073455 8
1782595831283 0.5059340753053364 9
1782595835936 0.42607947556596054 10
1782595840553 0.3614135588470258 11
1782595845128 0.29917947242134496 12
1782595849779 0.259744688084251 13
1782595854407 0.2677324116230011 14
1782595859123 0.21540034523135737 15
1782595863767 0.185043791407033 16
1782595868353 0.16856257931182259 17
1782595873059 0.15575351879784935 18
1782595877751 0.15050952763933884 19
1782595883084 0.14033658920150055 20
1782595888042 0.13379736558387154 21
1782595892774 0.12901859044244415 22
1782595897446 0.1247131671560438 23
1782595902183 0.12260476009626138 24
1782595906851 0.1220296868368199 25
1782595911483 0.11809067094796583 26
1782595916161 0.11406441934798893 27
1782595920859 0.1114488304837754 28
1782595925691 0.1116387536259074 29
1782595930421 0.10931179339164182 30
1782595935196 0.10956489373194545 31
1782595944479 0.10776035722933318 32
1782595949180 0.10910383886412571 33
1782595953949 0.10629328987316082 34
1782595958631 0.10505033205998571 35
1782595963291 0.10396352586777587 36
1782595967955 0.10342807342347346 37
1782595972673 0.10321309378272608 38
1782595977427 0.10284265895423136 39
