1783008118167 1.2475296445921356 1
1783008124820 1.0674363421458823 2
1783008131429 0.9086231437383914 3
1783008137846 0.7555971110568327 4
1783008144455 0.6077591543104134 5
1783008151171 0.4797339515358794 6
1783008157806 0.37282416575095234 7
1783008164397 0.30795635253775355 8
1783008171033 0.2547925044508541 9
1783008177620 0.21748239912238776 10
1783008184299 0.18405950683004715 11
1783008191013 0.17092669243906058 12
1783008197685 0.15538054909191878 13
1783008204302 0.13687248937055177 14
1783008210801 0.13450700570555293 15
1783008217523 0.13492412397674486 16
1783008224347 0.1180464097974347 17
1783008231011 0.11176205353409636 18
1783008237598 0.10601834149337282 19
1783008244307 0.0984686858513776 20
1783008251021 0.09608772397041321 21
1783008257662 0.09204848081457849 22
1783008264488 0.08799197773138683 23
1783008271157 0.0915047741111587 24
1783008277851 0.0852043517664367 25
1783008284469 0.08288278050866782 26
1783008291222 0.0864606368191102 27
1783008297899 0.0899930609499707 28
1783008304459 0.07895221678065319 29
1783008311071 0.08205761453684639 30
1783008317694 0.07475604978846569 31
1783008324336 0.0718783353473626 32
1783008331085 0.07133797899472948 33
1783008337870 0.07471349601652108 34
1783008344439 0.068172990764473 35
1783008351186 0.07508340828558978 36
1783008357830 0.0864033582163792 37
1783008364449 0.0715496567826645 38
1783008371049 0.06332601920938959 39
1783008377645 0.0623859204351902 40
1783008385417 0.0620438452883094 41
1783008391974 0.06716466030361605 42
1783008398712 0.06204587885854291 43
1783008405415 0.06740952721413444 44
1783008412125 0.06129509027974278 45
1783008418972 0.0578158163264686 46
1783008425677 0.058111821684767216 47
1783008432501 0.05768778299291929 48
1783008439280 0.05740318367002057 49
1783008445855 0.059232937646847145 50
1783008452603 0.05872361310849003 51
1783008459273 0.060160744862229214 52
1783008466022 0.05779110019405683 53
1783008472854 0.08276636606337977 54
1783008479529 0.058930351380624024 55
1783008486262 0.06288774881292791 56
1783008492765 0.0571342399891685 57
1783008504323 0.05269827196995417 58
1783008510941 0.0530254943113701 59
1783008517592 0.05423737090884471 60
1783008524214 0.05191033757200428 61
1783008531015 0.05118436161793914 62
1783008537569 0.05109150269452263 63
1783008544329 0.05586705882759655 64
1783008551154 0.056119501298549125 65
1783008557770 0.05745198584946932 66
1783008564347 0.05710494773937207 67
1783008570936 0.05086445633102866 68
1783008577712 0.05074958824643902 69
1783008584414 0.05114221967318479 70
1783008591166 0.053091545242304895 71
1783008597936 0.05338112023823401 72
1783008604850 0.05129280861686258 73
1783008611411 0.05313985970090417 74
1783008618148 0.05268678967567051 75
1783008624892 0.053775746521412156 76
1783008631490 0.0485903202903037 77
1783008638156 0.04755862970270362 78
1783008644739 0.04672234958293391 79
1783008651368 0.05982651510367207 80
