1781910551603 1.362239926815033 1
1781910608007 1.0448512682914735 2
1781910658981 0.7640873829126358 3
1781910709977 0.33186162519454954 4
1781910759231 0.22746513944864272 5
1781910808097 0.200962207198143 6
1781910857889 0.19246050778031348 7
1781910906617 0.18443655955791474 8
1781910957095 0.18040758922696112 9
1781911008901 0.1775967953503132 10
1781911060158 0.17534425047039987 11
1781911109293 0.17296410858631134 12
1781911157915 0.17053599590063095 13
1781911206691 0.16968709775805474 14
1781911258277 0.1683345103263855 15
1781911309417 0.1668583100438118 16
1781911358478 0.16534497067332268 17
1781911409799 0.1649053832292557 18
1781911459990 0.16419674652814864 19
1781911509055 0.16464197352528573 20
1781911558195 0.1617880710363388 21
1781911610911 0.16290750569105147 22
1781911664736 0.16018910637497902 23
1781911716171 0.15896597841382026 24
1781911771922 0.15888552752137183 25
1781911823952 0.15951617020368575 26
1781911874566 0.15839553636312484 27
1781911923608 0.1569827842414379 28
1781911972027 0.15870714482665063 29
1781912023464 0.15696377849578858 30
1781912082605 0.1593275348544121 31
1781912131354 0.15616374832391738 32
1781912182623 0.15574438229203225 33
1781912232058 0.15528569051623345 34
