1781762768056 1.2963120107650756 1
1781762819761 1.0369977297782897 2
1781762869330 1.0349495429992677 3
1781762921646 1.0169271121025085 4
1781762976637 0.9894077622890473 5
1781763028147 0.940253539800644 6
1781763077286 0.7941875712871551 7
1781763128142 0.7222780995368957 8
1781763188120 0.6921721959114074 9
1781763238148 0.6731331493854523 10
1781763290405 0.6587328522205352 11
1781763342258 0.6476920311450958 12
1781763392161 0.634791072845459 13
1781763441466 0.6248193361759186 14
1781763492784 0.6132240316867829 15
1781763542284 0.6046708111763001 16
1781763592503 0.5970111244916916 17
1781763642650 0.590357006072998 18
1781763694143 0.584092517733574 19
1781763745316 0.5766367108821869 20
1781763795341 0.5707110480070114 21
1781763845831 0.56323898935318 22
1781763897715 0.5568351324796676 23
1781763948037 0.5499359558820724 24
1781763997810 0.5447612226009368 25
1781764047690 0.5381450487375259 26
1781764097505 0.5325518722534179 27
1781764147599 0.5267088667154313 28
1781764196883 0.5233276753425599 29
1781764252203 0.5165952386856079 30
1781764303590 0.5115561281442642 31
1781764355755 0.50790260887146 32
1781764405704 0.5033208253383636 33
1781764454830 0.49892907571792605 34
1781764506072 0.49584221112728116 35
1781764555023 0.4924696173667908 36
1781764605771 0.4896178606748581 37
1781764654894 0.4874264600276947 38
1781764706238 0.4841678786277771 39
1781764755288 0.48055871295928954 40
1781764806704 0.47846021080017087 41
1781764858153 0.47514687466621397 42
1781764909977 0.47309248423576356 43
1781764959811 0.471041222691536 44
1781765011660 0.46897641813755037 45
1781765062682 0.4649780673980713 46
1781765112468 0.4642738324403763 47
1781765164414 0.4623857383728027 48
1781765214816 0.45965818417072296 49
1781765266952 0.45950872349739075 50
1781765318130 0.4560632776021957 51
1781765369195 0.45498595559597016 52
1781765418253 0.4538000771999359 53
1781765468594 0.45134362649917603 54
1781765517974 0.4483633590936661 55
1781765569605 0.44776225137710574 56
1781765618837 0.4465689262151718 57
1781765668612 0.4451718248128891 58
1781765718610 0.4426674718856812 59
1781765769655 0.4423373305797577 60
1781765824310 0.4412322368621826 61
1781765875643 0.43935336124897 62
1781765927317 0.4375734624862671 63
1781765979046 0.4364098300933838 64
1781766034272 0.4351815849542618 65
1781766085144 0.433678679227829 66
1781766139268 0.4315848045349121 67
1781766191007 0.43283021020889284 68
1781766242686 0.4310711131095886 69
1781766294750 0.4299852750301361 70
1781766346526 0.42869046676158906 71
1781766396359 0.4289475121498108 72
1781766445519 0.4267445862293243 73
1781766495843 0.4265631202459335 74
1781766544265 0.4255661647319794 75
1781766596070 0.4255990620851517 76
1781766646044 0.4233788595199585 77
1781766696202 0.42276086449623107 78
1781766746783 0.4217673455476761 79
1781766804946 0.4210186586380005 80
1781766854334 0.4221290017366409 81
1781766903271 0.4209599732160568 82
1781766953389 0.42063692331314084 83
1781767013664 0.41886711239814756 84
1781767064916 0.4183428337574005 85
1781767114560 0.418048291683197 86
1781767165015 0.4175501140356064 87
1781767216801 0.4183248610496521 88
1781767268281 0.4169179558753967 89
1781767319773 0.4152406324148178 90
1781767371791 0.41620688903331754 91
1781767424062 0.4156641263961792 92
1781767475569 0.413703342795372 93
1781767528020 0.4155418766736984 94
1781767579667 0.412490537405014 95
1781767630625 0.41183279252052307 96
1781767680320 0.41143906497955324 97
1781767728926 0.4114583896398544 98
1781767780216 0.4115308393239975 99
1781767833735 0.41175631642341615 100
