1783459286665 2.8757521530677534 1
1783459302292 2.671389028943818 2
1783459318167 2.480194905708576 3
1783459334104 2.3712351404387375 4
1783459349761 2.336227433434848 5
1783459365778 2.2447986438356597 6
1783459381917 2.079207288807836 7
1783459397938 1.969761087976653 8
1783459413763 1.9338857963167388 9
1783459429102 1.842988556828992 10
1783459445223 1.6821148354431679 11
1783459461703 1.579872879488715 12
1783459477389 1.5477959164257706 13
1783459493282 1.4753480245327126 14
1783459509430 1.3501404441636184 15
1783459525561 1.2745080857441342 16
1783459541102 1.2510012552655976 17
1783459556475 1.1990403389108593 18
1783459572349 1.1165744353984963 19
1783459588428 1.065636396408081 20
1783459603870 1.0493831182348317 21
1783459620156 1.0150627802158225 22
1783459636472 0.9591110821427971 23
1783459652293 0.9229692734521011 24
1783459668464 0.9097160203703518 25
1783459692333 0.8909337438386062 26
1783459709531 0.8551114078225761 27
1783459725452 0.8211853668607515 28
1783459741061 0.8101053484554949 29
1783459756891 0.7960443250064192 30
1783459772063 0.7758612345004904 31
1783459787544 0.7497621075860386 32
1783459806332 0.7393516055468855 33
1783459822093 0.7327808573328215 34
1783459838157 0.7155692248508848 35
1783459853794 0.692780457693955 36
1783459869700 0.6853759288787842 37
1783459885682 0.6795995708169609 38
1783459901494 0.6713171354655562 39
1783459917555 0.6463771154140604 40
1783459933316 0.6402470983307937 41
1783459949008 0.6337200752620039 42
1783459965661 0.6200102690992684 43
1783459981819 0.5970816838330236 44
1783459997805 0.5864878851791908 45
1783460013704 0.5900269417927183 46
1783460029531 0.5808021302880912 47
1783460045236 0.5609557381991682 48
1783460060851 0.5538690727332543 49
1783460076327 0.5556766596333734 50
1783460094169 0.558213355212376 51
1783460109895 0.539795931043296 52
1783460125519 0.5323933404067467 53
