1783011513568 2.4370693060067983 1
1783011518642 2.2753028869628906 2
1783011523103 2.170635828605065 3
1783011527778 2.108083431537335 4
1783011532583 2.0441966973818264 5
1783011537352 1.9982240841938899 6
1783011542057 1.9342939853668213 7
1783011546315 1.8647367037259615 8
1783011550812 1.799602719453665 9
1783011555508 1.7307942738899817 10
1783011560150 1.666548912341778 11
1783011565022 1.6005509724983802 12
1783011569729 1.5417137237695546 13
1783011574583 1.474737781744737 14
1783011579155 1.4116260271805983 15
1783011584268 1.3518687578348012 16
1783011588922 1.2989706718004668 17
1783011593476 1.244325408568749 18
1783011598200 1.190219255594107 19
1783011603781 1.1367282775732188 20
1783011613322 1.0942435906483576 21
1783011618478 1.0530984585101788 22
1783011623133 1.0154076447853675 23
1783011627690 0.9709678980020376 24
1783011632244 0.940411586027879 25
1783011636857 0.9057315312899076 26
1783011641530 0.8786753003413861 27
1783011645992 0.8545103210669297 28
1783011650685 0.8339605698218713 29
1783011655592 0.8091302422376779 30
1783011660254 0.7787580306713398 31
1783011664951 0.7469035478738638 32
1783011669224 0.7202143348180331 33
1783011673634 0.7125759904201214 34
1783011678179 0.714120470560514 35
1783011682907 0.6778423694463876 36
1783011687572 0.6530234859539912 37
1783011691885 0.6343820370160617 38
1783011696468 0.6137384038705093 39
1783011701073 0.5972718779857342 40
1783011705532 0.5815840134253869 41
1783011710022 0.569404620390672 42
1783011714317 0.5514917419506953 43
1783011718919 0.535830176793612 44
1783011723220 0.5322470389879667 45
1783011727764 0.5255662982280438 46
1783011732385 0.5169067772535177 47
1783011737152 0.5116078624358544 48
1783011741630 0.49817198285689723 49
1783011746471 0.48455642278377825 50
1783011751411 0.4777232293899243 51
1783011755917 0.4726828313790835 52
1783011760515 0.4649178867156689 53
1783011765087 0.4615234274130601 54
1783011769716 0.4959145119557014 55
1783011774513 0.4680288640352396 56
1783011779082 0.4689472959591792 57
1783011783852 0.44664815755990833 58
1783011788346 0.4459873896378737 59
1783011792858 0.428230514893165 60
1783011797271 0.43308144349318284 61
1783011802100 0.42308692519481367 62
1783011806860 0.4293322219298436 63
1783011811496 0.4441233231471135 64
1783011816254 0.4224172463783851 65
1783011820802 0.4200064562834226 66
1783011825465 0.4104438263636369 67
1783011829876 0.41279733410248387 68
1783011834348 0.40915488738280076 69
1783011839023 0.4053887656101814 70
1783011843679 0.4004552364349365 71
1783011848497 0.402741035589805 72
1783011853222 0.4002046309984647 73
1783011857780 0.3919743597507477 74
1783011862480 0.3977524752800281 75
1783011867276 0.3973635412179507 76
1783011871711 0.39256325593361485 77
1783011876585 0.3877843710092398 78
1783011881233 0.3848406947576083 79
1783011885845 0.38866791129112244 80
1783011890340 0.38864955535301793 81
1783011895112 0.3837060538622049 82
1783011899621 0.37706889097507185 83
1783011904064 0.3703726025728079 84
1783011908442 0.38611626625061035 85
1783011912822 0.38113502584970915 86
1783011917626 0.3839538601728586 87
1783011921923 0.38338735011907726 88
1783011926538 0.38704006717755246 89
1783011931748 0.38161926773878246 90
1783011936537 0.37428606702731204 91
1783011941511 0.3831236201983232 92
1783011945997 0.38571885228157043 93
1783011950380 0.37943605047005874 94
1783011954843 0.37639688757749706 95
1783011959467 0.3831471869578728 96
1783011963930 0.37643264119441694 97
1783011968618 0.3657119365838858 98
1783011973327 0.3586321816994594 99
