1782690695077 1.470017216422341 1
1782690709494 1.158693316307935 2
1782690723949 0.9686649617823687 3
1782690738504 0.8023710372773084 4
1782690753237 0.6671990440650419 5
1782690767552 0.5503591597080231 6
1782690781933 0.46074185452677985 7
1782690796430 0.3853590054945512 8
1782690810991 0.320534078234976 9
1782690825531 0.27125168016011064 10
1782690840007 0.22460863332856784 11
1782690854489 0.1936829232356765 12
1782690868893 0.16760443929921498 13
1782690883487 0.14677459170872514 14
1782690897848 0.13403862325305288 15
1782690912277 0.12393468686125496 16
1782690926736 0.11357689631933515 17
1782690941329 0.10645778578790752 18
1782690955506 0.101373147896745 19
1782690969878 0.09610137377272952 20
1782690984242 0.09408867223696275 21
1782690998645 0.08952539837495847 22
1782691013058 0.0867930061437867 23
1782691027436 0.08340303565968167 24
1782691042016 0.07914155941795219 25
1782691056168 0.07787426290186969 26
1782691070602 0.07617782699790868 27
1782691084992 0.07661108147691596 28
1782691099324 0.07345412688499148 29
1782691113784 0.0726569809696891 30
1782691128155 0.0710295776582577 31
1782691142535 0.06979475085708228 32
1782691157002 0.06837875108149918 33
1782691171450 0.06920359114354308 34
1782691185888 0.06761652747677131 35
1782691200378 0.0653982904993675 36
1782691214884 0.06486357934772968 37
1782691229326 0.06441391631960869 38
1782691243805 0.06356689046052369 39
1782691258228 0.0617530390789563 40
