1782667350272 2.518730805470393 1
1782667354867 2.395175035183246 2
1782667359131 2.3045855118678165 3
1782667363430 2.2325169306534987 4
1782667367882 2.173945977137639 5
1782667372403 2.1063015460968018 6
1782667376799 2.045996170777541 7
1782667381146 1.9817684705440815 8
1782667385518 1.913236874800462 9
1782667390209 1.8401089356495783 10
1782667394968 1.7753486449901874 11
1782667409163 1.6972291011076708 12
1782667414337 1.6290534459627593 13
1782667419155 1.5576517031742976 14
1782667423583 1.4785635379644542 15
1782667428197 1.4105290449582613 16
1782667432817 1.3577786225538988 17
1782667437126 1.2939947568453276 18
1782667441685 1.2343247945492084 19
1782667446467 1.1767600224568293 20
1782667451074 1.1303586868139415 21
1782667455670 1.0883968151532686 22
1782667460264 1.0477456404612615 23
1782667464769 1.0145650139221778 24
1782667469277 0.9796079443051264 25
1782667473860 0.9530315445019648 26
1782667478823 0.9273782464174124 27
1782667483439 0.9070754051208496 28
1782667488364 0.8865268505536593 29
1782667492765 0.8648898830780616 30
1782667497289 0.844072332749 31
1782667502059 0.8289903402328491 32
1782667506523 0.8183174500098596 33
1782667511059 0.7965565002881564 34
1782667515638 0.7792992866956271 35
1782667520144 0.7700088115838858 36
1782667524567 0.7599042974985563 37
1782667529387 0.7406412363052368 38
1782667534199 0.727921527165633 39
1782667538862 0.7166331777205834 40
1782667543690 0.7089635592240554 41
1782667548198 0.7015009843386136 42
1782667552979 0.6955718443943903 43
1782667557531 0.6872923328326299 44
1782667561984 0.6791003759090717 45
1782667566392 0.6708346697000357 46
1782667570814 0.6635235868967496 47
1782667575363 0.658544320326585 48
1782667580230 0.6461065228168781 49
1782667584791 0.6256900292176467 50
1782667589392 0.6193509835463303 51
1782667593934 0.6066040350840642 52
1782667598495 0.616247337598067 53
1782667603059 0.6217444447370676 54
1782667607957 0.5932808289161096 55
1782667612926 0.5673160644677969 56
1782667617435 0.5516938475462106 57
1782667621881 0.522807770050489 58
1782667626290 0.5190944419457362 59
1782667630854 0.5056330469938425 60
1782667635334 0.5043121897257291 61
1782667639579 0.49566690967633176 62
1782667644277 0.4959100851645836 63
1782667648854 0.488297884280865 64
1782667653559 0.48701217541327846 65
1782667658312 0.48038093401835513 66
1782667662978 0.47563990033589876 67
1782667667651 0.4693619677653679 68
1782667672284 0.4613540814473079 69
1782667676781 0.4611230309192951 70
1782667681242 0.45073580283385056 71
1782667685882 0.44974382107074445 72
1782667690506 0.4466341275435228 73
1782667695216 0.4413108986157637 74
1782667699873 0.4413709113231072 75
1782667704499 0.4387960938306955 76
1782667708962 0.4333424132603865 77
1782667713314 0.43547624808091384 78
1782667717992 0.43143418431282043 79
1782667722422 0.42963415613541234 80
1782667727026 0.4310962145145123 81
1782667732113 0.4193722949578212 82
1782667736804 0.4222510365339426 83
1782667741131 0.4200388605778034 84
1782667745767 0.42790117859840393 85
1782667750149 0.41479389942609346 86
1782667754710 0.426781388429495 87
1782667759127 0.4211821097594041 88
