1782668875307 1.3098666293948305 1
1782668882267 1.0547671902413462 2
1782668888958 0.8865858678724251 3
1782668895690 0.7533138043740216 4
1782668902514 0.6382825514849495 5
1782668909307 0.5442502814180711 6
1782668916072 0.4587029347232744 7
1782668922916 0.3942660461453831 8
1782668929566 0.3444388029622097 9
1782668936343 0.3118906371733722 10
1782668942915 0.28203748926228167 11
1782668949609 0.2596912471687092 12
1782668956376 0.2433580487382178 13
1782668963180 0.23311531806693359 14
1782668970051 0.21903705538487903 15
1782668977049 0.2097113620416791 16
1782668983817 0.20173249466746462 17
1782668990746 0.1948843890545415 18
1782668997583 0.19158892625687168 19
1782669004364 0.18303236832805708 20
1782669011245 0.18051201777130949 21
1782669018098 0.17279010222238653 22
1782669024854 0.17030567310604394 23
1782669031459 0.1698232927158767 24
1782669038263 0.16230416546265283 25
1782669045164 0.15893020407826292 26
1782669051967 0.15766164382883147 27
1782669058828 0.15944587483125575 28
1782669065597 0.15510748136861652 29
1782669072502 0.1538519616804871 30
1782669079359 0.14876995776213853 31
1782669086262 0.1474803110548094 32
1782669093012 0.1464293523162019 33
1782669099718 0.146738050030727 34
1782669106453 0.1431243739583913 35
1782669113243 0.14133562191444285 36
1782669120119 0.1370625322063764 37
1782669126979 0.13729502070768207 38
1782669133735 0.13652445419746287 39
1782669140539 0.13156424243660533 40
1782669147304 0.1334779537191578 41
1782669154038 0.1330208072767538 42
1782669160807 0.13060958362093159 43
1782669167619 0.13504520511510326 44
1782669174425 0.1274750634443526 45
1782669181238 0.12467777743643406 46
1782669188143 0.12515516564542173 47
1782669194892 0.12286435754275789 48
1782669201684 0.12174695321157866 49
1782669208505 0.12383207620358934 50
1782669215354 0.12375640679223865 51
1782669222090 0.1201060610074623 52
1782669228955 0.1186907398057919 53
1782669235666 0.11817936979088128 54
1782669242520 0.1166081998278113 55
1782669249284 0.11459735751736398 56
1782669256076 0.11617459371393803 57
1782669262879 0.11679695941069547 58
1782669269720 0.11666244093109579 59
1782669276638 0.11393306112172556 60
1782669283360 0.1128224850285287 61
1782669290162 0.11261814891123305 62
1782669297016 0.11180622510465921 63
1782669303894 0.11108766642271303 64
1782669310992 0.11295122171149534 65
1782669317807 0.11075294441452213 66
1782669324507 0.11011128931068907 67
1782669331495 0.10958509074122298 68
1782669338277 0.10841857378973681 69
1782669345005 0.10768226651000042 70
1782669351802 0.10668041323329888 71
1782669358636 0.10570393181314655 72
1782669365498 0.10418197410363778 73
1782669372233 0.10643426781775904 74
1782669378925 0.10381009254385443 75
1782669385575 0.10698234552846235 76
1782669392331 0.1106249567340402 77
1782669399163 0.10219058189906326 78
1782669405932 0.10227176605486403 79
1782669412628 0.10183296717849433 80
1782669419454 0.10028675154728048 81
1782669426171 0.10414489913804859 82
1782669432842 0.10895291525943607 83
1782669439582 0.09866914299188875 84
1782669446299 0.09873360453867445 85
1782669452974 0.09620506783910826 86
1782669459839 0.0990267045357648 87
1782669466438 0.10296554921888838 88
1782669473109 0.09811277775203481 89
1782669479746 0.10118062794208527 90
1782669486532 0.0990320344765981 91
