1781773395666 1.2176227436065674 1
1781773444793 1.035256950378418 2
1781773495252 1.0348755474090576 3
1781773544597 1.0344800410270691 4
1781773593174 1.0339630484580993 5
1781773643324 1.0317141175270081 6
1781773693224 0.983917174577713 7
1781773741583 0.8716946232318878 8
1781773791637 0.7773702719211578 9
1781773840346 0.7028308641910553 10
1781773888538 0.664332072019577 11
1781773938934 0.646333711862564 12
1781773999905 0.6332681467533111 13
1781774049025 0.6238613088130951 14
1781774100734 0.6194125928878784 15
1781774151251 0.614238713502884 16
1781774199826 0.6090252721309661 17
1781774250500 0.6057448587417602 18
1781774300096 0.6014811730384827 19
1781774350602 0.5971729164123535 20
1781774400257 0.5924852288961411 21
1781774449842 0.5889982951879501 22
1781774500378 0.5843913124799729 23
1781774553290 0.5802048827409745 24
1781774603985 0.5764884639978409 25
1781774656050 0.570379886507988 26
1781774707091 0.5659511857032776 27
1781774758822 0.5615947051048279 28
1781774810071 0.5573640034198761 29
1781774868488 0.55398075735569 30
1781774921309 0.5497111177444458 31
1781774974527 0.5453465440273285 32
1781775030303 0.5422729182243348 33
1781775080324 0.5383678619861603 34
1781775131116 0.5365087589025498 35
1781775204355 0.5335170494318009 36
1781775253012 0.5301447339057922 37
1781775303570 0.5276640137434006 38
1781775352053 0.5236383739709854 39
1781775404965 0.521543249964714 40
1781775453357 0.5189702763557434 41
1781775512550 0.5169056768417358 42
1781775575466 0.5145401085615158 43
1781775624116 0.5120856741666794 44
1781775674458 0.5097002800703049 45
1781775723561 0.5087263441085815 46
1781775774567 0.5066932828426362 47
1781775823296 0.5045301206111908 48
1781775872687 0.5030309274196625 49
1781775921889 0.5001994718313217 50
1781775972440 0.49931665492057803 51
1781776020720 0.4969487293958664 52
1781776069090 0.49622242379188536 53
1781776118812 0.4954696794748306 54
1781776186445 0.49362420761585235 55
1781776239323 0.49162146413326263 56
1781776301316 0.4901853880882263 57
1781776359331 0.4884425940513611 58
1781776410572 0.48703442251682283 59
1781776460907 0.4862381933927536 60
1781776511876 0.4866945468187332 61
1781776562462 0.48472247767448423 62
1781776612959 0.4850024220943451 63
1781776664827 0.4815405613183975 64
1781776714072 0.4801540172100067 65
1781776764470 0.4798290922641754 66
1781776814449 0.47850584554672243 67
1781776863451 0.47752054619789125 68
1781776915451 0.47628626477718355 69
1781776967783 0.4760561954975128 70
1781777017862 0.475413902759552 71
