1782606070612 2.7175975339166047 1
1782606087354 2.482667396808493 2
1782606102607 2.2909380731911493 3
1782606118262 2.092165260479368 4
1782606133988 1.8939811525673702 5
1782606149734 1.7051563427366059 6
1782606165820 1.5248448930937668 7
1782606181284 1.362988545976836 8
1782606197969 1.2320151534573784 9
1782606214228 1.127548361646718 10
1782606229871 1.043804250914475 11
1782606246015 0.9761038689777769 12
1782606262111 0.9197368662932823 13
1782606277680 0.8768055295122081 14
1782606293555 0.8335656112638014 15
1782606312968 0.7979706895762476 16
1782606328360 0.7643899650409304 17
1782606344464 0.7354010055805075 18
1782606360693 0.7139907191539633 19
1782606376712 0.6894744120795151 20
1782606392351 0.675049013104932 21
1782606408039 0.655343770980835 22
1782606423202 0.6337468603561665 23
1782606439046 0.6174585675371105 24
1782606455003 0.5969398720511074 25
1782606470357 0.5746504787741036 26
1782606485844 0.5596160354285404 27
1782606501323 0.5440100040929071 28
1782606517135 0.5369120918471237 29
1782606532577 0.5236949088244602 30
1782606548026 0.5143793687738222 31
1782606563863 0.5124617969167644 32
1782606579450 0.506099056580971 33
1782606595922 0.5040162472889341 34
1782606616374 0.49780270765567647 35
1782606631676 0.497236036021134 36
1782606647938 0.4890014077055043 37
1782606663166 0.48426190429720384 38
1782606678964 0.4815532123220378 39
1782606696747 0.4778562681428317 40
1782606712120 0.47785346055852956 41
1782606727717 0.48049953168836135 42
1782606745056 0.4769823304538069 43
1782606759902 0.4736009455960372 44
1782606775185 0.4692954123020172 45
1782606791444 0.47112509813801995 46
1782606806958 0.46719436193334646 47
1782606823211 0.462924056012055 48
1782606839315 0.462392121553421 49
1782606854784 0.46431412162451907 50
1782606871206 0.4648078094268667 51
1782606887175 0.46220567000323326 52
1782606904051 0.46239230653335306 53
