1782225414759 1.3208122491836547 1
1782225419064 1.0339851188659668 2
1782225423281 0.7964744353294373 3
1782225428195 0.7327134585380555 4
1782225432531 0.7189439272880555 5
1782225436636 0.697333641052246 6
1782225440905 0.6682529401779175 7
1782225444921 0.647971568107605 8
1782225448992 0.6425285458564758 9
1782225453119 0.6278569364547729 10
1782225457277 0.6006085252761841 11
1782225461361 0.5828348207473755 12
1782225465448 0.5750203311443329 13
1782225469750 0.5682975625991822 14
1782225473996 0.5462178087234497 15
1782225477927 0.5340002143383026 16
1782225482005 0.529375661611557 17
1782225486171 0.5300332796573639 18
1782225490414 0.5163027381896973 19
1782225494766 0.5048905491828919 20
1782225499152 0.4991489231586456 21
1782225503322 0.4985319113731384 22
1782225507359 0.49080453991889955 23
1782225511643 0.4834700846672058 24
1782225515777 0.47727739691734317 25
1782225520096 0.47289817929267886 26
1782225524306 0.46838923811912536 27
1782225528667 0.46227709531784056 28
1782225532825 0.45995728969573973 29
1782225537044 0.45751097679138186 30
1782225541216 0.4587356245517731 31
1782225545652 0.45011179566383364 32
1782225550495 0.44621492743492125 33
1782225554676 0.44554570913314817 34
1782225558699 0.44371683239936827 35
1782225562676 0.4370243906974792 36
1782225567029 0.43577505111694337 37
1782225571113 0.43870431542396543 38
1782225575023 0.4408016216754913 39
1782225579318 0.4312895917892456 40
1782225583702 0.4256527781486511 41
1782225588124 0.42629056811332705 42
1782225592151 0.4265569567680359 43
1782225596290 0.4205838441848755 44
1782225600546 0.4205715310573578 45
1782225604725 0.42101933479309084 46
1782225608884 0.4198147451877594 47
1782225613110 0.41428999066352845 48
1782225617284 0.41533324360847473 49
1782225621442 0.4234357488155365 50
1782225625607 0.426008415222168 51
1782225629602 0.4154794716835022 52
1782225633545 0.4073741543292999 53
1782225637598 0.4103089165687561 54
1782225642695 0.41170642137527463 55
1782225647342 0.4070965802669525 56
1782225656514 0.4043124771118164 57
1782225660680 0.4093245947360992 58
1782225665082 0.40619171023368833 59
1782225669115 0.40371896743774416 60
1782225673397 0.39830806136131286 61
1782225677557 0.3991414439678192 62
1782225681603 0.4041426563262939 63
1782225685844 0.3976899015903473 64
1782225690058 0.3946249234676361 65
1782225694246 0.3985565114021301 66
1782225698246 0.4014540505409241 67
1782225702440 0.39383002638816833 68
1782225706458 0.3922465491294861 69
1782225710544 0.39402196407318113 70
1782225714726 0.3928403997421265 71
1782225718884 0.3921010684967041 72
1782225723016 0.38762036442756653 73
1782225727017 0.3916517221927643 74
1782225730909 0.38892157435417174 75
1782225735099 0.3858854341506958 76
1782225739010 0.385091187953949 77
1782225743010 0.39010432720184324 78
1782225747081 0.38985185861587524 79
1782225751196 0.38837135672569273 80
1782225755497 0.3817996919155121 81
