1781275500457 1.2692978634834289 1
1781275561120 1.0408519954681397 2
1781275619010 1.0392246103286744 3
1781275678412 1.0381139888763429 4
1781275738660 1.0341698441505431 5
1781275796700 1.002316056728363 6
1781275874190 0.8583152284622192 7
1781275933008 0.8147749617099762 8
1781275995226 0.7780691139698028 9
1781276056701 0.7431539978981018 10
1781276122331 0.7027312610149383 11
1781276186961 0.6772365837097168 12
1781276251697 0.6613361330032349 13
1781276318269 0.6490213351249695 14
1781276377089 0.6395631320476532 15
1781276441700 0.6272482860088349 16
1781276508200 0.617476243019104 17
1781276576789 0.6090756884813309 18
1781276636515 0.6000893050432206 19
1781276699931 0.5933975398540496 20
1781276766195 0.5863088035583496 21
1781276830802 0.5814349620342255 22
1781276896435 0.575600226521492 23
1781276965108 0.5726754311323166 24
1781277027838 0.5673641775846481 25
1781277093712 0.5631187623739242 26
1781277160755 0.5585301675796509 27
1781277224562 0.5543663116693497 28
1781277284645 0.551306199669838 29
1781277352030 0.5458653506040573 30
1781277418268 0.5439399480819702 31
1781277482018 0.5393146425485611 32
1781277546922 0.5355753637552262 33
1781277609352 0.5334114094972611 34
1781277673830 0.528846337556839 35
1781277738500 0.5249356955289841 36
1781277802925 0.5215081499814987 37
1781277869243 0.5198506153821946 38
1781277931963 0.5163441627025604 39
1781277993265 0.5140617295503617 40
1781278052862 0.5115670043230057 41
1781278113273 0.5077727196216584 42
1781278181054 0.5052392715215683 43
1781278245013 0.5041723083257675 44
1781278304897 0.5014949790239334 45
1781278372990 0.4986955499649048 46
1781278440132 0.49658590674400327 47
1781278501978 0.4942258355617523 48
1781278564298 0.49173469364643096 49
1781278640542 0.4901848547458649 50
1781278703951 0.48905250799655914 51
1781278766139 0.4876311454772949 52
1781278833534 0.4844209859371185 53
1781278898518 0.48242488181591037 54
1781278962730 0.48137870359420776 55
1781279027691 0.4800681092739105 56
1781279100477 0.47792442309856414 57
1781279164060 0.4756153684854507 58
1781279234892 0.47465997529029846 59
1781279303943 0.4742374233007431 60
1781279366849 0.4720069954395294 61
1781279430398 0.4709119565486908 62
1781279493121 0.47015244138240814 63
1781279560598 0.46715954768657686 64
1781279625757 0.4657345290184021 65
1781279685639 0.46529514336586 66
1781279751145 0.46375748598575595 67
1781279815507 0.4630051692724228 68
1781279879170 0.4616714516878128 69
1781279945690 0.4598250482082367 70
1781280011256 0.45763419711589814 71
1781280074638 0.45772721564769747 72
1781280141736 0.4553030723333359 73
1781280206763 0.45612398648262026 74
1781280272946 0.4534120328426361 75
1781280337298 0.45331989812850954 76
1781280402168 0.45186464762687684 77
1781280469459 0.4526043916940689 78
1781280536260 0.45057566750049594 79
1781280597140 0.44900873374938965 80
1781280658832 0.44831253337860105 81
1781280721885 0.44876250982284543 82
1781280789719 0.44738981711864473 83
1781280852842 0.4470255002975464 84
