1782395413951 1.489693946838379 1
1782395418713 1.412147879600525 2
1782395423271 1.3424587965011596 3
1782395427834 1.2767679977416992 4
1782395432455 1.2127995634078979 5
1782395437017 1.1507741975784302 6
1782395441615 1.0902408075332641 7
1782395446188 1.028799078464508 8
1782395450779 0.9706182169914246 9
1782395455311 0.9110772848129273 10
1782395459863 0.8548011112213135 11
1782395464378 0.7996254229545593 12
1782395468830 0.7449962258338928 13
1782395473394 0.692930612564087 14
1782395477851 0.6416252136230469 15
1782395485875 0.5958074235916138 16
1782395490363 0.5529662370681763 17
1782395494744 0.5204126238822937 18
1782395499212 0.47988749504089356 19
1782395507968 0.4455844056606293 20
1782395512353 0.41675765872001647 21
1782395516865 0.39000115156173704 22
1782395521403 0.3697634255886078 23
1782395526113 0.35089627027511594 24
1782395530942 0.3348832416534424 25
1782395535472 0.3230529397726059 26
1782395540133 0.3140336751937866 27
1782395544652 0.3026361155509949 28
1782395549230 0.29806249260902407 29
1782395553916 0.2924363714456558 30
1782395558544 0.2812044143676758 31
