1782082920822 1.7437429714202881 1
1782082924925 1.3316809988021852 2
1782082931672 0.5254376411437989 3
1782082935782 0.42115602850914 4
1782082939969 0.40072569966316224 5
1782082944129 0.3848399317264557 6
1782082948203 0.36188744187355043 7
1782082952343 0.32411639630794525 8
1782082956498 0.313009929060936 9
1782082960652 0.3208011144399643 10
1782082964742 0.3033823484182358 11
1782082968811 0.28670400321483613 12
1782082972963 0.28579518079757693 13
1782082977118 0.2837561875581741 14
1782082981266 0.2862998503446579 15
1782082985378 0.27005050480365755 16
1782082989506 0.26440031111240386 17
1782082993589 0.26701674699783323 18
1782082997649 0.284230854511261 19
1782083001735 0.26057045578956606 20
1782083005839 0.25718156576156614 21
1782083009963 0.26101868152618407 22
1782083014033 0.2626930510997772 23
1782083018130 0.2552689629793167 24
1782083022221 0.24834284245967864 25
1782083026297 0.2674653792381287 26
