1782595876320 1.3519768714904785 1
1782595878386 1.239324322113624 2
1782595880388 1.1946062399790838 3
1782595882976 1.1531423513705914 4
1782595885503 1.1178017487892737 5
1782595887475 1.0842037109228282 6
1782595889521 1.0615653808300312 7
1782595891504 1.0362179554425752 8
1782595893522 1.011331333563878 9
1782595895538 0.9853370373065655 10
1782595897535 0.9636178475159866 11
1782595899556 0.9397727067653949 12
1782595901564 0.9158257704514724 13
1782595903566 0.8929838584019587 14
1782595905581 0.8799688036625202 15
1782595907591 0.8660133205927335 16
1782595909610 0.8435816306334275 17
1782595911599 0.820381577198322 18
1782595913623 0.8016410653407757 19
1782595915666 0.788502743610969 20
1782595917671 0.7800261882635263 21
1782595919665 0.7750033323581402 22
