1782654045853 1.6574018716812133 1
1782654046995 1.4931263208389283 2
1782654048185 1.4366453170776368 3
1782654049393 1.3885751008987426 4
1782654050518 1.354517149925232 5
1782654051694 1.3120846033096314 6
1782654052829 1.2783501386642455 7
1782654054002 1.2539599180221557 8
1782654055142 1.2183842182159423 9
1782654056288 1.1918130397796631 10
1782654057481 1.1619788646697997 11
1782654058670 1.1396981477737427 12
1782654059838 1.1134033203125 13
1782654061039 1.0927442550659179 14
1782654062200 1.0649169921875 15
1782654063372 1.0358957529067994 16
1782654064559 1.0018819332122804 17
1782654065754 0.9745720982551574 18
1782654066952 0.9499853134155274 19
1782654068153 0.9370788216590882 20
1782654069316 0.9038976907730103 21
1782654070490 0.8715244412422181 22
1782654071595 0.8524096608161926 23
1782654072762 0.8285551071166992 24
1782654073888 0.8054011344909668 25
1782654075047 0.772609531879425 26
1782654076198 0.7629448890686035 27
1782654077335 0.7435422539710999 28
1782654078544 0.7239267468452454 29
1782654079662 0.7082126379013062 30
1782654080803 0.6872614860534668 31
1782654082001 0.6629223227500916 32
1782654083122 0.6447487115859986 33
1782654084393 0.6178223252296448 34
1782654085600 0.6084932208061218 35
1782654086766 0.5863682150840759 36
1782654087991 0.5609927535057068 37
1782654089185 0.5419639945030212 38
1782654090438 0.5362664937973023 39
1782654091650 0.5195079922676087 40
1782654092876 0.4921920597553253 41
1782654094053 0.49719312191009524 42
1782654095250 0.4689186215400696 43
1782654096429 0.46505019068717957 44
1782654097613 0.4428868889808655 45
1782654098823 0.42859489321708677 46
1782654099989 0.4131036102771759 47
1782654101159 0.39831353425979615 48
1782654102343 0.38157716393470764 49
1782654103584 0.37027745842933657 50
1782654104739 0.3621109962463379 51
1782654105900 0.35141409039497373 52
1782654107084 0.37692517042160034 53
1782654108251 0.3835391879081726 54
1782654109444 0.3760428547859192 55
1782654110657 0.3652161657810211 56
