1781268055472 1.0833366341590882 1
1781268139070 0.527863298535347 2
1781268189471 0.37900155091285703 3
1781268242305 0.32438440001010893 4
1781268302759 0.2965895354151726 5
1781268354342 0.27930470764636994 6
1781268406536 0.2584497377872467 7
1781268479411 0.2770312201976776 8
1781268532323 0.2385657343864441 9
1781268583735 0.23172991704940796 10
1781268636143 0.2221197798848152 11
1781268687202 0.2193893844485283 12
1781268739136 0.22165027517080307 13
1781268795016 0.21241260254383088 14
1781268857256 0.20763863736391067 15
1781268911475 0.20576150131225585 16
1781268964987 0.20440965369343758 17
1781269019829 0.20018325266242026 18
1781269076258 0.2003301146030426 19
1781269135418 0.19884421923756598 20
1781269189796 0.1952146860063076 21
1781269243227 0.19199959486722945 22
1781269299389 0.19042580166459083 23
1781269358952 0.19122228303551675 24
1781269414212 0.1895344178378582 25
1781269469616 0.18885964101552963 26
1781269525340 0.18546233329176903 27
1781269579075 0.18360593935847283 28
1781269635292 0.1859066980779171 29
1781269690999 0.1859074184000492 30
1781269748388 0.19880443200469017 31
1781269802085 0.2638898410499096 32
1781269853370 0.2063437577188015 33
1781269910810 0.18974197936058043 34
