1781261975897 0.9916023670434951 1
1781262042223 0.46184283888339994 2
1781262109087 0.3534283004403114 3
1781262168639 0.30479617649316787 4
1781262227143 0.2727540996670723 5
1781262287609 0.2558545813560486 6
1781262346590 0.24445190298557282 7
1781262405456 0.23162142318487167 8
1781262466996 0.22091563671827316 9
1781262528210 0.214471087038517 10
1781262589431 0.21018380069732667 11
1781262648483 0.2045677125453949 12
1781262706856 0.20501646426320075 13
1781262765904 0.20064534038305282 14
1781262828414 0.1933009780049324 15
1781262890289 0.1954248294532299 16
1781262951468 0.18696475782990454 17
1781263010129 0.18881017529964447 18
1781263074356 0.18742190650105475 19
1781263138316 0.18464624038338662 20
1781263203048 0.18730523577332497 21
1781263267610 0.17970494601130485 22
1781263327835 0.18095723694562912 23
1781263386833 0.17778252664208413 24
1781263449209 0.18058098021149635 25
1781263510718 0.17332758751511573 26
1781263571625 0.1749442446231842 27
1781263631931 0.1702489102780819 28
1781263692730 0.17103330355882645 29
1781263754447 0.17243913871049882 30
1781263809779 0.16852131125330924 31
1781263866762 0.16842625248432158 32
1781263926539 0.16722510004043578 33
1781263982810 0.1669005618095398 34
1781264037507 0.16448256894946098 35
1781264094403 0.16458669772744178 36
1781264150848 0.193601255774498 37
1781264204888 0.19190216141939162 38
1781264257105 0.16418335404992104 39
1781264312544 0.15955861473083496 40
1781264368112 0.15870643600821496 41
1781264421100 0.15687110203504562 42
1781264475540 0.15952649694681167 43
1781264532876 0.18523668977618218 44
1781264591062 0.1807288472056389 45
1781264646062 0.16609319216012955 46
1781264707511 0.16981912845373154 47
1781264766377 0.1727402656674385 48
1781264823325 0.14788729405403137 49
1781264881992 0.14618570202589035 50
1781264945785 0.16487385031580926 51
1781265004681 0.14696122765541075 52
1781265064549 0.16203000482916832 53
1781265121346 0.1494278109073639 54
1781265180438 0.13988828983902932 55
1781265238607 0.16208251202106475 56
1781265296894 0.1682046830058098 57
1781265356078 0.16336193779110908 58
1781265417555 0.14235160410404205 59
1781265479469 0.12868008327484132 60
1781265539196 0.13515717485547066 61
1781265601315 0.13908732748031616 62
1781265661314 0.14140655252337456 63
1781265723195 0.13463184252381324 64
1781265781098 0.16048917892575265 65
1781265842059 0.13345845541357995 66
1781265901501 0.1371054052710533 67
