1782645001161 2.1140322387218475 1
1782645008501 1.9814738134543102 2
1782645016156 1.8855343461036682 3
1782645023683 1.8063778579235077 4
1782645031605 1.7263410141070683 5
1782645039238 1.6369424213965733 6
1782645046583 1.5398194591204326 7
1782645053989 1.4375466952721279 8
1782645061429 1.336522142092387 9
1782645069719 1.2373827050129573 10
1782645077683 1.1431471407413483 11
1782645085350 1.0459916144609451 12
1782645093245 0.9608287115891775 13
1782645100736 0.8866887340943018 14
1782645108500 0.8221341768900553 15
1782645116418 0.7654535000522932 16
1782645124160 0.6978708902994791 17
1782645132268 0.639584963520368 18
1782645140332 0.5898423343896866 19
1782645148346 0.5399075150489807 20
1782645158817 0.4916837339599927 21
1782645167124 0.4524584636092186 22
1782645174949 0.4220250758032004 23
1782645182689 0.3900170127550761 24
1782645191341 0.35653162250916165 25
1782645201178 0.336249607304732 26
1782645209684 0.3144754221041997 27
1782645217136 0.30126875390609104 28
1782645225365 0.28472499921917915 29
1782645233148 0.26754721999168396 30
1782645240653 0.2590449669708808 31
1782645248299 0.2508172250042359 32
1782645256067 0.24059616588056087 33
1782645264160 0.2308822087943554 34
1782645271715 0.2292322851717472 35
1782645279276 0.2229559998959303 36
1782645287606 0.21157277065018812 37
1782645295181 0.21169915422797203 38
1782645302929 0.20544029461840788 39
1782645310293 0.20378662956257662 40
1782645323047 0.19923376416166624 41
1782645330391 0.19276680052280426 42
1782645337645 0.19185436144471169 43
1782645345671 0.19612464929620424 44
1782645353187 0.19004631663362184 45
1782645360710 0.18326595487693945 46
1782645368874 0.17982329862813154 47
1782645376959 0.17880776152014732 48
1782645385448 0.18036075060566267 49
1782645393059 0.1753656417131424 50
1782645400798 0.17201782017946243 51
1782645408992 0.1722409843156735 52
1782645416826 0.17068896566828093 53
1782645424432 0.16864273200432459 54
1782645432086 0.179732666661342 55
1782645439574 0.1669854453454415 56
1782645446848 0.16324985461930433 57
1782645454960 0.1639669785896937 58
1782645463256 0.16116759863992533 59
1782645471078 0.16060659227271876 60
1782645478876 0.15973306633532047 61
1782645486253 0.1557692401111126 62
1782645494095 0.15802622182915607 63
1782645502374 0.1556113182256619 64
1782645510057 0.15402975833664337 65
1782645517607 0.15487436981250843 66
1782645524956 0.1588361964871486 67
1782645534098 0.15584425379832587 68
1782645541584 0.15842928364872932 69
1782645549727 0.1532272050778071 70
1782645557265 0.15035625050465265 71
1782645564864 0.1562643110131224 72
1782645572277 0.15074764688809714 73
1782645580376 0.1512971998502811 74
1782645588165 0.1510740083952745 75
1782645595862 0.14706026762723923 76
1782645603105 0.1461364651719729 77
1782645610945 0.14648119267076254 78
1782645619216 0.1433037631213665 79
1782645626473 0.14459190455575785 80
1782645634674 0.14648560310403505 81
1782645643654 0.14782286311189333 82
1782645651636 0.14613903562227884 83
1782645660011 0.14346028150369725 84
1782645831154 0.14406524195025364 85
1782645839858 0.14340755126128593 86
1782645848016 0.14201681284854809 87
1782645856307 0.14009272307157516 88
