1783496110293 2.1035119891166687 1
1783496118105 1.9505714426438014 2
1783496126163 1.841734339793523 3
1783496134183 1.7248635441064835 4
1783496142191 1.599192018310229 5
1783496150807 1.4781790723403294 6
1783496158638 1.362601175904274 7
1783496166666 1.248831535379092 8
1783496174738 1.1435473412275314 9
1783496183009 1.0466627354423206 10
1783496190540 0.9607736219962438 11
1783496198715 0.8819281036655108 12
1783496206817 0.8068313921491305 13
1783496215070 0.7445016180475553 14
1783496223077 0.682913564145565 15
1783496231012 0.6254852016766866 16
1783496238939 0.5688614174723625 17
1783496247299 0.5192444697022438 18
1783496255854 0.47113504260778427 19
1783496264142 0.42672153065601987 20
1783496272485 0.3878963974614938 21
1783496280725 0.3565410462518533 22
1783496289222 0.3248564104239146 23
1783496297433 0.29620522633194923 24
1783496305369 0.27306573651731014 25
1783496313153 0.2533432145913442 26
1783496321597 0.2362329096843799 27
1783496328815 0.2230917476117611 28
1783496336389 0.2122827097773552 29
1783496344331 0.2044017519801855 30
1783496352362 0.19651314616203308 31
1783496360340 0.18829023155073324 32
1783496367712 0.17702819593250751 33
1783496375424 0.17208966240286827 34
1783496382849 0.16524697343508402 35
1783496390944 0.1615063827484846 36
1783496399074 0.16124745085835457 37
1783496407127 0.15652556034425893 38
1783496414549 0.15174915082752705 39
1783496422652 0.14613399654626846 40
1783496430431 0.14359251906474432 41
1783496437977 0.1394798414160808 42
1783496446418 0.13781662875165543 43
1783496454197 0.13546976633369923 44
1783496461500 0.13359690830111504 45
1783496469417 0.13742147075633207 46
1783496478017 0.13209316755334535 47
1783496485695 0.12732412107288837 48
1783496493982 0.12545791051040092 49
1783496501651 0.12298406474292278 50
1783496509803 0.12274228564153115 51
1783496518345 0.12233962398022413 52
1783496526300 0.11819111121197541 53
1783496533813 0.11748111092795928 54
1783496542068 0.11690131016075611 55
1783496550411 0.1161680022875468 56
1783496558509 0.11403293535113335 57
1783496565897 0.11285099325080712 58
1783496573706 0.11217357000956933 59
1783496581291 0.11168820193658273 60
