1782732457098 1.4590653032064438 1
1782732460117 1.3431885689496994 2
1782732463136 1.304332435131073 3
1782732466116 1.2787698358297348 4
1782732469084 1.2427018582820892 5
1782732472111 1.2222004383802414 6
1782732475137 1.1967499554157257 7
1782732478178 1.181575432419777 8
1782732481244 1.1479262709617615 9
1782732484219 1.1216129958629608 10
1782732487200 1.1068509221076965 11
1782732490148 1.0850350707769394 12
1782732493178 1.0797462165355682 13
1782732496178 1.0471133440732956 14
1782732499155 1.0354810804128647 15
1782732502085 1.0070089176297188 16
1782732505058 0.994393028318882 17
1782732508063 0.962586984038353 18
1782732511023 0.948549173772335 19
1782732514002 0.9241111874580383 20
1782732516994 0.9197032377123833 21
1782732520063 0.8997552990913391 22
1782732523045 0.8674461394548416 23
1782732526076 0.8532177433371544 24
1782732529080 0.8399252966046333 25
1782732532043 0.8229556605219841 26
1782732535020 0.7986819371581078 27
1782732538023 0.7773832008242607 28
1782732540992 0.7545516565442085 29
1782732543977 0.7381719127297401 30
1782732546990 0.7181043773889542 31
1782732550017 0.7024337723851204 32
1782732553029 0.6838121712207794 33
1782732556041 0.6706243976950645 34
1782732559020 0.6623150259256363 35
1782732561944 0.6397701278328896 36
1782732564944 0.6183500811457634 37
1782732567904 0.6074851676821709 38
1782732570975 0.6014958247542381 39
1782732574019 0.5789463520050049 40
1782732577074 0.5549829266965389 41
1782732580083 0.5395431667566299 42
1782732583073 0.5299243256449699 43
1782732586048 0.5115847326815128 44
1782732589023 0.49613260477781296 45
1782732592012 0.47736813873052597 46
1782732595039 0.46759456023573875 47
1782732598045 0.4545164108276367 48
1782732600995 0.44459693878889084 49
1782732606144 0.43226364254951477 50
1782732609170 0.4254405163228512 51
1782732612103 0.41674940660595894 52
1782732615042 0.40308377891778946 53
1782732618036 0.3803586848080158 54
1782732620999 0.3733360655605793 55
1782732624009 0.36995804682374 56
1782732627012 0.3469865694642067 57
1782732629975 0.33985376730561256 58
1782732632908 0.3327021300792694 59
1782732636515 0.32794734463095665 60
1782732639521 0.3113237340003252 61
1782732642528 0.30791741609573364 62
1782732645545 0.30398909747600555 63
1782732648516 0.2952053099870682 64
1782732651470 0.28975000604987144 65
1782732654449 0.2784217968583107 66
1782732657393 0.2720742002129555 67
1782732660398 0.2819815166294575 68
1782732663351 0.2626520413905382 69
1782732666343 0.26430910639464855 70
1782732669269 0.25763554126024246 71
1782732672281 0.24932166934013367 72
1782732675303 0.24158113449811935 73
1782732678280 0.23512784391641617 74
1782732681272 0.2344844900071621 75
1782732684237 0.22943377681076527 76
1782732687178 0.22526775114238262 77
1782732690153 0.22156338766217232 78
1782732694431 0.22008231841027737 79
1782732697432 0.2131123449653387 80
1782732700417 0.21193664707243443 81
1782732703366 0.21456491015851498 82
1782732706363 0.21518075093626976 83
1782732709331 0.20745779015123844 84
1782732712273 0.20630059763789177 85
1782732715228 0.2114996425807476 86
1782732718202 0.19878828525543213 87
1782732721216 0.1996670365333557 88
1782732724219 0.2026225235313177 89
1782732727226 0.19324025884270668 90
