1782651448777 1.0847948871406854 1
1782651455410 0.822658500250648 2
1782651461888 0.6763110815310011 3
1782651468277 0.5589384132740545 4
1782651474674 0.4476944202301549 5
1782651481261 0.3708725700191423 6
1782651487907 0.3058387128745808 7
1782651494534 0.25563842554887134 8
1782651501006 0.221920404364081 9
1782651507726 0.19633383435361526 10
1782651514274 0.1685229420077567 11
1782651520760 0.1569264922656265 12
1782651527480 0.15660837614068798 13
1782651534058 0.14022926504121108 14
1782651540662 0.12897997627071306 15
1782651547195 0.12039821215120017 16
1782651553709 0.11644244237857707 17
1782651560251 0.10899341033369887 18
1782651566639 0.10664298546080496 19
1782651573174 0.10881792447146248 20
1782651579562 0.09876308721654556 21
1782651586082 0.09338574169897566 22
1782651592604 0.09175391115394294 23
1782651599239 0.08941186263280756 24
1782651610131 0.08951953871577394 25
1782651616614 0.08452419425342597 26
1782651623104 0.08549010519887887 27
1782651629511 0.0934853556693769 28
1782651635908 0.08469711916119445 29
1782651642380 0.0841631696504705 30
1782651648796 0.07496661451809547 31
1782651655412 0.07872318344957688 32
1782651661949 0.07211839853256356 33
1782651668660 0.07376047859297079 34
1782651675257 0.07095648355635942 35
1782651681761 0.07155874904756453 36
1782651688416 0.06814425986479311 37
1782651695089 0.07502349509912379 38
1782651701694 0.06916830973590121 39
1782651708322 0.06331463800925835 40
1782651714835 0.06581877471477378 41
1782651721364 0.06809410861894197 42
1782651727746 0.06598948314785957 43
1782651734184 0.06757264584302902 44
1782651740696 0.0614546883632155 45
1782651747263 0.06374366734834279 46
1782651753782 0.06328812562951855 47
1782651760186 0.06055230223665051 48
1782651766757 0.06116826101845386 49
1782651773388 0.06079935530821482 50
