1779381928607 1.040857479095459 1
1779381985653 0.3209597152173519 2
1779382036570 0.2130341636389494 3
1779382087517 0.19155489592254163 4
1779382138759 0.1840935638397932 5
1779382190018 0.17891278544068337 6
1779382240573 0.17580934266746046 7
1779382290183 0.17336648546159267 8
1779382340208 0.16905740395188332 9
1779382391238 0.1674801886230707 10
1779382444523 0.1665468353778124 11
1779382497535 0.16660365860164167 12
1779382548572 0.16383500689268113 13
1779382599453 0.16205010962486266 14
1779382651121 0.1587878235131502 15
1779382702085 0.15747435875236987 16
1779382752979 0.15830953553318977 17
1779382809835 0.15725395825505256 18
1779382860861 0.1555922986343503 19
1779382912433 0.15639588844776153 20
