1783498822421 1.5369659513235092 1
1783498824088 1.392030194401741 2
1783498825723 1.3523043245077133 3
1783498827317 1.3122821152210236 4
1783498828935 1.301439255475998 5
1783498830608 1.281966656446457 6
1783498832226 1.2502180188894272 7
1783498833874 1.2288712561130524 8
1783498835530 1.2059959769248962 9
1783498837165 1.2025595605373383 10
1783498838796 1.1877144873142242 11
1783498840403 1.1541981399059296 12
1783498842091 1.1492638289928436 13
1783498843675 1.127552181482315 14
1783498845338 1.1146510392427444 15
1783498846927 1.0952210128307343 16
1783498848577 1.0722629204392433 17
1783498850221 1.06599523127079 18
1783498851879 1.0753969475626945 19
1783498853489 1.0353182256221771 20
1783498855103 1.020039513707161 21
1783498856669 1.0011801347136497 22
1783498858288 0.9822505712509155 23
1783498859909 0.9737191423773766 24
1783498861544 0.9522253945469856 25
1783498863143 0.9497138410806656 26
1783498864835 0.9240160062909126 27
1783498866472 0.9017796963453293 28
1783498868138 0.8866034522652626 29
1783498869797 0.8767717257142067 30
1783498871418 0.8474757894873619 31
1783498873027 0.8411336913704872 32
1783498874603 0.8285825327038765 33
1783498876252 0.815334789454937 34
1783498877916 0.7915120124816895 35
1783498879568 0.7921203076839447 36
1783498881164 0.7597977668046951 37
1783498882830 0.7564354091882706 38
1783498884459 0.7353123426437378 39
1783498886037 0.7353516891598701 40
1783498887658 0.720750480890274 41
1783498889304 0.7012987956404686 42
1783498890968 0.7155643403530121 43
1783498892625 0.6761256977915764 44
1783498894298 0.6570091843605042 45
1783498895910 0.6413106396794319 46
1783498897533 0.6315834745764732 47
1783498899192 0.6132521331310272 48
1783498900877 0.607370413839817 49
1783498902500 0.5927456393837929 50
1783498904128 0.579640120267868 51
1783498905791 0.5729926899075508 52
1783498907461 0.5643121972680092 53
1783498909069 0.5552250295877457 54
1783498910709 0.5376237332820892 55
1783498912334 0.5418685600161552 56
1783498913952 0.5138944312930107 57
1783498915595 0.5024860203266144 58
1783498917253 0.4849887639284134 59
1783498918882 0.4802371859550476 60
1783498920488 0.47013866528868675 61
1783498922122 0.4648870378732681 62
1783498923742 0.449961606413126 63
1783498925390 0.44146544858813286 64
1783498927029 0.43218423426151276 65
1783498928652 0.4313543178141117 66
1783498930283 0.4168472997844219 67
1783498931921 0.4054919146001339 68
1783498933524 0.39402929693460464 69
1783498935144 0.3918769285082817 70
1783498936777 0.3744513876736164 71
1783498938397 0.365174975246191 72
1783498940020 0.3521607592701912 73
1783498941634 0.3510918840765953 74
1783498943271 0.342195812612772 75
1783498944885 0.3277641385793686 76
