1776970695957 1.4689949402809144 1
1776970793580 1.0851462278366089 2
1776977210827 0.7932093842029572 3
1776980609803 0.36703447419404983 4
1776980706539 0.2570298511683941 5
1776980803597 0.22980572873353958 6
1776980900843 0.22082802292704581 7
1776980998201 0.21229986488819122 8
1776981095606 0.2078261978328228 9
1776981193071 0.20329486978054045 10
1776981290541 0.20026622372865677 11
1776981388044 0.1981520989537239 12
1776981485605 0.19506891161203385 13
1776981583261 0.19291488954424857 14
1776981680882 0.18941323471069335 15
