1782651771727 2.4893540419065037 1
1782651776964 2.3440980361058164 2
1782651782020 2.2504016069265513 3
1782651787206 2.1692995658287635 4
1782651792594 2.0902771949768066 5
1782651797474 2.0203746282137356 6
1782651803346 1.941825848359328 7
1782651808709 1.8599597674149733 8
1782651813829 1.7781279637263372 9
1782651818783 1.688050701067998 10
1782651824117 1.6224012008080115 11
1782651829472 1.5343123582693248 12
1782651839184 1.4518630046110887 13
1782651844111 1.3789603893573468 14
1782651849430 1.3113802029536321 15
1782651854451 1.2474539279937744 16
1782651859420 1.1878768389041607 17
1782651864382 1.1290322908988366 18
1782651869460 1.0787634115952711 19
1782651874626 1.0277523260850172 20
1782651879123 0.9800297755461472 21
1782651884537 0.944785150197836 22
1782651889412 0.9176342533184931 23
1782651894333 0.8798251931483929 24
1782651899305 0.8510079521399277 25
1782651904729 0.8217199261371906 26
1782651910205 0.7878316640853882 27
1782651914972 0.7577875577486478 28
1782651919817 0.7400358181733352 29
1782651924758 0.7114894802753742 30
1782651929642 0.6853231145785406 31
1782651934840 0.6613866549271804 32
1782651939515 0.6403077153059152 33
1782651944875 0.6352907144106351 34
1782651949901 0.6145942348700303 35
1782651955153 0.5944585158274724 36
1782651960440 0.581875897370852 37
1782651965102 0.5646237043234018 38
1782651970501 0.555004174892719 39
1782651975627 0.5469721555709839 40
1782651980820 0.5306269205533541 41
1782651986172 0.514523215018786 42
1782651991066 0.5119011814777668 43
1782651995901 0.4929614456800314 44
1782652001022 0.48908440883343035 45
1782652005978 0.47779913590504575 46
1782652010898 0.47053330678206223 47
1782652015988 0.467689002935703 48
1782652021116 0.46944276415384734 49
1782652025979 0.45963332056999207 50
1782652031053 0.4547296854165884 51
1782652037649 0.4430642884511214 52
1782652043965 0.43276289793161243 53
1782652049909 0.43374518018502456 54
1782652055650 0.43895315665465134 55
1782652060998 0.4314622695629413 56
1782652066295 0.42500975269537705 57
1782652071446 0.41760499660785383 58
1782652076969 0.42055678826112014 59
1782652082115 0.4094098668832045 60
1782652087390 0.4095044411145724 61
1782652092872 0.4074573814868927 62
1782652098622 0.4102001694532541 63
1782652103638 0.41035755093281084 64
1782652108505 0.43037260266450733 65
1782652114169 0.4182543341930096 66
