1782072903064 1.2230851955413817 1
1782072964427 1.038654740333557 2
1782073024841 1.0378921408653259 3
1782073090487 1.0370319929122924 4
1782073147755 0.9834189143180847 5
1782073214592 0.9036309051513672 6
1782073273798 0.8442412464618683 7
1782073353092 0.7524981775283813 8
1782073410986 0.6759689116477966 9
1782073470542 0.6589936990737915 10
1782073526983 0.6442622399330139 11
1782073585530 0.6334974081516266 12
1782073649853 0.6290467414855957 13
1782073707791 0.6260207369327545 14
1782073774624 0.6222857377529144 15
1782073835513 0.6183249144554138 16
1782073900413 0.616199211359024 17
1782073957027 0.6131516387462616 18
1782074020533 0.6114996836185456 19
1782074079313 0.6092822500467301 20
1782074139801 0.6033996877670288 21
1782074202437 0.6025947791337967 22
1782074260435 0.5984236173629761 23
1782074325316 0.595447367310524 24
1782074383737 0.5907812906503678 25
1782074445151 0.5897419887781143 26
1782074502487 0.584488092660904 27
1782074561441 0.5819281189441681 28
1782074621293 0.5771866110563278 29
1782074677399 0.5742825465202331 30
1782074739187 0.5703920772075654 31
1782074794281 0.5663700736761094 32
1782074854369 0.5655011451244354 33
1782074910340 0.5608393720388413 34
1782074970727 0.5575815247297287 35
1782075033469 0.5542233517169952 36
1782075090628 0.5517526203393937 37
1782075165958 0.548538932442665 38
1782075221878 0.546030238866806 39
1782075285906 0.5432210545539856 40
1782075341845 0.5398243088722229 41
1782075405006 0.5380421987771988 42
1782075463041 0.5369286448955536 43
1782075524533 0.5337527153491974 44
1782075585520 0.5318368475437164 45
1782075648070 0.5302297267913818 46
1782075706606 0.5274408088922501 47
1782075765353 0.5264996263980866 48
1782075825336 0.5249938230514526 49
1782075881689 0.5219146529436112 50
1782075944250 0.5200529307126999 51
1782076008834 0.5168621165752411 52
1782076069200 0.5159213633537293 53
1782076134162 0.5156232666969299 54
1782076191756 0.5130987170934677 55
1782076257054 0.5107564526796341 56
1782076313240 0.5093726192712784 57
1782076376697 0.5075679223537445 58
1782076439695 0.5066326311826705 59
1782076505287 0.504927854180336 60
1782076567465 0.5041001771688461 61
1782076625254 0.5013972796201706 62
1782076686253 0.49955485582351683 63
1782076744214 0.4980022488832474 64
1782076807092 0.49731316161155703 65
1782076866363 0.4955593945980072 66
1782076939391 0.4951044707298279 67
1782076994116 0.49164887571334837 68
1782077054386 0.4899593439102173 69
1782077114530 0.4886051509380341 70
1782077172861 0.4874171380996704 71
1782077238365 0.48681633269786834 72
1782077294769 0.48584059524536133 73
1782077358495 0.4836156393289566 74
1782077420335 0.48228516161441803 75
1782077482691 0.4819225972890854 76
1782077542499 0.48218955838680266 77
1782077603146 0.47955318725109103 78
1782077664534 0.47908537757396696 79
1782077723762 0.4772720295190811 80
1782077785101 0.4765537490844727 81
1782077838782 0.4758321795463562 82
1782077898732 0.47593938195705415 83
1782077956877 0.47435265576839447 84
1782078017395 0.47404776442050933 85
1782078077109 0.47335596358776094 86
1782078135977 0.4728412868976593 87
1782078194569 0.47102452600002287 88
1782078248212 0.4706909023523331 89
1782078307867 0.4705309752225876 90
1782078363363 0.4709403083324432 91
1782078423202 0.4683608249425888 92
1782078485619 0.46964374828338623 93
1782078545751 0.46772957396507264 94
1782078611625 0.4677316789627075 95
1782078668261 0.4682386175394058 96
1782078734162 0.4657722542285919 97
1782078789985 0.4660954076051712 98
1782078853831 0.4657232711315155 99
1782078912819 0.4659949437379837 100
