1782653957015 2.437069324346689 1
1782653962108 2.2753028319432187 2
1782653967193 2.170635846944956 3
1782653971816 2.1080835415766788 4
1782653976407 2.044196660702045 5
1782653981702 1.998224056684054 6
1782653986851 1.9342939395170946 7
1782653991603 1.864736639536344 8
1782653996074 1.7996027653033917 9
1782654000729 1.7307942830599272 10
1782654005252 1.666548912341778 11
1782654010226 1.600550990838271 12
1782654023724 1.541713677919828 13
1782654028546 1.4747378000846276 14
1782654033305 1.411626018010653 15
1782654038081 1.3518687945145826 16
1782654042664 1.298970680970412 17
1782654047537 1.244325408568749 18
1782654052187 1.1902192464241614 19
1782654056945 1.136728286743164 20
1782654061631 1.0942436089882484 21
1782654066281 1.0530984768500695 22
1782654070938 1.0154076356154222 23
1782654075596 0.9709678842471197 24
1782654081176 0.9404115722729609 25
1782654086284 0.9057315358748803 26
1782654091337 0.8786753003413861 27
1782654096816 0.8545103210669297 28
1782654101751 0.8339605698218713 29
1782654106846 0.8091302559925959 30
1782654111731 0.7787580306713398 31
1782654116863 0.7469035478738638 32
1782654121756 0.7202143302330604 33
1782654126552 0.7125759858351487 34
1782654131155 0.714120470560514 35
1782654135765 0.6778423740313604 36
1782654140494 0.6530234859539912 37
1782654145425 0.6343820324310889 38
1782654150471 0.6137383992855365 39
1782654155200 0.5972718779857342 40
1782654160146 0.5815840088404142 41
1782654164965 0.5694046158056992 42
1782654169698 0.551491746535668 43
1782654174763 0.5358301813785846 44
1782654179543 0.5322470389879667 45
1782654184094 0.5255662936430711 46
1782654188922 0.5169067749610314 47
1782654193622 0.5116078647283407 48
1782654198382 0.49817197827192455 49
1782654203264 0.4845564250762646 50
1782654208736 0.4777232270974379 51
1782654213634 0.4726828336715698 52
1782654218416 0.46491788442318255 53
1782654223226 0.46152342512057376 54
1782654228320 0.4959145142481877 55
1782654233260 0.46802886632772595 56
1782654237754 0.4689472959591792 57
1782654242203 0.44664815297493565 58
1782654246635 0.4459873896378737 59
1782654251151 0.42823051718565136 60
1782654255898 0.43308144349318284 61
1782654260841 0.4230869274873 62
1782654265520 0.42933222422233 63
1782654270359 0.4441233185621408 64
1782654275432 0.4224172463783851 65
1782654280262 0.42000645857590896 66
1782654284890 0.41044382407115054 67
1782654289621 0.41279733410248387 68
1782654294388 0.40915488738280076 69
1782654299017 0.4053887610252087 70
1782654303653 0.4004552341424502 71
1782654308578 0.402741035589805 72
