1782080747523 1.6050938177108764 1
1782080754183 1.1433472967147826 2
1782080761187 0.5896854543685913 3
1782080767943 0.49146281719207763 4
1782080774666 0.4688910353183746 5
1782080781762 0.4315607154369354 6
1782080788743 0.37978783905506136 7
1782080795781 0.3506284594535828 8
1782080802520 0.3416315853595734 9
1782080809389 0.3319252991676331 10
1782080816032 0.31300626933574677 11
1782080822969 0.3001924383640289 12
1782080829786 0.2914939999580383 13
1782080836515 0.2943911844491959 14
1782080843456 0.2854694849252701 15
1782080850404 0.2713209927082062 16
1782080857170 0.2666239434480667 17
1782080864050 0.2772551959753036 18
1782080870669 0.2814604061841965 19
1782080877518 0.26189708828926084 20
1782080884316 0.2570954829454422 21
1782080891009 0.2621179586648941 22
1782080897791 0.2627139788866043 23
1782080904396 0.25213888645172117 24
1782080910701 0.2492331212759018 25
1782080917229 0.2539485788345337 26
1782080923590 0.25554697692394257 27
1782080929752 0.24887783586978912 28
1782080936655 0.24570851504802704 29
