1782602811263 1.3056507863496478 1
1782602815787 1.121618650461498 2
1782602820259 1.013893922692851 3
1782602824678 0.9176189711219386 4
1782602829147 0.8188867412115398 5
1782602833667 0.725372607770719 6
1782602838168 0.637460509413167 7
1782602842582 0.5634354643131557 8
1782602847068 0.4723257202851145 9
1782602851616 0.40680714814286484 10
1782602856058 0.34456287246001394 11
1782602860609 0.2914166407365548 12
1782602865094 0.25656901535234955 13
1782602869614 0.22753434314539558 14
1782602873962 0.20024714109144712 15
1782602878582 0.18809256349739276 16
1782602883142 0.17534863046909632 17
1782602887739 0.1584748923778534 18
1782602892225 0.15316343778058103 19
1782602896799 0.14264269329999624 20
1782602901338 0.1367329257099252 21
1782602905937 0.13295843589462733 22
1782602910445 0.1275063286486425 23
1782602914907 0.12876103936057343 24
1782602919276 0.13016675647936368 25
1782602923656 0.11957949047025881 26
1782602927986 0.11662405592046286 27
1782602932391 0.11265189082998979 28
1782602936900 0.1121775453027926 29
1782602941430 0.11222880588550317 30
1782602945910 0.10975579897824086 31
1782602950451 0.10992581377688207 32
1782602955065 0.10694096786411185 33
1782602959586 0.10561850980708473 34
1782602964072 0.10478322678490688 35
1782602968583 0.10334123063244317 36
1782602973037 0.10386918093028821 37
