1781962069193 1.2692975301742553 1
1781962132135 1.0408518204689026 2
1781962197399 1.0392245016098023 3
1781962260435 1.0381134691238403 4
1781962333177 1.0341683764457703 5
1781962393527 1.002374562740326 6
1781962457161 0.8583281273841858 7
1781962516358 0.815727483510971 8
1781962585409 0.7805795378684998 9
1781962646383 0.7403895094394684 10
1781962710232 0.7058197495937347 11
1781962770221 0.678788146018982 12
1781962832716 0.6628735654354095 13
1781962894733 0.6524376323223114 14
1781962958928 0.639258927822113 15
1781963023168 0.6306703233718872 16
1781963087451 0.6260637962818145 17
1781963150538 0.6179353191852569 18
1781963216640 0.6119934425354004 19
1781963280288 0.6082714827060699 20
1781963343608 0.6023522961139679 21
1781963407738 0.5977610356807709 22
1781963470460 0.5944350248575211 23
1781963534254 0.5908569419384002 24
1781963597375 0.584551707148552 25
1781963663532 0.5807651053667069 26
1781963725380 0.5771872985363007 27
1781963788488 0.5728851373195648 28
1781963850638 0.5692137058973312 29
1781963928417 0.5626327811479569 30
1781963992111 0.5602624539136887 31
1781964056438 0.5567131816148758 32
1781964119028 0.5518105854988098 33
1781964184706 0.5503906475305558 34
1781964250410 0.5454056910276412 35
1781964315259 0.5408021596670151 36
1781964375310 0.5367553254365921 37
1781964438316 0.5319185497760772 38
1781964500071 0.5248196694850922 39
1781964564593 0.5198302779197693 40
1781964627466 0.5168246991634369 41
1781964693338 0.510973673582077 42
1781964757785 0.5071510670185089 43
1781964819824 0.5051129001379013 44
1781964878698 0.5020998480319977 45
1781964943848 0.49830363774299624 46
1781965007453 0.49604862105846403 47
1781965071303 0.4925497864484787 48
1781965133283 0.4899853919744492 49
1781965195131 0.4878765494823456 50
1781965254385 0.48720369386672974 51
1781965316709 0.48561200189590453 52
1781965378559 0.4818187191486359 53
1781965442967 0.4796419451236725 54
1781965505772 0.47859418439865115 55
1781965572208 0.4767908957004547 56
1781965636428 0.47500900864601137 57
1781965703359 0.47278642845153807 58
1781965765737 0.472354474067688 59
1781965830714 0.4716063253879547 60
1781965903617 0.4691142647266388 61
1781965968377 0.46792730355262757 62
1781966031455 0.4665023808479309 63
1781966095127 0.46539897298812866 64
1781966162231 0.46312684917449953 65
1781966227410 0.46326664316654204 66
1781966290041 0.4612826969623566 67
1781966349911 0.4617326043844223 68
1781966415908 0.45900781214237213 69
1781966479502 0.45867648553848267 70
1781966541238 0.45674789214134215 71
1781966604286 0.456906818151474 72
1781966669345 0.45440331506729126 73
1781966730802 0.45571481323242186 74
1781966797886 0.4531932111978531 75
1781966862227 0.45245723581314085 76
1781966927790 0.45085935306549074 77
1781966988596 0.45117527902126314 78
1781967050036 0.4496674427986145 79
1781967111795 0.44836154592037203 80
1781967184095 0.4481035805940628 81
1781967253627 0.4478665542602539 82
1781967316893 0.4464058620929718 83
1781967382717 0.4455475858449936 84
1781967446394 0.44592067003250124 85
1781967507724 0.44363080394268034 86
1781967571574 0.44278039705753325 87
1781967638831 0.4439543982744217 88
1781967704677 0.4412621196508408 89
1781967766243 0.44041784727573396 90
1781967831495 0.4407259457111359 91
1781967893483 0.43950400400161743 92
1781967955364 0.4390742530822754 93
1781968015159 0.43941898560523984 94
1781968078815 0.4368724620342255 95
1781968150354 0.4363488711118698 96
1781968212392 0.43619230258464814 97
1781968275465 0.4373350281715393 98
1781968341430 0.43531753504276277 99
1781968405775 0.435177276968956 100
