1782328153558 1.705581421852112 1
1782328158405 1.6658671474456788 2
1782328163064 1.5966073751449585 3
1782328167665 1.5631318283081055 4
1782328172520 1.551599278450012 5
1782328177233 1.521382179260254 6
1782328181753 1.4695305061340331 7
1782328186370 1.4380813980102538 8
1782328191162 1.4266764259338378 9
1782328195788 1.39840811252594 10
1782328200034 1.3490102529525756 11
1782328204464 1.317244930267334 12
1782328208581 1.3055364418029785 13
1782328212826 1.276651849746704 14
1782328217028 1.2304157495498658 15
1782328221218 1.194215259552002 16
1782328225444 1.1849256706237794 17
1782328229840 1.1558015298843385 18
1782328234093 1.1061731243133546 19
1782328238333 1.0732156324386597 20
1782328242765 1.0633554077148437 21
1782328247095 1.03617112159729 22
1782328251363 0.9906397938728333 23
1782328255688 0.9589374303817749 24
1782328260006 0.9468068766593933 25
1782328264398 0.9202233028411865 26
1782328268716 0.8717175316810608 27
1782328273078 0.8406519746780395 28
1782328277164 0.8300942254066467 29
1782328281367 0.8072567892074585 30
1782328285681 0.7643694806098938 31
1782328290099 0.7364580178260803 32
1782328294373 0.7263970685005188 33
1782328298744 0.7072537922859192 34
1782328302905 0.6673349165916442 35
1782328307253 0.6421382927894592 36
1782328311356 0.6333878111839294 37
1782328315558 0.6196271896362304 38
1782328319963 0.5835461354255677 39
1782328324318 0.5602649903297424 40
1782328328455 0.5534449946880341 41
1782328332680 0.5373866617679596 42
1782328337082 0.5117688572406769 43
1782328341554 0.4913232684135437 44
1782328346153 0.4850739002227783 45
1782328350737 0.4737428081035614 46
1782328355274 0.45386371850967405 47
1782328359801 0.43454867124557495 48
1782328364416 0.42879275560379027 49
1782328368884 0.4214135468006134 50
1782328373457 0.40618220925331117 51
1782328377950 0.39170001745224 52
1782328382520 0.38796839118003845 53
1782328387014 0.3817932617664337 54
1782328391533 0.372111040353775 55
