1782404625820 1.4284744787216186 1
1782404630924 1.3458265829086304 2
1782404636196 1.2777022695541382 3
1782404640982 1.2190647363662719 4
1782404645813 1.1593350505828857 5
1782404650581 1.0998734188079835 6
1782404655503 1.0438660764694214 7
1782404660786 0.9908992862701416 8
1782404665732 0.9413702464103699 9
1782404672136 0.8907912158966065 10
1782404677268 0.8459894847869873 11
1782404681998 0.8026259136199951 12
1782404687026 0.764973726272583 13
1782404691890 0.7284887099266052 14
1782404696895 0.6922346758842468 15
1782404701432 0.6591967868804932 16
1782404706110 0.6331378960609436 17
1782404711368 0.6093728280067444 18
1782404716142 0.5889609706401825 19
1782404720769 0.5694214010238647 20
1782404725825 0.5590781116485596 21
1782404730342 0.5381758224964142 22
1782404735224 0.5244418013095856 23
1782404740016 0.5142638003826141 24
1782404744786 0.5076747918128968 25
1782404749602 0.49770389556884764 26
1782404754271 0.4941068255901337 27
1782404762741 0.4877127659320831 28
1782404767549 0.4777753412723541 29
1782404772193 0.4790845263004303 30
1782404776812 0.46710978746414183 31
1782404781339 0.46313511967659 32
1782404786346 0.4655203032493591 33
1782404791173 0.4590584349632263 34
1782404795792 0.4538539087772369 35
1782404800370 0.45347163200378415 36
1782404805325 0.4500140261650085 37
1782404810250 0.45103244423866273 38
1782404815086 0.44372448325157166 39
1782404820058 0.44326318979263307 40
1782404825108 0.4416990864276886 41
1782404830072 0.43975329518318174 42
1782404834958 0.43788718223571776 43
1782404840048 0.4324630129337311 44
1782404844848 0.43313504934310915 45
1782404850083 0.4323405468463898 46
1782404855022 0.43128764510154727 47
1782404859763 0.4273080372810364 48
1782404864571 0.423893586397171 49
1782404869716 0.42490779995918276 50
1782404874272 0.4198254120349884 51
1782404878930 0.4204839658737183 52
1782404884149 0.4178509879112244 53
1782404889112 0.42050204634666444 54
1782404893836 0.4112935709953308 55
1782404898211 0.41663202047348025 56
1782404902651 0.41746360301971436 57
1782404907187 0.42108158349990843 58
1782404911651 0.4200985264778137 59
1782404916846 0.41229379177093506 60
1782404921297 0.4095994937419891 61
1782404926231 0.40812127709388735 62
1782404930799 0.4044272863864899 63
1782404935506 0.41193506121635437 64
1782404940029 0.4119777119159698 65
1782404944724 0.4078909230232239 66
1782404949315 0.4095180785655975 67
1782404953937 0.4118972826004028 68
1782404958807 0.40709832072257995 69
1782404963715 0.4026234221458435 70
1782404968676 0.4096644425392151 71
1782404973400 0.40565403819084167 72
1782404978270 0.39993202686309814 73
1782404983129 0.40382298588752746 74
1782404988030 0.4016110098361969 75
1782404992607 0.4001593494415283 76
1782404997438 0.4011041009426117 77
1782405007251 0.39974420428276064 78
1782405014124 0.39756146907806394 79
1782405018990 0.3996452724933624 80
1782405023569 0.3979363763332367 81
1782405028518 0.3985278809070587 82
1782405033103 0.39700181245803834 83
1782405038183 0.39396543979644777 84
1782405042814 0.3968654811382294 85
1782405047715 0.3913038420677185 86
1782405052887 0.3919831895828247 87
1782405057581 0.39406351089477537 88
