1782662344432 1.474289432168007 1
1782662346290 1.3305498957633972 2
1782662347948 1.2533870190382004 3
1782662349649 1.223180964589119 4
1782662351471 1.2113932371139526 5
1782662353118 1.1644543409347534 6
1782662354783 1.1499854177236557 7
1782662356468 1.1211866438388824 8
1782662358353 1.1013738811016083 9
1782662360109 1.0766206681728363 10
1782662361740 1.0636233687400818 11
1782662363378 1.034537248313427 12
1782662365007 1.0205656215548515 13
1782662366609 0.9978765919804573 14
1782662368192 0.9899055287241936 15
1782662369771 0.9784148633480072 16
1782662371426 0.9461119845509529 17
1782662373237 0.9318275526165962 18
1782662374973 0.9048742651939392 19
1782662376572 0.9009559825062752 20
1782662378217 0.8890500292181969 21
1782662379889 0.8488669991493225 22
1782662381468 0.8459724709391594 23
1782662383086 0.8307676240801811 24
1782662384727 0.8177437856793404 25
1782662386390 0.7931726053357124 26
1782662388086 0.7848598435521126 27
1782662389672 0.7584234699606895 28
1782662391182 0.741348922252655 29
1782662392843 0.7246813997626305 30
1782662394549 0.7134352698922157 31
1782662396223 0.7027798965573311 32
1782662397844 0.6896938234567642 33
1782662399482 0.6638709157705307 34
1782662401155 0.6459511816501617 35
1782662403723 0.634836383163929 36
1782662405430 0.6246954053640366 37
1782662407042 0.5980923101305962 38
1782662408729 0.5847073569893837 39
1782662410375 0.5760474279522896 40
1782662411975 0.5574920773506165 41
1782662413630 0.5430347323417664 42
1782662415216 0.5370294824242592 43
1782662416853 0.5248638093471527 44
1782662418472 0.5105991587042809 45
1782662420033 0.4985169284045696 46
1782662421686 0.47470448911190033 47
1782662423359 0.4739646315574646 48
1782662425016 0.4628796838223934 49
1782662426627 0.4437498115003109 50
1782662428256 0.4306475408375263 51
1782662429870 0.42446858808398247 52
1782662431522 0.40509162843227386 53
1782662433140 0.3937540799379349 54
1782662434789 0.3970831073820591 55
1782662436466 0.3776969946920872 56
1782662438097 0.3682751953601837 57
1782662439707 0.37037137150764465 58
1782662441317 0.3595736138522625 59
1782662442935 0.34613002464175224 60
