1781983112094 1.4050577237055852 1
1781983133992 1.3081659475962322 2
1781983154773 1.2348421322993743 3
1781983175570 1.1626778290821955 4
1781983196842 1.0897633662590613 5
1781983217454 1.0285773170300019 6
1781983238371 0.9693510165581336 7
1781983259077 0.9216820903313465 8
1781983280258 0.8708986242612203 9
1781983300982 0.8301904675288078 10
1781983322123 0.7892841849571619 11
1781983342667 0.753144886249151 12
1781983364038 0.7232366785024985 13
1781983384956 0.7011006673177084 14
1781983405850 0.6712833704092563 15
1781983427491 0.6562985288791168 16
1781983448413 0.6375590562820435 17
1781983469199 0.6226918116593972 18
1781983489951 0.6109255200777298 19
1781983510786 0.5952759675490551 20
1781983531463 0.5836316072023832 21
1781983552337 0.581283375238761 22
1781983573246 0.5702282595328796 23
1781983594071 0.561336012222828 24
1781983614890 0.5488815659131759 25
1781983636780 0.549026201168696 26
1781983657552 0.5358570890548902 27
1781983678521 0.5349914034207662 28
1781983700840 0.5254010076706226 29
1781983721805 0.5172054186845437 30
1781983742410 0.50840857395759 31
1781983763067 0.5123129135523087 32
1781983783787 0.5005827874709399 33
1781983806341 0.4945126473903656 34
1781983827128 0.49087946919294506 35
1781983848102 0.487866929708383 36
1781983868669 0.4827220394061162 37
1781983898637 0.4741039467163575 38
1781983920214 0.47057020511382663 39
1781983941045 0.4726776564732576 40
1781983963311 0.47036864513005966 41
1781983985975 0.4631425241629283 42
1781984007397 0.46060596368251705 43
1781984028123 0.4592107603183159 44
1781984048700 0.4587691028912862 45
1781984069170 0.45044780006775487 46
1781984089863 0.45131407257838124 47
1781984110868 0.44651523538124865 48
1781984131701 0.43866877066783416 49
1781984152432 0.4454548481183174 50
1781984173025 0.43878995455228365 51
1781984193551 0.43655646382234037 52
1781984214120 0.43223521419060534 53
1781984234791 0.4267750145533146 54
1781984255751 0.432347718721781 55
1781984290518 0.4320318561333876 56
1781984311059 0.42898418888067585 57
1781984332100 0.41881382388946337 58
1781984355615 0.41369167352334046 59
1781984377602 0.40907833056572157 60
1781984399095 0.4111357583449437 61
1781984420087 0.41147595949662036 62
1781984442119 0.41576831463055736 63
1781984462916 0.41070925960173976 64
1781984483808 0.4086671143006056 65
1781984504465 0.39782695586864764 66
1781984525372 0.40119686875587857 67
1781984546732 0.39937551663472104 68
1781984567484 0.395591323192303 69
1781984589230 0.39777949299567783 70
1781984610319 0.4001903297045292 71
1781984631238 0.39529659503545517 72
1781984652302 0.39338428316972196 73
1781984673078 0.38864202606372344 74
1781984696846 0.390120940330701 75
1781984717430 0.38612805421535784 76
1781984738509 0.38904801163917935 77
1781984759455 0.38884708820245206 78
1781984780040 0.3851476326966897 79
1781984800951 0.37764379917046964 80
1781984821972 0.3858760282015189 81
1781984842847 0.3780777225127587 82
1781984864021 0.37666476307771146 83
1781984885471 0.3814437633905655 84
1781984906469 0.3790438427374913 85
1781984927469 0.38026561798193514 86
1781984948534 0.37664856054844 87
1781984969337 0.37461153054848695 88
1781984990514 0.37672195449853557 89
