1782683614753 1.3367096185684204 1
1782683616059 1.2891777555147808 2
1782683617257 1.249224325021108 3
1782683618461 1.1980732480684917 4
1782683619693 1.1437932252883911 5
1782683620981 1.0963347752888997 6
1782683622167 1.060732364654541 7
1782683623364 1.0290601551532745 8
1782683624571 0.9963078002134959 9
1782683625801 0.9623149633407593 10
1782683627035 0.9303121268749237 11
1782683628218 0.8910409907499949 12
1782683629483 0.859022339185079 13
1782683630702 0.822804739077886 14
1782683631914 0.7931212782859802 15
1782683633134 0.7689303457736969 16
1782683634304 0.7454163034756979 17
1782683635468 0.7232267757256826 18
1782683636659 0.7046353022257487 19
1782683637877 0.6822439332803091 20
1782683639074 0.6651429732640585 21
1782683640284 0.6421402196089426 22
1782683641475 0.6250619093577067 23
1782683642634 0.6076319217681885 24
1782683643855 0.5931026736895243 25
1782683645077 0.5736176470915476 26
1782683646289 0.5622688829898834 27
1782683647496 0.5448510746161143 28
1782683648738 0.5260951220989227 29
1782683649927 0.5132688085238138 30
1782683651133 0.5011165688435236 31
1782683652420 0.4881705393393834 32
1782683653621 0.47116730610529584 33
1782683654826 0.4610789467891057 34
1782683656006 0.44521765410900116 35
1782683657214 0.43384110430876416 36
1782683658427 0.4226105759541194 37
1782683659646 0.4096369494994481 38
1782683660855 0.3978509455919266 39
1782683662095 0.38788911203543347 40
1782683663309 0.3775693476200104 41
1782683664577 0.36605145037174225 42
1782683665791 0.3599619170029958 43
1782683667031 0.34831318259239197 44
1782683668270 0.3404925713936488 45
