1783009002172 2.1032436788082123 1
1783009009512 1.9496045807997386 2
1783009016777 1.8429856946070988 3
1783009024743 1.731602708498637 4
1783009032748 1.6079252709945042 5
1783009040098 1.48635267217954 6
1783009047669 1.370570148030917 7
1783009056375 1.2555536180734634 8
1783009064165 1.1500221192836761 9
1783009071634 1.0532219832142193 10
1783009078935 0.9659493267536163 11
1783009086469 0.8890543058514595 12
1783009094326 0.812597947816054 13
1783009101950 0.7488399719198545 14
1783009109583 0.6875445023179054 15
1783009116881 0.6296490604678789 16
1783009124661 0.5702318996191025 17
1783009132052 0.5185700121025244 18
1783009139574 0.47474733119209606 19
1783009147967 0.43100375682115555 20
1783009155902 0.39806224405765533 21
1783009163750 0.3635749580959479 22
1783009171848 0.33417394384741783 23
1783009179472 0.308803204447031 24
1783009187358 0.27871070864299935 25
1783009194625 0.2545964450885852 26
1783009202136 0.2376550193876028 27
1783009210197 0.22799233409265676 28
1783009218182 0.2124514269332091 29
1783009225641 0.20471658868094286 30
1783009233519 0.19507763596872488 31
1783009241006 0.18481166598697504 32
1783009248762 0.1740243515620629 33
1783009256059 0.16991475286583105 34
1783009263907 0.1654800989975532 35
1783009271241 0.16334116955598196 36
1783009278698 0.16127489569286504 37
1783009286434 0.15615595877170563 38
1783009294411 0.15419877972453833 39
1783009302078 0.14561500772833824 40
1783009310116 0.1416822395597895 41
1783009317666 0.14080611895769835 42
1783009325009 0.13769142422825098 43
1783009333006 0.1363878125945727 44
1783009341212 0.13214218833794197 45
1783009348448 0.13448472755650678 46
1783009355671 0.1280521952236692 47
1783009362947 0.12395220436155796 48
1783009370952 0.12364626831064622 49
1783009378350 0.12585983984172344 50
1783009385739 0.1254804584508141 51
1783009394070 0.12573519255965948 52
1783009401530 0.12024382750193278 53
1783009409056 0.11900042463093996 54
1783009416512 0.12176004517823458 55
1783009424672 0.1206858300914367 56
1783009432336 0.11598598367224137 57
1783009439557 0.11348820974429448 58
1783009447041 0.11224752540389697 59
1783009454330 0.11212366198499997 60
1783009461919 0.1129529078801473 61
1783009470764 0.11157321526358525 62
1783009478906 0.10958563971022765 63
1783009487108 0.10899482512225707 64
1783009495048 0.10633394587785006 65
1783009502985 0.10784948741396268 66
1783009510790 0.1080247052013874 67
1783009518318 0.1075754767904679 68
1783009526254 0.10666011956830819 69
1783009534135 0.10389489121735096 70
1783009542630 0.10415192569295566 71
1783009549770 0.1041649707282583 72
1783009557118 0.10420436101655166 73
1783009564385 0.10255742942293485 74
1783009571631 0.10184201660255592 75
1783009578907 0.10218905471265316 76
1783009586939 0.09882584152122338 77
1783009594269 0.09969297796487808 78
1783009601772 0.10013779407987992 79
1783009609371 0.10096658486872911 80
1783009617403 0.10263422876596451 81
1783009625171 0.1004445527990659 82
1783009632787 0.09738207515329123 83
