1782650940396 2.41872868171105 1
1782650946097 2.3289800057044396 2
1782650951501 2.246266456750723 3
1782650956921 2.1829785933861365 4
1782650962613 2.118275238917424 5
1782650968083 2.058590999016395 6
1782650973321 1.9883114741398737 7
1782650978612 1.9181751012802124 8
1782650983873 1.8573992894246028 9
1782650989029 1.7800624187176044 10
1782650994282 1.6931864481705885 11
1782650999427 1.61694663304549 12
1782651005134 1.536026771251972 13
1782651011160 1.4561762993152325 14
1782651016447 1.3780222489283636 15
1782651022393 1.311364742425772 16
1782651028027 1.2528208585885854 17
1782651033411 1.1879902802980864 18
1782651038674 1.1288206760699933 19
1782651043965 1.073577119753911 20
1782651049042 1.0291246817662165 21
1782651054986 0.9814104116879977 22
1782651060529 0.9455834168654221 23
1782651180226 0.9070577025413513 24
1782651185152 0.8788504875623263 25
1782651190226 0.8470855767910297 26
1782651195388 0.8181630693949186 27
1782651200535 0.7969759152485774 28
1782651205624 0.7762024310918955 29
1782651210713 0.7545603238619291 30
1782651215709 0.7249771998478816 31
1782651220964 0.6926754254561204 32
1782651226041 0.6681449825947101 33
1782651231425 0.6489220307423518 34
1782651236263 0.6258450700686529 35
1782651241318 0.6102238893508911 36
1782651246785 0.6003429981378409 37
1782651251680 0.5817072895857004 38
1782651262552 0.5787213903207046 39
1782651268086 0.5659940380316514 40
1782651273283 0.5507453771737906 41
1782651278185 0.5326692714140966 42
1782651283292 0.5308131965307089 43
1782651288555 0.5195848987652705 44
1782651294088 0.5107674025572263 45
1782651298957 0.5031939217677484 46
1782651303866 0.49048062012745786 47
1782651309277 0.48586456133769107 48
1782651314021 0.4807864335867075 49
1782651319034 0.47217563023933995 50
1782651323815 0.4701515482022212 51
1782651328796 0.45949040009425235 52
1782651334351 0.4592262964982253 53
1782651339224 0.45677238473525417 54
1782651344086 0.4504545720723959 55
1782651349481 0.451775454557859 56
1782651354583 0.44482073875573963 57
1782651359649 0.44677215585341823 58
1782651364436 0.4519623265816615 59
1782651369674 0.4469712537068587 60
1782651374537 0.4318869205621573 61
1782651379499 0.43678358655709487 62
