1781742224240 1.2705035238265991 1
1781742273454 1.0009273102283478 2
1781742328447 0.6233001070022584 3
1781742391377 0.2633171597719193 4
1781742443207 0.20399176794290544 5
1781742490818 0.18683955129981042 6
1781742549964 0.17653641822934152 7
1781742600142 0.17054770922660828 8
1781742650168 0.16795658192038537 9
1781742701705 0.16460091769695281 10
1781742751809 0.15967746135592462 11
1781742817038 0.15942120879888536 12
1781742868514 0.15611066475510596 13
1781742918182 0.15516340661048889 14
1781742968628 0.15351250100135802 15
1781743018373 0.15225399485230445 16
1781743067895 0.1493354638516903 17
1781743116945 0.14946134406328201 18
1781743166368 0.14948602014780044 19
1781743215774 0.1473063616156578 20
1781743264634 0.14468692368268968 21
1781743312184 0.14408482521772384 22
1781743361704 0.14698627078533172 23
1781743411028 0.1449568229317665 24
1781743460210 0.14100565168261528 25
1781743510131 0.14162514892220496 26
1781743559833 0.14123310381174087 27
1781743609392 0.13921739253401758 28
1781743658980 0.14050581219792366 29
1781743708519 0.13787831050157548 30
1781743760489 0.1401377673447132 31
1781743812152 0.13827768789231779 32
1781743877658 0.13726641622185706 33
1781743929104 0.1379479442536831 34
1781743978917 0.1376611402630806 35
1781744033334 0.13455794951319694 36
1781744089784 0.13473700857162477 37
1781744147572 0.13511125496029855 38
1781744207306 0.13417638896405698 39
1781744265996 0.13559514355659485 40
1781744323348 0.1343937519788742 41
1781744382442 0.13675280445814134 42
1781744448298 0.1319133480936289 43
1781744514817 0.13413560593128204 44
1781744577808 0.13664910218119622 45
1781744630907 0.1320466690659523 46
1781744681648 0.1307794595360756 47
1781744729506 0.1302940813601017 48
