1782662627327 1.3601389093832537 1
1782662633182 1.0591124987060374 2
1782662638992 0.8936240564693104 3
1782662645014 0.7490822361274199 4
1782662650851 0.6023776991800829 5
1782662656789 0.48897185312076047 6
1782662662780 0.39644714377143164 7
1782662668696 0.31912910531867633 8
1782662674539 0.25765532932498236 9
1782662680312 0.21801059252836488 10
1782662686419 0.17908833006566222 11
1782662692333 0.1518055647611618 12
1782662698276 0.13886706581847233 13
1782662704236 0.12481124970045956 14
1782662710112 0.11676844852891835 15
1782662715883 0.10817313736135309 16
1782662721791 0.10556692409921777 17
1782662727656 0.09908377548510378 18
1782662733431 0.09610542959787628 19
1782662739300 0.09118086522953077 20
1782662745089 0.08923865092748945 21
1782662750973 0.08538043922321363 22
1782662756919 0.08390288512137803 23
1782662762741 0.08254767751151865 24
1782662768913 0.08062747510319407 25
1782662775002 0.0778299260207198 26
1782662781094 0.07706145739013498 27
1782662787123 0.07734296301549132 28
1782662793169 0.07223681106486103 29
1782662799108 0.07039819945665923 30
1782662804830 0.0690713097256693 31
1782662810675 0.07077138413759795 32
1782662816475 0.06851016027344899 33
1782662822270 0.06588258873671293 34
1782662828100 0.06620535474609245 35
1782662833907 0.06598973570560868 36
1782662839861 0.06480628455227072 37
1782662845997 0.06381687462668527 38
1782662851950 0.06374531290070577 39
1782662857901 0.06264362027021972 40
1782662863880 0.06217930135740475 41
