1782334846927 1.6103403234481812 1
1782334851397 1.56976966381073 2
1782334855840 0.9262236857414246 3
1782334860291 0.7917858934402466 4
1782334864813 0.7814591550827026 5
1782334869266 0.7630250763893127 6
1782334873687 0.7149895477294922 7
1782334878405 0.6938165664672852 8
1782334882894 0.6874289035797119 9
1782334887315 0.6773000359535217 10
1782334891533 0.6626304650306701 11
1782334895908 0.6539899730682373 12
1782334900216 0.6514557409286499 13
1782334904513 0.644843590259552 14
1782334908947 0.6313577508926391 15
1782334913515 0.6209304189682007 16
1782334918010 0.6166841363906861 17
1782334922619 0.6082264757156373 18
1782334926923 0.5950266695022584 19
1782334931338 0.5807983136177063 20
1782334935988 0.5764823079109191 21
1782334940485 0.5685901236534119 22
1782334944908 0.5556843674182892 23
1782334949424 0.5466044962406158 24
1782334953903 0.5405592608451844 25
1782334958237 0.5384941911697387 26
1782334962509 0.5263691329956055 27
1782334966934 0.5148321986198425 28
1782334971335 0.5112314975261688 29
1782334975865 0.510405923128128 30
1782334980384 0.5036107397079468 31
1782334984820 0.49447074413299563 32
1782334989250 0.48901098132133486 33
1782334993760 0.4960401570796967 34
1782334998224 0.4888297128677368 35
1782335002794 0.47740773916244506 36
1782335007409 0.47526097416877744 37
1782335011937 0.4800660419464111 38
1782335016383 0.47066802144050596 39
1782335020907 0.46344232201576235 40
1782335025254 0.46113523840904236 41
1782335029900 0.46512184143066404 42
1782335034369 0.46063825726509094 43
1782335039086 0.45180123329162597 44
1782335043726 0.4498346745967865 45
1782335048286 0.45112741470336915 46
1782335052819 0.4511800277233124 47
1782335057295 0.4423950374126434 48
1782335061807 0.4392251086235046 49
1782335066164 0.44308226227760317 50
1782335070650 0.4412973988056183 51
1782335074887 0.4321786618232727 52
1782335079262 0.42890081882476805 53
1782335083710 0.42912530064582827 54
1782335088124 0.4252571761608124 55
1782335092502 0.4228559720516205 56
1782335096877 0.41894471406936645 57
1782335101092 0.42404597997665405 58
1782335105427 0.415193578004837 59
1782335109775 0.41234426856040957 60
1782335114296 0.4105356276035309 61
1782335118750 0.4133647811412811 62
1782335123194 0.4104620897769928 63
1782335127622 0.4064611029624939 64
1782335131998 0.40197949767112734 65
1782335136495 0.4059568238258362 66
1782335140958 0.4081530904769897 67
1782335145345 0.39922109842300413 68
1782335149722 0.39688140869140626 69
1782335154193 0.39827810525894164 70
1782335158533 0.3984993255138397 71
1782335162658 0.3925140178203583 72
1782335167053 0.39121482014656067 73
1782335173055 0.39430341601371766 74
1782335177642 0.40203389525413513 75
1782335182179 0.3936298632621765 76
1782335186642 0.38845728278160097 77
1782335191128 0.38807835698127746 78
1782335195679 0.3966990303993225 79
1782335200149 0.3888754308223724 80
1782335204434 0.38419447422027586 81
1782335208678 0.38243319511413576 82
1782335213055 0.39154143929481505 83
1782335217360 0.3809510505199432 84
1782335221746 0.3787120711803436 85
1782335225941 0.37934633255004885 86
1782335230247 0.38417466044425963 87
1782335234653 0.3771125960350037 88
1782335239106 0.376482595205307 89
1782335243539 0.37845634937286377 90
1782335247988 0.37767202258110044 91
1782335254761 0.3723934614658356 92
1782335259208 0.3717829191684723 93
1782335263780 0.37302558779716494 94
1782335268269 0.3729230523109436 95
1782335272680 0.36885923266410825 96
1782335277049 0.3680368161201477 97
1782335281307 0.3745416760444641 98
1782335285818 0.37211328268051147 99
1782335290245 0.36542032957077025 100
