1782691131179 3.099531017500779 1
1782691147865 2.9037927594678155 2
1782691166310 2.736561347698343 3
1782691184449 2.5479649757516794 4
1782691204328 2.3324814500479865 5
1782691222045 2.107163980089385 6
1782691242478 1.8811581628075962 7
1782691258882 1.6675356873150529 8
1782691276392 1.482977114874741 9
1782691293274 1.326979476830055 10
1782691311303 1.198046195095983 11
1782691329541 1.0959125387257542 12
1782691348092 1.0130115932431714 13
1782691365833 0.9337827727712434 14
1782691382398 0.8833276341701376 15
1782691401691 0.8267651837447594 16
1782691420041 0.7799492581137295 17
1782691441377 0.7368858271631701 18
1782691460621 0.7024030726531456 19
1782691476943 0.6740402229901018 20
1782691493604 0.6467092797673982 21
1782691510574 0.626252673823258 22
1782691527702 0.6085269718334593 23
1782691546510 0.5915075725522535 24
1782691563469 0.5795282269346302 25
1782691581501 0.5661019539010936 26
1782691598792 0.5555145699402382 27
1782691615962 0.5439872536165961 28
1782691633915 0.5373100104003117 29
1782691651937 0.5290974532735759 30
1782691669219 0.5237694536817485 31
1782691686329 0.5189674733013943 32
1782691704382 0.5135904725255638 33
1782691721613 0.5082636259753128 34
1782691738454 0.5096854290057873 35
1782691757252 0.49842261548700006 36
1782691774247 0.4952541322543703 37
1782691792236 0.48911817114928674 38
1782691808994 0.4863219805832567 39
1782691826691 0.48548122212804595 40
1782691844302 0.48542984909024733 41
1782691862634 0.48304110662690525 42
1782691881247 0.48361700259405993 43
1782691897858 0.4788034249996317 44
1782691916855 0.4777720765820865 45
