1782226135516 1.593184700012207 1
1782226139552 1.1100642228126525 2
1782226143565 0.7234731721878052 3
1782226147631 0.6526739859580993 4
1782226151583 0.6308249092102051 5
1782226155644 0.587561240196228 6
1782226159560 0.5354135775566101 7
1782226163549 0.5020488274097442 8
1782226167570 0.4876496970653534 9
1782226171779 0.4942285072803497 10
1782226176253 0.47376584649086 11
1782226180251 0.4479010367393494 12
1782226184370 0.4392790424823761 13
1782226188070 0.4434715235233307 14
1782226191768 0.43789627552032473 15
1782226196093 0.41908790707588195 16
1782226200207 0.40785992980003355 17
1782226204246 0.4078823947906494 18
1782226208253 0.4125025475025177 19
1782226212297 0.40089287638664245 20
1782226216351 0.38819828391075134 21
1782226220457 0.389991809129715 22
1782226224497 0.3975632345676422 23
1782226228465 0.38327821373939513 24
1782226232437 0.3793121922016144 25
1782226236404 0.3797120225429535 26
1782226245713 0.3822425639629364 27
1782226249733 0.36680577278137205 28
1782226253853 0.36069085240364074 29
1782226257822 0.3660776150226593 30
1782226261696 0.3686985290050507 31
1782226265598 0.3557831799983978 32
1782226269557 0.35600974798202517 33
1782226273458 0.36228713870048523 34
1782226277242 0.36052841067314145 35
1782226281318 0.351840934753418 36
1782226285215 0.3453098893165588 37
1782226289127 0.3523549711704254 38
1782226292994 0.35579596042633055 39
1782226297670 0.3509480285644531 40
1782226301575 0.3405865657329559 41
1782226305588 0.3462073218822479 42
1782226309433 0.34452420949935914 43
1782226313441 0.33467453002929687 44
1782226317308 0.33247371315956115 45
1782226321257 0.3366588616371155 46
1782226325293 0.3457447385787964 47
1782226329336 0.330594300031662 48
1782226333444 0.32591417551040647 49
1782226337396 0.3308086895942688 50
1782226341464 0.33738195419311523 51
1782226345427 0.3232700026035309 52
1782226349568 0.3218474447727203 53
1782226353550 0.32912402391433715 54
1782226357763 0.32884916543960574 55
1782226361849 0.3170178711414337 56
1782226365939 0.31804051756858825 57
1782226369973 0.32709869265556335 58
1782226374473 0.32965078234672546 59
1782226378804 0.31259155929088595 60
1782226382773 0.31126573801040647 61
1782226387111 0.31369596779346465 62
1782226391543 0.32537737131118777 63
1782226395757 0.30844211220741274 64
1782226399840 0.3080952054262161 65
1782226404092 0.3228240430355072 66
1782226408173 0.32029763102531433 67
1782226412178 0.3089376699924469 68
1782226416542 0.30655485689640044 69
1782226421348 0.32198925852775573 70
1782226425314 0.3215347135066986 71
1782226429342 0.30414131820201873 72
1782226433414 0.3009708392620087 73
1782226437769 0.30550170183181763 74
1782226442723 0.3125358426570892 75
1782226447513 0.3018876963853836 76
1782226451804 0.29698206067085264 77
1782226456663 0.2993448483943939 78
1782226460982 0.30221448600292206 79
1782226464912 0.29822767376899717 80
1782226469039 0.2959135609865189 81
1782226473157 0.3030150508880615 82
1782226483118 0.30255522787570954 83
1782226487224 0.2953242462873459 84
1782226491355 0.29241484761238096 85
1782226495461 0.3054169565439224 86
1782226499392 0.30301940500736235 87
