1782396292243 1.6448582363128663 1
1782396296987 1.5683819246292114 2
1782396301691 1.5153169775009154 3
1782396306474 1.4533232307434083 4
1782396311374 1.3824269914627074 5
1782396316145 1.3163234519958495 6
1782396320870 1.2468983221054077 7
1782396325862 1.1817681694030762 8
1782396330741 1.1135540342330932 9
1782396335285 1.045309269428253 10
1782396339844 0.9776196575164795 11
1782396344574 0.9147873306274414 12
1782396349438 0.8535817360877991 13
1782396354217 0.793385968208313 14
1782396359066 0.7380582571029664 15
1782396363832 0.6901240348815918 16
1782396368776 0.6416474986076355 17
1782396373663 0.5956805324554444 18
1782396378330 0.5500716733932495 19
1782396383001 0.513616988658905 20
1782396387599 0.48493850469589234 21
1782396392440 0.4536768913269043 22
1782396397124 0.42999945998191835 23
1782396401834 0.4105956959724426 24
1782396406468 0.392973747253418 25
1782396416513 0.38071476340293886 26
1782396421164 0.3679080080986023 27
1782396425717 0.35696176409721375 28
1782396430287 0.3432314956188202 29
1782396434871 0.33651773929595946 30
1782396439309 0.3308436012268066 31
1782396443969 0.3298193746805191 32
1782396448491 0.3199795740842819 33
1782396452931 0.3120396077632904 34
1782396457475 0.3050093495845795 35
1782396462049 0.29931617200374605 36
1782396466566 0.2978025543689728 37
1782396471104 0.29181755185127256 38
1782396475639 0.2908208578824997 39
1782396480042 0.28655110359191893 40
1782396484527 0.2843665289878845 41
1782396489098 0.28711683452129366 42
1782396493581 0.28944379031658174 43
1782396498084 0.28161240577697755 44
1782396502724 0.280661558508873 45
1782396507550 0.2789942014217377 46
