1782335658801 1.232264461517334 1
1782335663438 0.6063959813117981 2
1782335668087 0.4776977288722992 3
1782335672761 0.4140223515033722 4
1782335677523 0.37462607979774476 5
1782335681972 0.3421308642625809 6
1782335686531 0.33435224771499633 7
1782335691253 0.3085929119586945 8
1782335695937 0.29549315214157107 9
1782335700690 0.2801995652914047 10
1782335705370 0.27410875976085664 11
1782335709883 0.26326641857624056 12
1782335714683 0.25733655333518984 13
1782335719451 0.26090015828609464 14
1782335723979 0.2593190962076187 15
1782335728577 0.2632926219701767 16
1782335733250 0.25646056354045865 17
1782335738013 0.25297539472579955 18
1782335742861 0.24814591825008392 19
1782335747792 0.24348674535751344 20
1782335752405 0.24287735939025878 21
1782335757240 0.24168795406818389 22
1782335761851 0.2400575953722 23
1782335766361 0.23761947929859162 24
1782335770886 0.23749978244304656 25
1782335775431 0.24315287709236144 26
1782335780152 0.24368894696235657 27
1782335784768 0.23924471497535704 28
1782335789411 0.24123041152954103 29
1782335794152 0.23537585467100144 30
1782335798780 0.2333118200302124 31
