1782083588376 1.4996454811096191 1
1782083592912 1.4299756813049316 2
1782083596756 0.8934374451637268 3
1782083600623 0.8040914797782898 4
1782083604406 0.7879318451881409 5
1782083608236 0.766671130657196 6
1782083611971 0.7404283809661866 7
1782083615969 0.7238766765594482 8
1782083619724 0.717913589477539 9
1782083623403 0.7024875116348267 10
1782083627051 0.6624621868133544 11
1782083630947 0.6372034740447998 12
1782083634752 0.6277958011627197 13
1782083638670 0.6156736326217651 14
1782083642404 0.5881771588325501 15
1782083646210 0.5670931005477905 16
1782083650125 0.5615144681930542 17
1782083659468 0.5541947305202484 18
1782083663282 0.5412862932682038 19
1782083667395 0.5345769989490509 20
1782083671351 0.5307102382183075 21
1782083675242 0.5297335231304169 22
1782083679410 0.5220825159549713 23
1782083683384 0.5135185813903809 24
1782083687118 0.5108448481559753 25
1782083691024 0.5083321142196655 26
1782083695327 0.5050893223285675 27
1782083699214 0.49729062914848327 28
1782083703060 0.4912326800823212 29
1782083707145 0.4977655470371246 30
1782083710919 0.49374773263931276 31
1782083714893 0.47801010966300966 32
1782083718791 0.4755599141120911 33
1782083722503 0.4769277274608612 34
1782083726162 0.47455721616744995 35
1782083729817 0.46490880131721496 36
1782083733538 0.4686191475391388 37
1782083737312 0.4616017878055573 38
1782083740921 0.4607544946670532 39
1782083744612 0.45144002556800844 40
1782083748414 0.4508271098136902 41
1782083752222 0.45371339082717893 42
1782083756060 0.4463905870914459 43
1782083759959 0.4406847405433655 44
1782083763647 0.43769084811210635 45
1782083767586 0.4450628542900085 46
1782083771371 0.4455850839614868 47
1782083775049 0.43155166506767273 48
1782083778890 0.42930717587471007 49
1782083782652 0.43154152512550353 50
1782083787038 0.43121941447257994 51
1782083790785 0.4227852761745453 52
1782083794606 0.4197098100185394 53
1782083798467 0.4217941439151764 54
1782083802375 0.4221247339248657 55
1782083806067 0.41379518747329713 56
1782083809917 0.4115798389911652 57
1782083813617 0.4177271783351898 58
1782083817724 0.42123390197753907 59
1782083821598 0.4072520589828491 60
1782083825363 0.40518504977226255 61
1782083829318 0.40621260046958924 62
1782083833169 0.4055706739425659 63
1782083836853 0.4033685255050659 64
1782083840654 0.3983784246444702 65
1782083844680 0.4026691198348999 66
1782083848379 0.40579291343688967 67
1782083852049 0.3930445909500122 68
