1782693942842 3.3138525826590404 1
1782693979418 3.099906359400068 2
1782694015873 2.922862614904131 3
1782694052668 2.7545006615774974 4
1782694091029 2.5696200472967967 5
1782694129033 2.373146176338196 6
1782694165644 2.19038724899292 7
1782694200419 2.0067052372864316 8
1782694245017 1.8308159964425224 9
1782694279289 1.672478782279151 10
1782694317177 1.5563709097249168 11
1782694354251 1.453949076788766 12
1782694391125 1.383304510797773 13
1782694434789 1.3108788004943304 14
1782694473172 1.253887095621654 15
1782694510052 1.2123517096042633 16
1782694549154 1.1708845623901911 17
1782694586773 1.1388745520796095 18
1782694620984 1.1181334086826868 19
1782694657725 1.0909897514751978 20
1782694693313 1.070991086108344 21
1782694730103 1.0467122154576438 22
1782694766448 1.0294560747487205 23
1782694804477 1.005506877388273 24
1782694847563 0.9831464162894658 25
1782694884696 0.970085295183318 26
1782694920853 0.9513296144349235 27
1782694960971 0.9378425415073123 28
1782694999409 0.9167273214885167 29
1782695037243 0.9009466597012111 30
1782695073853 0.8871229014226368 31
1782695109910 0.8654861961092267 32
1782695146495 0.8542064343179975 33
1782695183102 0.8279516739504678 34
1782695220006 0.816222784774644 35
1782695254877 0.8034653791359493 36
1782695291092 0.801694222858974 37
1782695328279 0.787266805768013 38
1782695365494 0.776888832449913 39
1782695402724 0.7659889587334224 40
1782695438872 0.7629327028989792 41
1782695475090 0.7607359843594688 42
1782695512246 0.7563329190015793 43
1782695547031 0.750505228127752 44
1782695583292 0.7471846959420613 45
1782695619590 0.7428386615855354 46
1782695655250 0.7374402263334819 47
1782695690870 0.7326066451413291 48
1782695729415 0.729775356394904 49
1782695765651 0.7250432201794216 50
1782695801756 0.7199845569474357 51
1782695837768 0.7153886748211724 52
1782695875395 0.7102533834321159 53
1782695911637 0.7111551080431256 54
1782695947465 0.7057416673217501 55
1782695984993 0.7033492944070271 56
1782696022243 0.7074466539280755 57
1782696059818 0.7009781918355397 58
