1782727455746 1.780839440497485 1
1782727470254 1.488298546184193 2
1782727484669 1.2603632563894445 3
1782727499119 1.053829695690762 4
1782727513692 0.8720423931425269 5
1782727528158 0.721554617990147 6
1782727542728 0.5999381054531444 7
1782727557407 0.5018585425886241 8
1782727571906 0.41392258825627243 9
1782727586608 0.3325705406340686 10
1782727601178 0.2748398100110618 11
1782727615701 0.2260690372098576 12
1782727630198 0.19229334796016867 13
1782727644755 0.16760478710586374 14
1782727659318 0.15060866353186694 15
1782727673862 0.1361997200345451 16
1782727688409 0.12460807693952863 17
1782727702996 0.1143737059425224 18
1782727717532 0.10953037152913483 19
1782727732242 0.10281758281317624 20
1782727746866 0.09594735740260645 21
1782727761277 0.09156984463334084 22
1782727775641 0.09028605337847363 23
1782727790127 0.08575191162526608 24
1782727804595 0.08352128314700993 25
1782727819051 0.08020092513073575 26
1782727833440 0.07862294008108703 27
1782727847914 0.07650451954792846 28
1782727862318 0.0742758729241111 29
1782727876787 0.07340631837194617 30
1782727891312 0.07033608193424615 31
1782727905851 0.06954334930262783 32
1782727920211 0.06922150919721885 33
1782727934744 0.06669059996916489 34
1782727949283 0.06588558742607181 35
1782727963691 0.065278487872671 36
1782727978164 0.06720740356567231 37
1782727992641 0.06405221408402378 38
1782728007183 0.06569633903828534 39
1782728021670 0.06213623784821142 40
1782728036250 0.06219762995500456 41
1782728050773 0.060610644180666313 42
1782728065175 0.059592848220332104 43
1782728079599 0.05782656744122505 44
1782728094150 0.058323769914832985 45
1782728108654 0.05878941443833438 46
1782728123221 0.05663533838973804 47
1782728137760 0.057243763892488045 48
1782728152366 0.056154266677119515 49
1782728166797 0.05589559394866228 50
1782728181204 0.05574531048874964 51
1782728195663 0.05499762720005079 52
1782728210308 0.05406462468884208 53
