1782645378642 2.925969197832305 1
1782645393533 2.7226771650643182 2
1782645408921 2.541219316679856 3
1782645424446 2.350502244357405 4
1782645439974 2.148440435014922 5
1782645456715 1.9462562265067265 6
1782645473195 1.7484617151063064 7
1782645489165 1.5614434768413674 8
1782645504997 1.4016820726723507 9
1782645521535 1.2662887408815582 10
1782645537713 1.156929036666607 11
1782645553722 1.0752465067238643 12
1782645570141 0.9964732897692713 13
1782645586282 0.937362278329915 14
1782645601525 0.8857912873399669 15
1782645616789 0.8477229763721598 16
1782645632480 0.8114815189920622 17
1782645648658 0.7761343039315323 18
1782645664188 0.7548758963058735 19
1782645843508 0.7150996162973601 20
1782645859107 0.693957230140423 21
1782645874752 0.6695142963836933 22
1782645889995 0.6431493368642084 23
1782645906035 0.6221849404532334 24
1782645922586 0.6011930930203405 25
1782645938194 0.5847622505549727 26
1782645954375 0.5729872604896282 27
1782645970510 0.5609532615234112 28
1782645986896 0.5562003378210396 29
1782646003702 0.5501041001287 30
1782646020805 0.5356465619185875 31
1782646037309 0.5250969652471871 32
1782646053086 0.5231794766310988 33
1782646069233 0.5182281794219181 34
1782646084850 0.5090671048082155 35
1782646100902 0.5082778499044222 36
1782646116236 0.5030083399394463 37
1782646132668 0.4965552831518239 38
1782646148190 0.49292053025344323 39
1782646163091 0.4905657644929557 40
1782646178225 0.48812620598694373 41
1782646193199 0.4912240690198438 42
1782646211969 0.4862745712543356 43
1782646227365 0.4831283061668791 44
1782646242951 0.4848574749354658 45
1782646259270 0.48036830075855913 46
1782646275279 0.473438631871651 47
1782646293204 0.4765684111364957 48
1782646309055 0.4737790175553026 49
1782646324738 0.47152348427936946 50
1782646341014 0.47198591869452905 51
1782646356035 0.46657784437311106 52
1782646371277 0.46436886951841155 53
1782646387307 0.46324308165188494 54
1782646402072 0.46258827324571283 55
1782646417035 0.46077088960285845 56
1782646432545 0.4625295780856034 57
1782646447778 0.459970506100819 58
1782646462652 0.4584466424481622 59
1782646478888 0.45855457823852014 60
1782646494545 0.45622768073246395 61
1782646509317 0.45350230356742594 62
1782646525371 0.45506995299766806 63
1782646540443 0.45521629576025335 64
1782646555904 0.45430965567457265 65
1782646571982 0.45323632914444495 66
1782646587096 0.45419829158947383 67
1782646602711 0.4515138843963886 68
1782646618216 0.45140603801299783 69
1782646633266 0.45072669099117146 70
1782646649075 0.45084311838807734 71
1782646668007 0.4507261936006875 72
1782646683691 0.45041321988763483 73
1782646699796 0.44985938894337624 74
