1782692844456 1.1597666343053181 1
1782692846796 1.0398431221644084 2
1782692849058 0.978849987188975 3
1782692851287 0.9391555289427439 4
1782692853541 0.9107924203077952 5
1782692855799 0.8900913198788961 6
1782692858088 0.8708775838216146 7
1782692860366 0.8523468871911367 8
1782692862627 0.8344290653864542 9
1782692864918 0.8163792391618093 10
1782692867209 0.8038042982419332 11
1782692869433 0.7826093037923177 12
1782692871715 0.7678072253863016 13
1782692873966 0.750305970509847 14
1782692876244 0.7387452026208242 15
1782692878517 0.7212406992912292 16
1782692880740 0.7038384477297465 17
1782692883026 0.6906762719154358 18
1782692885340 0.6783018708229065 19
1782692887616 0.6657073895136515 20
1782692889865 0.653394341468811 21
1782692892151 0.6404618620872498 22
1782692894471 0.627599835395813 23
1782692896687 0.6162989139556885 24
1782692898930 0.6032033860683441 25
1782692901177 0.5865925749142965 26
1782692903440 0.586214562257131 27
1782692905707 0.5696503718694051 28
1782692907945 0.5617258846759796 29
1782692910251 0.5451374650001526 30
1782692912509 0.5320068001747131 31
1782692914778 0.5218391716480255 32
1782692917073 0.5143347630898157 33
1782692919345 0.5059807151556015 34
1782692921592 0.4918021361033122 35
1782692923870 0.4783641000588735 36
1782692926125 0.4716716408729553 37
1782692928404 0.46451325714588165 38
1782692930670 0.4533969114224116 39
1782692932945 0.4448051353295644 40
1782692935180 0.4319983720779419 41
1782692937455 0.42779383560021716 42
1782692939740 0.41451286772886914 43
1782692941995 0.40392401814460754 44
1782692944259 0.39719392359256744 45
1782692946539 0.38841963311036426 46
1782692948792 0.3863154550393422 47
1782692951050 0.37093230585257214 48
1782692953344 0.36365487178166706 49
1782692955603 0.3546973566214244 50
1782692957849 0.3473089635372162 51
1782692960096 0.3397606710592906 52
1782692962382 0.33413833876450855 53
1782692964635 0.32894747455914813 54
1782692966913 0.3181699315706889 55
1782692969179 0.3130452384551366 56
1782692971452 0.30420918265978497 57
1782692973700 0.2980439066886902 58
1782692975961 0.2988354563713074 59
1782692978224 0.29871218899885815 60
1782692980480 0.2958327531814575 61
