1782081674519 1.832327003479004 1
1782081679332 1.4787900733947754 2
1782081684148 0.7820903253555298 3
1782081688977 0.6598800683021545 4
1782081693839 0.6268992018699646 5
1782081698413 0.5603837728500366 6
1782081702895 0.4809204936027527 7
1782081707360 0.44584991335868834 8
1782081711834 0.4344883155822754 9
1782081716349 0.4228225982189178 10
1782081720821 0.40200904130935666 11
1782081725414 0.38632178902626035 12
1782081729875 0.3799394488334656 13
1782081734358 0.3803866589069366 14
1782081744086 0.3693520140647888 15
1782081748558 0.35706722259521484 16
1782081753000 0.35333694458007814 17
1782081757493 0.3527559375762939 18
1782081761961 0.34725192070007327 19
1782081766461 0.3375212675333023 20
1782081770939 0.3364819186925888 21
1782081775383 0.3410219061374664 22
1782081779846 0.3324759125709534 23
1782081784347 0.3244055640697479 24
1782081788808 0.3193141657114029 25
1782081793268 0.3216082322597504 26
1782081797758 0.3256897735595703 27
1782081802240 0.3116877955198288 28
1782081806742 0.30992719292640686 29
1782081811210 0.3111490714550018 30
1782081815644 0.31208381831645965 31
1782081820117 0.3003838610649109 32
1782081824595 0.2991376322507858 33
1782081829093 0.30544246375560763 34
1782081833521 0.302731454372406 35
1782081837993 0.29021772801876067 36
1782081842485 0.29015411019325255 37
1782081847002 0.29647746741771697 38
1782081851455 0.2963780415058136 39
1782081861336 0.29062746405601503 40
1782081865835 0.28496151328086855 41
1782081870322 0.28889957189559934 42
1782081874830 0.2907222050428391 43
1782081879279 0.2825871556997299 44
1782081883815 0.2809880030155182 45
1782081888296 0.28916066825389863 46
1782081892846 0.2847848844528198 47
1782081897321 0.2784600704908371 48
1782081901824 0.27643352568149565 49
1782081906312 0.28106656551361087 50
1782081910771 0.2830482113361359 51
1782081915296 0.27797497749328615 52
1782081919983 0.2760140019655228 53
1782081924507 0.27962027192115785 54
1782081928946 0.2848657214641571 55
1782081933396 0.2752239316701889 56
1782081943321 0.27119136214256284 57
1782081947862 0.2748843193054199 58
1782081952382 0.27238586664199826 59
1782081956857 0.2708965694904327 60
1782081961377 0.2670112693309784 61
1782081965908 0.27226224601268767 62
1782081970793 0.272558725476265 63
1782081975296 0.2684533059597015 64
1782081979811 0.26381502151489256 65
1782081984321 0.27084360718727113 66
1782081988856 0.2700656247138977 67
1782081993298 0.2645962744951248 68
1782081997793 0.26095928609371183 69
1782082002288 0.2654623299837112 70
1782082006753 0.2690071487426758 71
