1781755437040 1.496575144621042 1
1781755453307 1.3667836831166194 2
1781755470278 1.2770136839304216 3
1781755487653 1.2063889564611974 4
1781755505059 1.1439218521118164 5
1781755522221 1.0862932999928792 6
1781755539268 1.0379154819708605 7
1781755556548 0.9872676393924615 8
1781755572833 0.9450707466174395 9
1781755589421 0.9075603974171174 10
1781755606443 0.8707147041956583 11
1781755623543 0.835883400379083 12
1781755640498 0.8063151821112021 13
1781755657171 0.7849086813437633 14
1781755674547 0.7654093152437454 15
1781755690537 0.7473359994399242 16
1781755707172 0.7216686957921737 17
1781755724555 0.7024926375120114 18
1781755741640 0.6897111473939358 19
1781755759517 0.6701131829848657 20
1781755777464 0.6528219947448144 21
1781755794793 0.646142962651375 22
1781755811946 0.6409462384688549 23
1781755828310 0.6185565178210919 24
1781755845414 0.6153572828341753 25
1781755862605 0.6086563865343729 26
1781755879754 0.5985249938108982 27
1781755897595 0.582771422007145 28
1781755915440 0.5808948538242242 29
1781755933099 0.5771883710836753 30
1781755959370 0.5687181177811745 31
1781755976765 0.568195077089163 32
1781755993979 0.5645186885809287 33
1781756011883 0.5475494456596863 34
1781756029941 0.5477504768432715 35
1781756047635 0.5488502085208893 36
1781756065180 0.5352510168002202 37
1781756081426 0.5267341534296671 38
1781756098939 0.5302074131293174 39
1781756116294 0.5308073606246557 40
1781756133683 0.5312442137644842 41
1781756150604 0.5190056310250208 42
1781756168213 0.5120751078312213 43
1781756185787 0.5073019594718249 44
1781756202416 0.50731443747496 45
1781756219395 0.5122296313444773 46
1781756236573 0.5026067220247709 47
1781756254011 0.4919705452063145 48
1781756271123 0.4896146517533522 49
1781756288069 0.4882264603406955 50
1781756305457 0.4831045354023958 51
1781756321640 0.4849485907799158 52
1781756338600 0.4748732027335045 53
1781756355447 0.47930459410716325 54
1781756372554 0.48411398820388013 55
1781756389980 0.4805278097971892 56
1781756406821 0.48138712231929487 57
1781756423881 0.47234700276301456 58
1781756474134 0.4736504799280411 59
1781756490715 0.46761723283009654 60
1781756507688 0.4700407882531484 61
