1782662442228 1.3368165775349266 1
1782662447052 1.178712640938006 2
1782662451935 1.0724728389790184 3
1782662456613 0.9714732013250652 4
1782662461278 0.8758517691963598 5
1782662466096 0.7783092197618986 6
1782662470823 0.6853259472470534 7
1782662475689 0.5951217899197027 8
1782662480459 0.5154278207766382 9
1782662485203 0.4382218083268718 10
1782662489947 0.3754599988460541 11
1782662494766 0.31279568060448293 12
1782662499561 0.2688142057312162 13
1782662504268 0.2343673921729389 14
1782662509081 0.204792951282702 15
1782662513835 0.19007137613861183 16
1782662518552 0.17042742767616323 17
1782662523375 0.16064290506275078 18
1782662528244 0.15378217320693166 19
1782662533043 0.14652844910558901 20
1782662537874 0.13739829530057154 21
1782662542665 0.13646374093858818 22
1782662547475 0.13385737079538798 23
1782662552346 0.13801121496056257 24
1782662557128 0.12570714225110255 25
1782662561893 0.11999356472178509 26
1782662566713 0.11546086245461513 27
1782662571473 0.11156184794871431 28
1782662576269 0.11171706471788256 29
1782662581029 0.11010233567733514 30
1782662585761 0.1105769021730674 31
1782662590560 0.10840029171422909 32
1782662595441 0.10810726077148788 33
1782662600264 0.1084566757475075 34
1782662605010 0.10617678945786074 35
1782662609869 0.10427286711178328 36
1782662614659 0.10491472345433737 37
1782662619551 0.14163251162359589 38
1782662624369 0.11521418451478607 39
1782662629189 0.10668156982252472 40
1782662634038 0.10490492888187107 41
1782662638868 0.10235419516500674 42
1782662643762 0.10252805760032252 43
1782662648485 0.10480228007624023 44
1782662653299 0.10048527799938854 45
1782662658072 0.09941785978643518 46
1782662662914 0.09936671900121789 47
1782662667651 0.0966127666791803 48
1782662672500 0.10032753195417554 49
1782662677236 0.10431800410151482 50
1782662682064 0.09847714261789071 51
1782662686876 0.09742950471608262 52
