1781114079093 1.4452806615829468 1
1781114083494 1.0341578865051269 2
1781114088117 0.8914529418945313 3
1781114092365 0.8195568156242371 4
1781114096658 0.7291113471984864 5
1781114101005 0.6907189297676086 6
1781114105532 0.6675852847099304 7
1781114109562 0.6486751437187195 8
1781114113968 0.6257170462608337 9
1781114118258 0.6082184648513794 10
1781114122560 0.5895494031906128 11
1781114127072 0.5662662565708161 12
1781114131467 0.533784806728363 13
1781114136101 0.5130692040920257 14
1781114140582 0.4861728668212891 15
1781114145011 0.4562365031242371 16
1781114149651 0.4466383504867554 17
1781114153873 0.4301583969593048 18
1781114158006 0.4004879665374756 19
1781114161993 0.38983882665634156 20
1781114166274 0.379049254655838 21
1781114170749 0.36939876317977904 22
1781114175001 0.37114935398101806 23
1781114179212 0.3646491384506226 24
1781114183242 0.3464455139636993 25
1781114187899 0.33985188364982605 26
1781114191984 0.32904296934604643 27
1781114196341 0.32326291799545287 28
1781114200519 0.33567646503448484 29
1781114205001 0.3252438515424728 30
1781114209278 0.31599857568740847 31
1781114213658 0.3112711602449417 32
1781114218085 0.30930167317390445 33
1781114222746 0.31611066937446597 34
1781114227001 0.299275318980217 35
1781114231449 0.2954908162355423 36
1781114235595 0.29930131316185 37
1781114240047 0.29078997433185577 38
1781114244122 0.28867424845695494 39
1781114248545 0.28628565788269045 40
1781114252922 0.29595089197158814 41
1781114257209 0.28413423895835876 42
1781114261157 0.28400235772132876 43
1781114265273 0.2792330622673035 44
1781114269704 0.2761228609085083 45
1781114273877 0.27344866037368776 46
1781114278149 0.2725226229429245 47
1781114282392 0.2697863960266113 48
1781114286815 0.26589550375938414 49
1781114291032 0.26420474708080294 50
1781114295471 0.2665917259454727 51
1781114299746 0.266560874581337 52
1781114304224 0.2644906878471375 53
1781114308429 0.2640342342853546 54
1781114312564 0.26159540712833407 55
1781114316739 0.26021481335163116 56
1781114321114 0.25848219096660613 57
1781114325293 0.2657099658250809 58
1781114329487 0.26235487043857575 59
1781114333756 0.25370969116687775 60
1781114338306 0.2546979010105133 61
1781114342632 0.25669468104839327 62
1781114346916 0.2539242571592331 63
1781114351248 0.2576374989748001 64
1781114355512 0.25787555038928983 65
1781114359722 0.2539761132001877 66
1781114364032 0.251903241276741 67
1781114368281 0.25055168628692626 68
1781114372562 0.2499666231870651 69
1781114376792 0.256093989610672 70
1781114380940 0.26050647377967834 71
1781114385116 0.25254450500011444 72
1781114389216 0.2456785935163498 73
1781114393382 0.2451574546098709 74
1781114397463 0.2455493426322937 75
1781114401991 0.24706452906131746 76
1781114406855 0.2454456901550293 77
1781114410993 0.245550040602684 78
1781114415124 0.2483653259277344 79
1781114418957 0.24735161125659944 80
1781114423139 0.24686929047107697 81
1781114432280 0.24425459623336793 82
1781114436376 0.24361024022102357 83
1781114440436 0.242331120967865 84
1781114444712 0.24198976993560792 85
1781114448987 0.2418280076980591 86
1781114453033 0.23929693281650544 87
1781114457296 0.24315332174301146 88
1781114461221 0.24217909038066865 89
1781114465681 0.24094164967536927 90
1781114469778 0.24010097801685334 91
1781114473906 0.23881075739860536 92
1781114478210 0.2407253623008728 93
1781114482369 0.23931296169757843 94
1781114486612 0.2390771996974945 95
1781114490975 0.23800033688545227 96
1781114494866 0.23656955778598784 97
1781114499044 0.24114473521709442 98
1781114503238 0.23731352388858795 99
1781114507703 0.23921296775341033 100
