1782650963753 1.3554673790931702 1
1782650965316 1.2554427981376648 2
1782650966896 1.2282668501138687 3
1782650968431 1.1883777379989624 4
1782650970011 1.1697323024272919 5
1782650971627 1.1428683251142502 6
1782650973232 1.1164966374635696 7
1782650974823 1.083932638168335 8
1782650976397 1.059932678937912 9
1782650977974 1.0410327911376953 10
1782650979486 1.0153256580233574 11
1782650981075 1.0064870342612267 12
1782650982665 0.9809797778725624 13
1782650984228 0.9539767876267433 14
1782650985750 0.9382650181651115 15
1782650987314 0.9212606027722359 16
1782650988929 0.90635085105896 17
1782650990479 0.8772541061043739 18
1782650992035 0.862788550555706 19
1782650993654 0.8411362841725349 20
1782650995249 0.8188765719532967 21
1782650996811 0.8055477142333984 22
1782650998420 0.7953420430421829 23
1782650999954 0.7717248797416687 24
1782651001611 0.7524337470531464 25
1782651003221 0.7337087541818619 26
1782651004743 0.7223501205444336 27
1782651006276 0.712080679833889 28
1782651007816 0.7078642323613167 29
1782651009375 0.6832573562860489 30
1782651011009 0.667786531150341 31
1782651012603 0.6534622088074684 32
1782651014165 0.6312218308448792 33
1782651015714 0.6231085509061813 34
1782651017241 0.6072772890329361 35
1782651018822 0.5940164923667908 36
1782651020421 0.585055485367775 37
1782651022002 0.5650557279586792 38
1782651023639 0.5447742342948914 39
1782651025284 0.5372783541679382 40
1782651026989 0.5265835523605347 41
1782651028627 0.5047108940780163 42
1782651030227 0.49135722219944 43
1782651031848 0.473304133862257 44
1782651033402 0.4629179537296295 45
1782651035017 0.45642512664198875 46
1782651036632 0.437930129468441 47
1782651038227 0.4266638159751892 48
1782651039920 0.42129141092300415 49
1782651041547 0.4178433194756508 50
1782651043130 0.4039134569466114 51
1782651044733 0.39471249654889107 52
1782651046293 0.38106129318475723 53
1782651047979 0.3704999051988125 54
1782651049563 0.3686876595020294 55
1782651051140 0.35292067378759384 56
1782651052765 0.3425538130104542 57
1782651054379 0.3315289840102196 58
1782651055952 0.32799267023801804 59
1782651057669 0.3191730007529259 60
1782651059245 0.32769401744008064 61
1782651060872 0.307854238897562 62
1782651062476 0.30056750774383545 63
1782651064069 0.2913062311708927 64
1782651065673 0.2886143885552883 65
1782651067257 0.2889738343656063 66
1782651068849 0.2787967287003994 67
1782651070411 0.30105768516659737 68
1782651071996 0.30584766715765 69
