1782328983328 1.6317660999298096 1
1782328987925 1.5701407289505005 2
1782328992294 1.4785418939590453 3
1782328996676 1.4356983470916749 4
1782329000937 1.4238041067123413 5
1782329005063 1.3935488653182984 6
1782329009219 1.3422206449508667 7
1782329013437 1.3076924991607666 8
1782329017772 1.2965734195709229 9
1782329022152 1.2665335988998414 10
1782329026491 1.2153200149536132 11
1782329030725 1.1820405387878419 12
1782329035220 1.172444429397583 13
1782329039317 1.1448592615127564 14
1782329043503 1.0971016836166383 15
1782329047725 1.0662386322021484 16
1782329052020 1.0564666175842286 17
1782329056248 1.0314606714248657 18
1782329060622 0.9896483516693115 19
1782329065045 0.9615112829208374 20
1782329069635 0.9507767009735107 21
1782329074240 0.9283925461769104 22
1782329078706 0.8863085174560547 23
1782329083258 0.8607787871360779 24
1782329087876 0.8522863268852234 25
1782329092217 0.832260947227478 26
1782329096783 0.7944357466697692 27
1782329101017 0.7705565166473388 28
1782329105433 0.762923424243927 29
1782329109715 0.7444769835472107 30
1782329114155 0.7123564624786377 31
1782329118637 0.6913554191589355 32
1782329123066 0.684955780506134 33
1782329127234 0.6701716947555542 34
1782329131505 0.6438249897956848 35
1782329135882 0.623274495601654 36
1782329140216 0.6179377102851867 37
1782329144711 0.6062353205680847 38
1782329148960 0.588377480506897 39
1782329153300 0.5710465383529663 40
1782329157748 0.5632810258865356 41
1782329162055 0.5580367565155029 42
1782329166225 0.5420420289039611 43
1782329171047 0.5255879735946656 44
1782329175346 0.5236762011051178 45
1782329179870 0.5165940320491791 46
1782329184226 0.5049262928962708 47
1782329188826 0.4934177005290985 48
1782329193049 0.49242697715759276 49
1782329197659 0.4848260390758514 50
1782329201706 0.4764111089706421 51
1782329206073 0.4674765372276306 52
1782329210587 0.4649896216392517 53
1782329215023 0.4646539843082428 54
1782329219330 0.4566801476478577 55
1782329224421 0.44712310910224917 56
1782329229072 0.44394956350326537 57
1782329233430 0.44684624195098877 58
1782329238050 0.43923995733261106 59
1782329242573 0.43023340940475463 60
1782329246773 0.4288550317287445 61
1782329251241 0.43245656847953795 62
1782329255615 0.4248481631278992 63
1782329260185 0.42399683833122254 64
1782329264701 0.4191840100288391 65
1782329269305 0.4227508854866028 66
1782329274064 0.4171204006671905 67
1782329278285 0.41059176564216615 68
1782329282568 0.4114754366874695 69
1782329287035 0.4108677446842194 70
1782329291518 0.4073923146724701 71
1782329295889 0.403568834066391 72
1782329300220 0.39994921326637267 73
1782329304774 0.4012893795967102 74
1782329309259 0.40053482055664064 75
1782329313692 0.39845093846321106 76
1782329318306 0.39386954784393313 77
1782329322742 0.39790457487106323 78
1782329327199 0.39259768605232237 79
1782329331201 0.3924154770374298 80
1782329335524 0.3868289995193481 81
1782329339860 0.38856263637542726 82
1782329344216 0.389799485206604 83
1782329348535 0.38823280453681946 84
1782329352696 0.38128332257270814 85
1782329356756 0.38617528915405275 86
1782329361389 0.38417971014976504 87
1782329365688 0.3796787941455841 88
1782329369762 0.37779417395591736 89
1782329373851 0.3844728970527649 90
