1781978476727 1.4317143452473176 1
1781978497213 1.2974759584818132 2
1781978522028 1.2216789661309657 3
1781978543082 1.1530062327018151 4
1781978563772 1.0858967640461066 5
1781978584567 1.0191222413992271 6
1781978607017 0.9555837970513564 7
1781978627524 0.8959763615559309 8
1781978648670 0.8355965002989157 9
1781978669770 0.7828379777761606 10
1781978691760 0.7289565893319937 11
1781978712297 0.6873729993135501 12
1781978733165 0.6360506965563848 13
1781978754129 0.5980214583568084 14
1781978774868 0.5651952425638834 15
1781978795815 0.5288987129162519 16
1781978816636 0.506732511978883 17
1781978837070 0.46891143994453627 18
1781978857888 0.450228587939189 19
1781978878768 0.42128003331331104 20
1781978899476 0.3973649411629408 21
1781978920473 0.38921433763626295 22
1781978946098 0.3743653687146994 23
1781978971721 0.3555926588865427 24
1781978992563 0.35267070394295913 25
1781979013476 0.3335814193273202 26
1781979035530 0.3111226661847188 27
1781979056170 0.31875224831776744 28
1781979076819 0.301528377028612 29
1781979097557 0.28105093385928714 30
1781979118674 0.29099673873338944 31
1781979139504 0.27885766327381134 32
1781979160479 0.27074425113506806 33
1781979182420 0.26619823773701984 34
1781979203228 0.2635366939581357 35
1781979224805 0.26317957234688294 36
1781979245796 0.2519936252098817 37
1781979266712 0.2470491390961867 38
1781979287745 0.24750533394324473 39
1781979308670 0.2346241982319416 40
1781979329646 0.2264916350444158 41
1781979350820 0.22639627716480157 42
1781979372456 0.22806896651402497 43
1781979393356 0.22173699010641146 44
1781979414298 0.2142899093719629 45
1781979435084 0.2183143022732857 46
1781979455927 0.21716666030578125 47
1781979476812 0.20020062380876297 48
1781979498242 0.19639890851118627 49
1781979518693 0.19238786170115837 50
1781979539343 0.1910383166410984 51
1781979560506 0.2159879669929162 52
1781979581861 0.19121494851051232 53
1781979602602 0.19528681536515555 54
1781979624467 0.19626061847576728 55
1781979645369 0.19864655610842583 56
