1782603541053 2.217865695556005 1
1782603549048 2.10339147845904 2
1782603557226 2.015391916036606 3
1782603564904 1.9054550677537918 4
1782603572721 1.781034563978513 5
1782603580672 1.6401755462090175 6
1782603588397 1.4885024577379227 7
1782603595871 1.3403988927602768 8
1782603604693 1.2024365961551666 9
1782603612583 1.0779461115598679 10
1782603620099 0.9661184176802635 11
1782603628409 0.8681766837835312 12
1782603636321 0.779973621169726 13
1782603644957 0.7010403995712599 14
1782603652567 0.6270166759689649 15
1782603660385 0.5586987882852554 16
1782603667486 0.5039498247206211 17
1782603675049 0.44784360006451607 18
1782603682844 0.40038639803727466 19
1782603690288 0.3616264189283053 20
1782603697933 0.3226277381181717 21
1782603705547 0.29432816803455353 22
1782603713329 0.2705885525792837 23
1782603721701 0.2491967026144266 24
1782603729377 0.23241681108872095 25
1782603737027 0.21457159953812757 26
1782603744411 0.20653399142126241 27
1782603751842 0.1950833642234405 28
1782603759347 0.18504515600701174 29
1782603766837 0.17753099029262862 30
1782603773966 0.17044401541352272 31
1782603781989 0.16711980725328127 32
1782603789545 0.16231074494620165 33
1782603797314 0.15448904503136873 34
1782603804833 0.14978771718839803 35
1782603812543 0.1568829162667195 36
1782603820052 0.14950772685309252 37
1782603828185 0.14476485395183167 38
1782603835829 0.13956953647236028 39
1782603843669 0.13613502432902655 40
1782603851322 0.13463246542960405 41
1782603858602 0.13212576198081175 42
1782603866022 0.12980682806422314 43
1782603874021 0.13022368618597588 44
1782603881778 0.1294312042494615 45
1782603889262 0.12989450929065546 46
1782603897268 0.12426566022137801 47
1782603905078 0.12252872530370951 48
