1782645865189 2.4060578048229218 1
1782645873776 2.269760916630427 2
1782645881789 2.1472000181674957 3
1782645889668 2.0130494435628257 4
1782645898478 1.869427040219307 5
1782645907128 1.717550699909528 6
1782645915152 1.5577757557233174 7
1782645923309 1.400313933690389 8
1782645932307 1.2552288870016735 9
1782645939820 1.125875284274419 10
1782645947948 1.0161426464716594 11
1782645955808 0.9220887745420138 12
1782645963472 0.8412552351752917 13
1782645971307 0.7698116824030876 14
1782645979859 0.7078444684545199 15
1782645987912 0.6475833753744761 16
1782645995527 0.5935464277863503 17
1782646003545 0.5404176041483879 18
1782646012153 0.4971466474235058 19
1782646020711 0.4568154613176982 20
1782646029930 0.41920674095551175 21
1782646037483 0.38691287363568944 22
1782646046017 0.3623061651984851 23
1782646053640 0.3385744479795297 24
1782646061377 0.3170663925508658 25
1782646069049 0.30293198054035503 26
1782646076940 0.2878560634950797 27
1782646085020 0.2726629562675953 28
1782646092802 0.26046132172147435 29
1782646100890 0.25493963435292244 30
1782646108882 0.24570844260354838 31
1782646116702 0.23757582840820154 32
1782646124588 0.22964331321418285 33
1782646132172 0.2216981084396442 34
1782646139627 0.2177920794735352 35
1782646147720 0.2106263761719068 36
1782646155717 0.20774494794507822 37
1782646163796 0.20515155295530954 38
1782646171294 0.20195138392349085 39
1782646179135 0.19524934577445188 40
1782646186831 0.19487051169077554 41
1782646194651 0.19149398369093737 42
1782646202144 0.18877114603916803 43
1782646212704 0.18633130316932997 44
1782646220569 0.18166842808326086 45
1782646228017 0.18040569685399532 46
1782646235456 0.17970797047019005 47
1782646243728 0.17760894385476908 48
1782646251956 0.17390918297072253 49
1782646259816 0.1734444871544838 50
1782646267530 0.17081226160128912 51
1782646275054 0.1685199961066246 52
1782646283912 0.1661372488985459 53
1782646291803 0.1653010118752718 54
1782646299318 0.16652571161588034 55
1782646307311 0.16944671422243118 56
1782646314917 0.1623496034493049 57
1782646322075 0.16084250683585802 58
1782646330190 0.15987807139754295 59
1782646338541 0.15960092345873514 60
1782646346032 0.15784603419403234 61
