1782662692886 2.2394866209763746 1
1782662698135 2.0489740004906287 2
1782662704495 1.981054159311148 3
1782662709296 1.9189135569792528 4
1782662714244 1.862317993090703 5
1782662719046 1.7995893496733446 6
1782662724226 1.7421377988962026 7
1782662729547 1.6761969327926636 8
1782662734168 1.6166413655647864 9
1782662739183 1.5488080153098474 10
1782662744734 1.4873518760387714 11
1782662749715 1.4238876562852125 12
1782662754392 1.3598157992729774 13
1782662759651 1.2985540628433228 14
1782662764838 1.2438492316466112 15
1782662770161 1.1811483456538274 16
1782662775105 1.121886711854201 17
1782662780664 1.0824497112861047 18
1782662785912 1.0773677092332106 19
1782662790722 1.0179503697615404 20
1782662796186 0.980908623108497 21
1782662801008 0.9505156645408044 22
1782662805987 0.9240557964031513 23
1782662811026 0.8866433088596051 24
1782662815804 0.8595579404097337 25
1782662820875 0.8366394776564378 26
1782662825573 0.8119180890230032 27
1782662830317 0.7949670874155484 28
1782662835173 0.77772344992711 29
1782662840084 0.7621411360227145 30
1782662845169 0.7424726669604962 31
1782662850763 0.7317287555107703 32
1782662855633 0.7170655773236201 33
1782662860524 0.7045713388002836 34
1782662865244 0.696574697127709 35
1782662870257 0.6781319517355698 36
1782662875105 0.6678754412210904 37
1782662879818 0.6576364865669837 38
1782662884680 0.647524187198052 39
1782662889734 0.6389275239064143 40
1782662894344 0.6342124526317303 41
1782662899523 0.6048960777429434 42
1782662904440 0.5891471551014826 43
1782662909599 0.5880943674307603 44
1782662914770 0.5787136142070477 45
1782662919376 0.5571907483614408 46
1782662930054 0.5502240382708036 47
1782662935269 0.5416156512040359 48
1782662940451 0.5302138099303613 49
1782662945394 0.5244283217650193 50
1782662950460 0.5163763990769019 51
1782662955683 0.503138386286222 52
1782662960707 0.47774481085630566 53
1782662965663 0.455078872350546 54
1782662970708 0.46238073248129624 55
1782662976032 0.4547510536817404 56
1782662980961 0.43998271456131566 57
1782662985762 0.4357061523657579 58
1782662990734 0.42210559203074527 59
1782662995682 0.4251776933670044 60
1782663000791 0.42107845040468067 61
1782663006319 0.42326988165195173 62
1782663011622 0.4203898860858037 63
1782663016950 0.4068685265687796 64
1782663021757 0.4026648952410771 65
1782663026665 0.4019481104153853 66
1782663031301 0.40549535246995777 67
1782663036013 0.4067561741058643 68
1782663041140 0.40277497126505923 69
1782663045834 0.3960018433057345 70
1782663050921 0.39442435594705433 71
1782663056452 0.39872492735202497 72
1782663061887 0.39223443544827974 73
1782663067163 0.40602325246884274 74
1782663071956 0.39355690204180205 75
1782663076882 0.3861108078406407 76
