1782653796800 1.5560235679149628 1
1782653798450 1.4509521424770355 2
1782653800039 1.4076179713010788 3
1782653801700 1.3805318474769592 4
1782653803286 1.3660920411348343 5
1782653804903 1.3430643826723099 6
1782653806516 1.3220907747745514 7
1782653808158 1.3056222945451736 8
1782653809770 1.2962232381105423 9
1782653811389 1.2904198169708252 10
1782653812994 1.2613613605499268 11
1782653814640 1.2439882457256317 12
1782653816356 1.2255992591381073 13
1782653818016 1.2124954462051392 14
1782653819631 1.213277667760849 15
1782653821250 1.1963155418634415 16
1782653822990 1.174366980791092 17
1782653824644 1.1647890508174896 18
1782653826289 1.1432059556245804 19
1782653827987 1.1357026547193527 20
1782653829601 1.1529372334480286 21
1782653831263 1.1224495619535446 22
1782653832887 1.1107397079467773 23
1782653834524 1.0869390070438385 24
1782653836186 1.0663593262434006 25
1782653837854 1.0601234063506126 26
1782653839540 1.034109115600586 27
1782653841180 1.0329212993383408 28
1782653842815 1.007307305932045 29
1782653844462 1.0037274807691574 30
1782653846149 0.9946554973721504 31
1782653847781 0.976117417216301 32
1782653849487 0.9550589919090271 33
1782653851086 0.9496428892016411 34
1782653852748 0.9389697536826134 35
1782653854381 0.9291889518499374 36
1782653855968 0.9212730750441551 37
1782653857657 0.8948749676346779 38
1782653859337 0.8831802979111671 39
1782653860994 0.8853737860918045 40
1782653862711 0.8790652006864548 41
1782653864361 0.8663258627057076 42
1782653866007 0.8459781184792519 43
1782653867650 0.852019302546978 44
1782653869353 0.8225454911589622 45
1782653871016 0.806572325527668 46
1782653872678 0.7925705388188362 47
1782653874364 0.8046368137001991 48
1782653876021 0.7819554805755615 49
1782653877678 0.7945100218057632 50
1782653879296 0.7611678466200829 51
1782653880942 0.7526057586073875 52
1782653882588 0.74721659719944 53
1782653884283 0.7344401776790619 54
1782653885945 0.7365082427859306 55
1782653887585 0.7186485677957535 56
1782653889200 0.707786962389946 57
1782653890828 0.7068072184920311 58
1782653892431 0.697447769343853 59
1782653894057 0.6838333830237389 60
1782653895726 0.6670828461647034 61
1782653897390 0.6737123057246208 62
1782653898990 0.661359466612339 63
1782653900617 0.6571348533034325 64
1782653902299 0.6482205986976624 65
1782653903890 0.634699247777462 66
1782653905558 0.6384118050336838 67
1782653907211 0.6309735029935837 68
1782653908864 0.6241390556097031 69
