1782761960774 2.5028144396268406 1
1782761965665 2.3319816222557654 2
1782761970417 2.231488924760085 3
1782761975890 2.156775034390963 4
1782761980590 2.083901680432833 5
1782761985573 2.0266344914069543 6
1782761990142 1.9603495047642634 7
1782761994718 1.8883777948526235 8
1782761999422 1.8241057304235606 9
1782762003996 1.7607385011819692 10
1782762008562 1.6928889843133779 11
1782762012991 1.6182759358332708 12
1782762017729 1.5553014736909132 13
1782762022347 1.4811628139936006 14
1782762026926 1.4095602494019728 15
1782762031765 1.345560257251446 16
1782762036859 1.2865537771811852 17
1782762041628 1.2200666390932524 18
1782762046093 1.1603774841015155 19
1782762050843 1.1175853655888484 20
1782762055349 1.0813601933992827 21
1782762060373 1.0312465108357942 22
1782762065317 0.9897370613538302 23
1782762070060 0.9554416949932392 24
1782762074839 0.9263343444237342 25
1782762079471 0.8953381043214065 26
1782762084148 0.8729564547538757 27
1782762088960 0.8472055884507986 28
1782762093848 0.8210657376509446 29
1782762098480 0.7921884931050814 30
1782762103220 0.7586459058981675 31
1782762107753 0.7307993953044598 32
1782762112511 0.7036937796152555 33
1782762117192 0.6790071175648615 34
1782762121899 0.6478329942776606 35
1782762126773 0.6326663264861474 36
1782762131376 0.6061295546018161 37
1782762136353 0.5997010102638831 38
1782762140941 0.5821658693827115 39
1782762145689 0.5624176630607018 40
1782762150673 0.5537671355100778 41
1782762155449 0.5328767941548274 42
1782762160120 0.5322979872043316 43
1782762164685 0.5168307171418116 44
1782762169241 0.5040393884365375 45
1782762173863 0.4876643923612741 46
1782762178507 0.48915820396863496 47
1782762182983 0.4891815139697148 48
1782762187452 0.4785710137624007 49
1782762192083 0.47196313509574306 50
1782762196500 0.4602409486587231 51
1782762201161 0.4539239681684054 52
1782762205792 0.448883240039532 53
1782762210431 0.4391625363093156 54
1782762215117 0.43018604471133304 55
1782762219776 0.43662907068546003 56
1782762224214 0.42953426562822783 57
1782762229029 0.42132895955672633 58
1782762233629 0.4242910284262437 59
1782762238299 0.41451207720316374 60
1782762242769 0.4112941095462212 61
1782762248302 0.41026732554802525 62
1782762252999 0.3962350648183089 63
1782762257910 0.40434532440625703 64
1782762262857 0.39963327233607954 65
1782762267431 0.40364073331539446 66
1782762272332 0.39947476524573106 67
1782762276928 0.3902082397387578 68
1782762281534 0.3969520307504214 69
1782762287390 0.38540679674882156 70
1782762291942 0.3888614544501671 71
1782762296877 0.3886474852378552 72
1782762301621 0.3891010811695686 73
1782762306170 0.38701717211649966 74
1782762310823 0.3901481032371521 75
1782762315474 0.3882782757282257 76
1782762320183 0.3920469765479748 77
1782762324852 0.3909717362660628 78
1782762329553 0.38949222977344805 79
1782762334201 0.380281748679968 80
1782762338841 0.3823021581539741 81
1782762343748 0.37498193750014674 82
