1782686533448 2.3207507729530334 1
1782686542955 2.149314671754837 2
1782686552851 2.0182474553585052 3
1782686562647 1.8794135550657909 4
1782686574776 1.7285963892936707 5
1782686584225 1.5755242258310318 6
1782686593805 1.4244790722926457 7
1782686603313 1.2863506476084392 8
1782686612759 1.1609984338283539 9
1782686622192 1.0523080627123516 10
1782686631783 0.9553975313901901 11
1782686641255 0.8657776017983755 12
1782686650771 0.7868171210090319 13
1782686660579 0.7200238133470217 14
1782686671131 0.6541835442185402 15
1782686681128 0.5885590463876724 16
1782686690638 0.5309583817919096 17
1782686700304 0.4757052871088187 18
1782686709900 0.4258372075855732 19
1782686719796 0.37885742262005806 20
1782686729393 0.34431709224979085 21
1782686738831 0.30953026314576465 22
1782686748265 0.2819080390036106 23
1782686757750 0.26904321275651455 24
1782686767204 0.24599924559394518 25
1782686776712 0.2238661510248979 26
1782686786316 0.21028481361766657 27
1782686795778 0.1958496148387591 28
1782686805710 0.18547420327862105 29
1782686815203 0.17889445461332798 30
1782686824673 0.17595582331220308 31
1782686834219 0.16891719525059065 32
1782686843782 0.15815555614729723 33
1782686853320 0.15727915614843369 34
1782686862781 0.15683547407388687 35
1782686872214 0.15383378198991218 36
1782686881700 0.14725681704779467 37
1782686891208 0.14365465380251408 38
1782686900752 0.13952630013227463 39
1782686910100 0.13621805732448897 40
1782686919519 0.1342000967512528 41
1782686928989 0.1324611377591888 42
1782686939757 0.12969509636362395 43
1782686949693 0.12758326530456543 44
1782686959186 0.12663304588447014 45
1782686968617 0.12314404298861821 46
1782686978162 0.12325733589629333 47
1782686987515 0.12242286962767442 48
1782686997100 0.12037343500802915 49
1782687006582 0.11923411240180333 50
1782687016034 0.11721652404715617 51
1782687025470 0.11680054354170959 52
1782687034885 0.11553111020475626 53
1782687044467 0.11491623645027478 54
1782687053985 0.11430424731224775 55
1782687063428 0.11444363463670015 56
