1782756545542 2.918127676536297 1
1782756562332 2.7502780947191963 2
1782756578791 2.5948823649307777 3
1782756595426 2.4255296855137267 4
1782756612695 2.2391333826657 5
1782756628473 2.0399988396414397 6
1782756644214 1.842968932513533 7
1782756661327 1.656133927147964 8
1782756678001 1.4870552194529567 9
1782756695746 1.3429179273802658 10
1782756713199 1.2294722877699753 11
1782756728895 1.1306248451101368 12
1782756744398 1.0479041666820132 13
1782756759981 0.9881607273529316 14
1782756775830 0.9306056663907808 15
1782756790997 0.8730237175678385 16
1782756807279 0.8251307010650635 17
1782756823650 0.7818564402646032 18
1782756840167 0.7341568654981153 19
1782756855847 0.6980122122271307 20
1782756871715 0.6677655454339653 21
1782756887253 0.6383735928042181 22
1782756904453 0.6146492094829165 23
1782756920219 0.5976355795202584 24
1782756936080 0.5831327068394628 25
1782756951256 0.5699759084602882 26
1782756967517 0.5587429260385448 27
1782756983347 0.5524095995672818 28
1782756998949 0.5442122200439716 29
1782757014857 0.5332939809766309 30
1782757030341 0.5273904368795198 31
1782757046406 0.5207149314469305 32
1782757061876 0.5178849471026453 33
1782757078531 0.5119235042867989 34
1782757094618 0.5057792858830814 35
1782757111297 0.5026269524261869 36
1782757127680 0.4995298303406814 37
1782757142925 0.4962132038741276 38
1782757158506 0.4900320203139864 39
1782757174039 0.4901536435916506 40
1782757190923 0.48796600206144924 41
1782757206957 0.4825359706220956 42
1782757222148 0.4831625582842991 43
1782757238433 0.4784355728790678 44
1782757253734 0.476533776727216 45
1782757269884 0.4732085630811494 46
1782757284974 0.47013045384966096 47
1782757301066 0.47479127912685787 48
1782757316209 0.47329080618661024 49
1782757332502 0.465974943391208 50
1782757348239 0.4698808953679841 51
1782757364256 0.4663136735044677 52
1782757379534 0.4628314869157199 53
1782757396654 0.46500163037201453 54
1782757412058 0.46366047859191895 55
1782757427579 0.46566762184274607 56
1782757442843 0.46649973967979697 57
1782757457858 0.4602254855221716 58
1782757472851 0.4585043006929858 59
1782757488052 0.45917432472623626 60
1782757503183 0.4546486745620596 61
1782757519517 0.45531776033598803 62
1782757535102 0.45326805628579236 63
1782757551450 0.45340337835509203 64
1782757567375 0.4497475490487855 65
1782757583512 0.45109848626728716 66
1782757598651 0.44943096822705764 67
1782757614825 0.44800198283688775 68
1782757631067 0.4487900076241329 69
1782757646598 0.4494899644933898 70
