1782696096539 3.376141999449049 1
1782696133131 3.1547183224133084 2
1782696168849 2.9544342500822887 3
1782696202206 2.7475128088678633 4
1782696248938 2.5259745631899153 5
1782696289193 2.30937032188688 6
1782696325417 2.093275214944567 7
1782696360747 1.88849852340562 8
1782696397274 1.7112053888184684 9
1782696435836 1.5596438603741782 10
1782696470506 1.444331339427403 11
1782696507765 1.351285342659269 12
1782696542273 1.2777636093752724 13
1782696578126 1.2337873876094818 14
1782696614589 1.1975903766495841 15
1782696651132 1.1550123819283076 16
1782696688893 1.132572774376188 17
1782696724398 1.1146553925105505 18
1782696762692 1.0813612852777754 19
1782696798300 1.055687006030764 20
1782696834470 1.0361305475234985 21
1782696870258 1.018581931080137 22
1782696907726 1.0075436958244868 23
1782696943527 0.99637485401971 24
1782696979832 0.9816211462020874 25
1782697015225 0.9688978620937893 26
1782697050639 0.9544796624353954 27
1782697087255 0.9364906634603228 28
1782697122214 0.9209427812269756 29
1782697157333 0.9024833249194282 30
1782697191897 0.8847253854785647 31
1782697227956 0.8720908101115908 32
1782697263775 0.8590100514037269 33
1782697300245 0.8449741091047015 34
1782697335347 0.8326391939605985 35
1782697371272 0.8273788839578629 36
1782697408056 0.81968306856496 37
1782697444623 0.815893645797457 38
1782697478239 0.8049825706652233 39
1782697512224 0.7979006894997188 40
1782697548722 0.7951185980013439 41
1782697585530 0.7887601980141231 42
1782697629278 0.7842131108045578 43
1782697666399 0.7782066230263028 44
1782697701554 0.7762110382318497 45
1782697738047 0.7636520947728839 46
1782697776255 0.7561904553856168 47
1782697819750 0.7524271075214658 48
1782697855856 0.7458969099181039 49
1782697891037 0.7425887435674667 50
1782697926797 0.734563621027129 51
1782697962625 0.732711564217295 52
1782697997616 0.7262847168104989 53
1782698033260 0.7247975021600723 54
1782698069325 0.7176186719111034 55
1782698104997 0.7165809209857669 56
1782698141731 0.7245638838836125 57
1782698176313 0.7111841695649284 58
1782698210975 0.7059942058154515 59
1782698245606 0.7005918728453773 60
1782698281006 0.6942085197993687 61
1782698315735 0.6928683349064418 62
1782698351828 0.6908919023615974 63
1782698387609 0.6894198358058929 64
1782698424709 0.685805293066161 65
1782698461016 0.6832569539546967 66
