1781994440497 1.513476659090091 1
1781994461545 1.329333097506792 2
1781994482350 1.079860033133091 3
1781994505697 1.0618657912963476 4
1781994526894 1.0600597980694892 5
1781994548021 1.0596505739750006 6
1781994569659 1.0574705264507196 7
1781994590277 1.0570560846573267 8
1781994615218 1.0560757777629755 9
1781994635843 1.0551195725416527 10
1781994656791 1.05347287043547 11
1781994678709 1.0518186795405853 12
1781994709919 1.0514025137974665 13
1781994733093 1.0502639428163185 14
1781994754583 1.049915509346204 15
1781994775768 1.0486817054259472 16
1781994797328 1.0480378835629194 17
1781994818068 1.047777438775087 18
1781994839054 1.0475092362134883 19
1781994859990 1.046826646878169 20
