1783496303146 2.4885416397681603 1
1783496308165 2.3427897233229418 2
1783496312708 2.249222076856173 3
1783496317502 2.167565419123723 4
1783496322554 2.088114628425011 5
1783496327069 2.017433377412649 6
1783496331526 1.9389031850374663 7
1783496336346 1.8564717127726629 8
1783496341210 1.773699742097121 9
1783496346150 1.6843659694378192 10
1783496350819 1.6131662955650916 11
1783496355641 1.5278184689008272 12
1783496360179 1.4446934736691988 13
1783496364784 1.369886462505047 14
1783496369425 1.3018483473704412 15
1783496374214 1.233180256990286 16
1783496379271 1.1698537606459398 17
1783496383915 1.1103227963814368 18
1783496388781 1.0616839573933528 19
1783496393594 1.0109318494796753 20
1783496398289 0.9620999372922457 21
1783496403043 0.9287769611065204 22
1783496408090 0.8948733806610107 23
1783496413128 0.8591412626779996 24
1783496417859 0.8330239699437068 25
1783496422440 0.8031756419401902 26
1783496426920 0.7685527755663946 27
1783496431478 0.7391456732383141 28
1783496436394 0.7251955041518579 29
1783496441321 0.6946112146744361 30
1783496446084 0.6693600462033198 31
1783496450824 0.6459496663166926 32
1783496455753 0.6228149258173429 33
1783496460658 0.6145635430629437 34
1783496465222 0.592436785881336 35
1783496470040 0.5750237382375277 36
1783496474856 0.5672031365908109 37
1783496479395 0.5513911430652325 38
1783496484187 0.5362391059215252 39
1783496488628 0.534959274988908 40
1783496493474 0.5204379489788642 41
1783496498089 0.5031075683923868 42
1783496502943 0.5008968504575583 43
1783496507534 0.4817876471922948 44
1783496512362 0.4793811279993791 45
1783496517128 0.46946542308880734 46
1783496521758 0.4616350416953747 47
1783496526479 0.4543258777031532 48
1783496531083 0.4532071833427136 49
1783496535795 0.44382134079933167 50
1783496540541 0.44376362745578474 51
1783496545028 0.4343029994231004 52
1783496549594 0.42424787007845366 53
1783496554356 0.42580586671829224 54
1783496559065 0.4297195099867307 55
1783496563603 0.42495248638666594 56
1783496568036 0.41674553201748776 57
1783496572922 0.41045443828289324 58
1783496577532 0.41257619170042187 59
1783496582266 0.4029522148462442 60
1783496586953 0.40429207453360927 61
