1782604654016 2.918148427174009 1
1782604668985 2.7509474178840376 2
1782604685262 2.5963240985212654 3
1782604700645 2.426294968045991 4
1782604716618 2.2397930704314133 5
1782604732170 2.0413050363803733 6
1782604747718 1.844731511740849 7
1782604763265 1.6566253119501575 8
1782604778080 1.4877794446616337 9
1782604793529 1.3432560706960743 10
1782604809300 1.229514742719716 11
1782604823945 1.1291097238146026 12
1782604839213 1.047822771401241 13
1782604854468 0.9864759342423801 14
1782604869592 0.9292526142350559 15
1782604886108 0.872389384384813 16
1782604901465 0.8276798293508333 17
1782604916777 0.78951862557181 18
1782604931943 0.7387685960736768 19
1782604947383 0.6999423216129171 20
1782604963315 0.6655682551449743 21
1782604978392 0.6407148139230137 22
1782604994198 0.6172271925827553 23
1782605009621 0.5978286718500072 24
1782605025788 0.5861773901972277 25
1782605041497 0.5733753463317608 26
1782605057466 0.5592150462084803 27
1782605073465 0.5526549672258312 28
1782605089631 0.5465332454648512 29
1782605105007 0.5364191275218437 30
1782605121084 0.5285933069114027 31
1782605136067 0.5202123419991855 32
1782605154295 0.5165079749863724 33
1782605170215 0.5087893492188947 34
1782605187188 0.5027890821983074 35
1782605202824 0.5016388122377724 36
1782605217810 0.49710769797193594 37
1782605233229 0.4971965016989872 38
1782605248570 0.4922778246731594 39
1782605264259 0.4915459546549567 40
1782605280041 0.488642241420417 41
1782605295055 0.48324919569081276 42
1782605310930 0.4835296242401518 43
1782605326327 0.47751935083290625 44
1782605341912 0.47515184406576483 45
1782605358072 0.4713546263760534 46
1782605373945 0.4708344114237818 47
1782605389618 0.47548162012264644 48
