1782226503934 1.3515056562423706 1
1782226508040 1.0046525168418885 2
1782226512018 0.6745452618598938 3
1782226515960 0.5990890431404113 4
1782226520232 0.5767670726776123 5
1782226524475 0.5470812034606933 6
1782226528923 0.4984913468360901 7
1782226533125 0.4690574598312378 8
1782226537346 0.4627137553691864 9
1782226541442 0.4627273857593536 10
1782226546134 0.4431309247016907 11
1782226550277 0.4241226863861084 12
1782226554417 0.41499819040298463 13
1782226558410 0.42286239862442015 14
1782226562445 0.42025330662727356 15
1782226566429 0.4019531059265137 16
1782226570383 0.3930286693572998 17
1782226574529 0.3906249713897705 18
1782226578551 0.3943542265892029 19
1782226582711 0.37785343170166014 20
1782226586739 0.37047045707702636 21
1782226590954 0.37333492398262025 22
1782226595676 0.38313204526901246 23
1782226599537 0.3631590259075165 24
1782226603572 0.35896711707115175 25
1782226608293 0.3753538978099823 26
1782226612510 0.35983932137489316 27
1782226616654 0.3486660850048065 28
1782226620883 0.3501839816570282 29
1782226624997 0.35485990047454835 30
1782226629134 0.3533655691146851 31
1782226634152 0.34072580516338347 32
1782226638179 0.34020099401473997 33
1782226642407 0.34167139887809755 34
1782226646529 0.35459558725357054 35
1782226650599 0.3402718144655228 36
1782226654677 0.3342591834068298 37
1782226658565 0.33322700023651125 38
1782226662388 0.33917881846427916 39
1782226666258 0.3302123379707336 40
1782226670352 0.32460166811943053 41
1782226674600 0.33102320790290835 42
1782226678621 0.33197355151176455 43
1782226682696 0.32299037635326383 44
1782226686739 0.31788390934467314 45
1782226690681 0.3297353446483612 46
1782226694785 0.3223739469051361 47
1782226698904 0.31457765102386476 48
1782226708123 0.3103355824947357 49
1782226712292 0.3135817015171051 50
1782226716352 0.32195023477077483 51
1782226720644 0.3100211954116821 52
1782226725378 0.3106049472093582 53
1782226729508 0.3182192039489746 54
1782226733888 0.3298304331302643 55
1782226737888 0.3083086329698563 56
1782226741924 0.30528813481330874 57
1782226746018 0.3091666829586029 58
1782226749855 0.3129779326915741 59
1782226753756 0.3045606744289398 60
1782226757803 0.30032500088214875 61
1782226761964 0.31033074259758 62
1782226766311 0.31720900654792783 63
1782226770299 0.3010209286212921 64
1782226774214 0.30254842519760133 65
1782226778227 0.30665253281593324 66
1782226782526 0.30425593852996824 67
1782226787457 0.298213387131691 68
1782226791559 0.29115255177021027 69
1782226795934 0.2975736999511719 70
1782226800133 0.3022765690088272 71
1782226810351 0.2922863680124283 72
1782226814255 0.28741217076778414 73
1782226818298 0.2927637338638306 74
1782226822200 0.3070175850391388 75
1782226826177 0.29320092022418975 76
1782226830364 0.2853476113080978 77
1782226834406 0.29671999692916873 78
