1782224600878 1.4420790433883668 1
1782224604942 1.2338045120239258 2
1782224608854 0.9408246326446533 3
1782224612830 0.7868877720832824 4
1782224616871 0.7535578417778015 5
1782224621076 0.7047295951843262 6
1782224625071 0.6588512897491455 7
1782224629005 0.6332522845268249 8
1782224632948 0.6266837000846863 9
1782224636939 0.6132304120063782 10
1782224641171 0.5876429772377014 11
1782224645222 0.5759767317771911 12
1782224649366 0.5702915239334106 13
1782224653429 0.5601617765426635 14
1782224657445 0.5500432443618775 15
1782224661722 0.5377755558490753 16
1782224666047 0.5339459204673767 17
1782224670659 0.5303595495223999 18
1782224674857 0.5182604444026947 19
1782224679071 0.5103591549396514 20
1782224683300 0.5052629053592682 21
1782224687352 0.5103837430477143 22
1782224691479 0.49902034282684327 23
1782224695753 0.49102770805358886 24
1782224699923 0.48749828457832334 25
1782224704051 0.4868391752243042 26
1782224708382 0.484451584815979 27
1782224712617 0.47431069135665893 28
1782224716865 0.4727886557579041 29
1782224720911 0.47249536871910097 30
1782224724944 0.46817073941230775 31
1782224728820 0.4598365068435669 32
1782224732862 0.45746506690979005 33
1782224736992 0.4577182221412659 34
1782224741064 0.4560611116886139 35
1782224745250 0.4506965446472168 36
1782224749424 0.44448757529258726 37
1782224753547 0.44853960394859316 38
1782224757748 0.4444848442077637 39
1782224762005 0.43830113410949706 40
1782224766246 0.43590002655982973 41
1782224770445 0.43514400720596313 42
1782224775483 0.43363699078559875 43
1782224779650 0.42851866364479063 44
1782224783914 0.4256633400917053 45
1782224788152 0.43677330255508423 46
1782224792223 0.4274675941467285 47
1782224796283 0.4223260235786438 48
1782224800896 0.42098591327667234 49
1782224805354 0.42445061564445496 50
1782224809326 0.42306649446487427 51
1782224813471 0.41718202471733096 52
1782224817710 0.4132538115978241 53
1782224821741 0.42251859307289125 54
1782224825890 0.42212050914764404 55
1782224829888 0.41042824745178225 56
1782224834205 0.4094025754928589 57
1782224838442 0.4114209520816803 58
1782224842701 0.40867567420005796 59
1782224846708 0.40431722402572634 60
1782224850847 0.40197998881340025 61
1782224855045 0.40656659603118894 62
1782224858964 0.413926465511322 63
1782224863093 0.40127644300460813 64
1782224867224 0.3998975145816803 65
1782224871366 0.4027282607555389 66
1782224875471 0.4090113663673401 67
1782224879404 0.400388685464859 68
1782224883387 0.3969560050964355 69
1782224887434 0.39971511006355287 70
1782224891494 0.400652517080307 71
1782224895557 0.3941695725917816 72
1782224899637 0.3905820322036743 73
1782224903765 0.3966964423656464 74
1782224907923 0.3955566096305847 75
1782224911946 0.38991411089897154 76
1782224915948 0.38727627515792845 77
1782224920086 0.3914869499206543 78
1782224924090 0.40155752658843996 79
1782224927990 0.3891726040840149 80
1782224932199 0.386979376077652 81
1782224936198 0.38810907006263734 82
1782224940091 0.39528948307037354 83
1782224944067 0.38779454231262206 84
1782224948766 0.3836639952659607 85
1782224953183 0.38762659549713135 86
1782224957262 0.3896145808696747 87
1782224961535 0.38311800360679626 88
1782224965526 0.38288421750068663 89
1782224969496 0.3869600880146027 90
1782224973605 0.39107980489730837 91
1782224977682 0.3801495921611786 92
1782224981809 0.3774730408191681 93
1782224988620 0.38256027817726135 94
1782224992991 0.3816365170478821 95
1782224997126 0.3779651582241058 96
1782225001480 0.3765502738952637 97
1782225009132 0.3840068459510803 98
1782225013711 0.38568198680877686 99
1782225018247 0.37810964465141295 100
