1781989608602 1.48877856364617 1
1781989632996 1.3104590605466793 2
1781989654495 1.0781456507169282 3
1781989676335 1.064962020287147 4
1781989700364 1.0614177385965984 5
1781989721619 1.0600933386729314 6
1781989742615 1.0589643869644556 7
1781989763580 1.0578845189167903 8
1781989784674 1.0576108113313332 9
1781989806241 1.0561561309374297 10
1781989827404 1.0556706067843316 11
1781989848509 1.0551489071968274 12
1781989869862 1.0542461566435986 13
1781989893048 1.053953393911704 14
1781989915221 1.0535721687170176 15
1781989936366 1.0526349055461395 16
1781989957391 1.0517521454737737 17
1781989978109 1.0509156263791597 18
1781990000052 1.0498449435600867 19
1781990020922 1.0496561374419775 20
