1782651139655 1.2402565662677472 1
1782651141919 1.132866410108713 2
1782651144180 1.0782588995420015 3
1782651146456 1.02292806827105 4
1782651148737 0.9766965508460999 5
1782651151076 0.9305839538574219 6
1782651153384 0.8895896581503061 7
1782651155635 0.8540983016674335 8
1782651157906 0.8204932396228497 9
1782651160189 0.7823550059245183 10
1782651162516 0.7587713140707749 11
1782651164954 0.728243690270644 12
1782651167272 0.7027028294710013 13
1782651169554 0.6726792317170364 14
1782651171931 0.6530088323813218 15
1782651174245 0.6281889356099642 16
1782651176562 0.6105057138663071 17
1782651178881 0.5893780176456158 18
1782651181242 0.5732689408155588 19
1782651183512 0.553159223153041 20
1782651185761 0.5362484546808096 21
1782651188039 0.5192712545394897 22
1782651190362 0.5058414615117587 23
1782651192605 0.48815780878067017 24
1782651194932 0.4708749308035924 25
1782651197314 0.45607335750873274 26
1782651199627 0.4509691848204686 27
1782651201921 0.44377095424211943 28
1782651204230 0.44930583238601685 29
1782651206565 0.4284978531874143 30
1782651208881 0.4153447632606213 31
1782651211250 0.4001841934827658 32
1782651213596 0.39049724432138294 33
1782651215911 0.38343159739787763 34
