1782349958902 1.571584095954895 1
1782349963717 1.4464987897872925 2
1782349968637 1.3569444131851196 3
1782349973809 1.2765575981140136 4
1782349978462 1.1979777240753173 5
1782349983509 1.1205989122390747 6
1782349988722 1.0461230707168578 7
1782349993872 0.9789181756973266 8
1782349998666 0.9141274785995483 9
1782350003568 0.8557419252395629 10
1782350008217 0.7950678992271424 11
1782350012992 0.7401152062416076 12
1782350017737 0.6884094595909118 13
1782350022409 0.6417294335365296 14
1782350027280 0.5931121492385865 15
1782350031898 0.549682879447937 16
1782350036599 0.5119095194339752 17
1782350041313 0.4772716736793518 18
1782350045719 0.44747116684913635 19
1782350050210 0.422203871011734 20
1782350055017 0.39606300950050355 21
1782350059746 0.38134174585342406 22
1782350064549 0.36052988648414613 23
1782350069301 0.3408133924007416 24
1782350074342 0.3302280378341675 25
1782350079002 0.324651712179184 26
1782350083734 0.312021501660347 27
