1781927687115 1.2806908836364745 1
1781927741006 1.0392699089050292 2
1781927794345 1.0388426642417907 3
1781927847691 1.0385027656555175 4
1781927901245 1.0381159262657165 5
1781927953189 1.0376476969718933 6
1781928005986 1.03704087638855 7
1781928057894 1.0361924700737 8
1781928112684 1.0313052644729614 9
1781928166831 1.0273014960289002 10
1781928220175 0.9398761570453644 11
1781928272681 0.8358296892642975 12
1781928328073 0.7849688580036164 13
1781928379853 0.7122575013637543 14
1781928433305 0.6617396681308746 15
1781928487238 0.6317879960536957 16
1781928538783 0.6159054882526398 17
1781928592697 0.6041850187778472 18
1781928646185 0.5955529949665069 19
1781928699306 0.587789932012558 20
1781928770857 0.5824963690042496 21
1781928832320 0.5771961306333542 22
1781928888157 0.5732525655031204 23
1781928942710 0.5678199648857116 24
1781928994276 0.5633104846477509 25
1781929050790 0.5584836634397506 26
1781929104729 0.5547253565788269 27
1781929156566 0.5490013538599015 28
1781929210173 0.5454578704833984 29
1781929263575 0.5403579970598221 30
1781929316412 0.5347524509429932 31
1781929373492 0.5297368047237396 32
1781929423876 0.5247316534519195 33
1781929475873 0.5210140622854232 34
1781929527638 0.5159131947755814 35
1781929581946 0.51137420129776 36
1781929637684 0.5073710342645645 37
1781929692124 0.5051517701148986 38
1781929747702 0.49979366767406463 39
1781929800434 0.49700360631942747 40
1781929856276 0.49355725944042206 41
1781929919892 0.4900816922187805 42
1781929974680 0.4869951437711716 43
1781930026219 0.4843808743953705 44
1781930080990 0.48190942549705507 45
1781930135112 0.4799122798442841 46
1781930189243 0.4761119998693466 47
1781930243412 0.4746321978569031 48
1781930297101 0.47190486824512484 49
1781930350520 0.47011333572864533 50
1781930402905 0.46753805136680604 51
1781930455427 0.46604367077350617 52
1781930509115 0.46392220640182497 53
1781930563311 0.46211704635620116 54
1781930617503 0.46045746517181396 55
1781930668306 0.4585946658849716 56
1781930723852 0.45730722296237947 57
1781930777186 0.45691403138637543 58
1781930831344 0.4550815020799637 59
1781930886045 0.4531207503080368 60
