1778191607375 1.3189140210151673 1
1778191692353 1.0839249846935273 2
1778191777275 0.9162524030208588 3
1778191862545 0.5922811167240143 4
1778191949316 0.2962878484725952 5
1778192036790 0.2339296065568924 6
1778192125126 0.21193223598599434 7
1778192213329 0.2001296864449978 8
1778192298133 0.1931141176521778 9
1778192383281 0.18987207716703414 10
1778192467838 0.1857753402888775 11
1778192552537 0.18097900316119195 12
1778192637475 0.17812313061952592 13
1778192722135 0.17482372581958772 14
1778192806791 0.17657435530424118 15
