1781909853893 1.5288750300040612 1
1781909874548 1.4275507407310681 2
1781909895118 1.3360272676516802 3
1781909915459 1.2486042426182673 4
1781909936001 1.1644887710228944 5
1781909956955 1.0874228752576387 6
1781909977533 1.012623423185104 7
1781909998054 0.9441721026714032 8
1781910024628 0.8800519506136576 9
1781910045110 0.8138644695281982 10
1781910065636 0.7505795649993114 11
1781910085868 0.7020352131281143 12
1781910106632 0.643863700903379 13
1781910127158 0.5942169764103034 14
1781910147685 0.5652472246915866 15
1781910168107 0.5397115647792816 16
1781910188670 0.5159666186723953 17
1781910209489 0.4925277584638351 18
1781910230406 0.4643892386020758 19
1781910250999 0.45315250983605015 20
1781910271446 0.43879445393880206 21
1781910291751 0.42532733388436145 22
1781910312417 0.4118243341262524 23
1781910332768 0.38786249741529805 24
1781910353551 0.3820859507108346 25
1781910374416 0.3711194052146031 26
1781910397119 0.3706080126456725 27
1781910417517 0.3573438884356083 28
1781910439415 0.3569024465022943 29
1781910459592 0.34751495184042513 30
1781910480153 0.3385304373044234 31
1781910500716 0.32516341790174824 32
1781910521355 0.3156232184324509 33
1781910541896 0.3054375125047488 34
1781910562310 0.29648616718940246 35
1781910582858 0.2906933354261594 36
1781910610494 0.28343372237988007 37
1781910630844 0.2769865026840797 38
1781910652419 0.27169184615978825 39
