1783457268676 2.4702419501084547 1
1783457273234 2.408590390132024 2
1783457277749 2.329792224443876 3
1783457282598 2.2766064497140737 4
1783457287354 2.2617680659660926 5
1783457291909 2.231702657846304 6
1783457296618 2.178238813693707 7
1783457301411 2.1451219595395603 8
1783457306503 2.1419026301457333 9
1783457311047 2.109371221982516 10
1783457315865 2.054106455582839 11
1783457320399 2.022807790682866 12
1783457325061 2.007063003686758 13
1783457329892 1.9751558762330275 14
1783457334842 1.9143465849069448 15
1783457339633 1.8769016907765315 16
1783457344622 1.8596364443118756 17
1783457349378 1.8260631561279297 18
1783457354094 1.7647909843004668 19
1783457358895 1.7215882539749146 20
1783457364132 1.7121033943616426 21
1783457368965 1.674390664467445 22
1783457373716 1.619058975806603 23
1783457379264 1.5694522215769842 24
1783457384402 1.5566058709071233 25
1783457389177 1.5262382947481596 26
1783457394126 1.4660494419244618 27
1783457398974 1.425801497239333 28
1783457404194 1.413689842590919 29
1783457409249 1.3879881822145903 30
1783457414303 1.3357356695028453 31
1783457419219 1.294974657205435 32
1783457424157 1.2805626667462862 33
1783457429379 1.2587846425863414 34
1783457434352 1.2054134423916156 35
1783457439426 1.1729999138758733 36
1783457444521 1.159430137047401 37
1783457449473 1.142371627000662 38
1783457454625 1.1090987645662749 39
1783457459735 1.0664848272617047 40
1783457464572 1.0546078590246348 41
1783457469406 1.0315599808326135 42
1783457474437 0.995836079120636 43
1783457479353 0.9651831709421598 44
1783457484580 0.9534376126069289 45
1783457489506 0.9373679390320411 46
1783457494442 0.9057044570262616 47
1783457508767 0.8776014126264132 48
1783457513569 0.870257189640632 49
1783457518802 0.8549227485289941 50
1783457523725 0.8217801589232224 51
1783457528809 0.8016121616730323 52
1783457533687 0.794075452364408 53
1783457538958 0.7808008881715628 54
1783457544043 0.754592776298523 55
1783457548992 0.7388379344573388 56
1783457554102 0.7258761937801654 57
1783457559198 0.7252916647837713 58
1783457564168 0.7114894619354835 59
1783457569246 0.6858418583869934 60
1783457574215 0.6764279924906217 61
1783457579114 0.6692986350793105 62
1783457583970 0.6515659002157358 63
1783457588852 0.6321526857522818 64
1783457593809 0.6252851165257968 65
1783457598785 0.6164058080086341 66
