1781760994774 1.5371501323504326 1
1781761011704 1.4206750209514911 2
1781761033608 1.3324013031446016 3
1781761050410 1.260342185313885 4
1781761067317 1.195227950047224 5
1781761083984 1.1146626136241815 6
1781761100910 1.0346258389644134 7
1781761117363 0.9629893623865567 8
1781761134018 0.8939876846778088 9
1781761151219 0.8241834594653203 10
1781761169342 0.7638910107123547 11
1781761186691 0.7030898714676882 12
1781761204367 0.656898633027688 13
1781761222230 0.6097120138315054 14
1781761238673 0.5734154635514969 15
1781761256061 0.540150088377488 16
1781761273202 0.5079889091161581 17
1781761290261 0.4815015578881288 18
1781761308324 0.4624165181930249 19
1781761326452 0.4569654074999002 20
1781761344078 0.42640749384195376 21
1781761361187 0.4000460765300653 22
1781761377770 0.39631493657063216 23
1781761394896 0.3861968395037529 24
1781761412156 0.36266013215749693 25
1781761429581 0.3525086473195981 26
1781761447312 0.35609420904746425 27
1781761465721 0.34982457527747524 28
1781761483234 0.3230751913327437 29
1781761499543 0.3269333549034901 30
1781761516408 0.30844475481754696 31
1781761533580 0.2936615240879548 32
1781761551438 0.30102040752386433 33
