1781245518251 1.4073201293945312 1
1781245576979 1.0669346809387208 2
1781245635746 0.7013223513364791 3
1781245700916 0.28290231883525846 4
1781245763815 0.20871291992068292 5
1781245828112 0.1863910645544529 6
1781245892046 0.1754436876475811 7
1781245954428 0.16925158241391183 8
1781246017471 0.16263834536075591 9
1781246078734 0.15942408233880997 10
1781246136610 0.15723543980717658 11
1781246195825 0.15595139956474305 12
1781246249961 0.15219544836878776 13
1781246309831 0.15185667130351066 14
1781246370247 0.1487619287073612 15
1781246432787 0.1494745899140835 16
1781246502517 0.14789973372220994 17
1781246561227 0.1429329723417759 18
1781246618615 0.14579600432515144 19
1781246678228 0.1422582830786705 20
1781246738696 0.1450233699977398 21
1781246800101 0.1409784561395645 22
1781246860830 0.14197118455171584 23
1781246924462 0.14007016924023627 24
1781246985492 0.13937290623784065 25
1781247045212 0.13823161637783052 26
1781247108170 0.13829062202572823 27
1781247169261 0.14208603918552398 28
1781247234946 0.13557317528128623 29
1781247296659 0.13613376197218896 30
1781247356962 0.13663595780730248 31
1781247419016 0.13391625833511353 32
1781247480116 0.13785249441862107 33
1781247545506 0.14073372784256935 34
1781247617532 0.13397683024406434 35
1781247681960 0.13536078503727914 36
1781247743113 0.13393503352999686 37
1781247809908 0.13435797947645187 38
1781247872611 0.13464747489988804 39
1781247933535 0.13331045795977114 40
1781247991937 0.13616161447763442 41
1781248051724 0.13295368587970732 42
1781248116755 0.13187432865798474 43
1781248173566 0.13254189689457416 44
1781248236212 0.13270025372505187 45
1781248300164 0.13149765884876252 46
1781248367122 0.13248974072933198 47
1781248431018 0.1316458686888218 48
1781248488276 0.13262193498015404 49
1781248550503 0.13303619402647018 50
1781248615356 0.12978686624765395 51
1781248677796 0.13195790182054043 52
1781248742935 0.1318065594881773 53
1781248802651 0.13111063355207445 54
1781248866334 0.13133397474884986 55
1781248927595 0.13251927115023135 56
1781248991510 0.1323460590839386 57
1781249055020 0.12906028813123702 58
1781249116198 0.1276516298353672 59
1781249179844 0.13062698221206664 60
1781249241146 0.12821415431797503 61
1781249306243 0.12931275135278703 62
1781249370623 0.1285746951252222 63
1781249449367 0.12878520873188973 64
1781249512982 0.1287385122179985 65
1781249578169 0.12953056475520133 66
1781249646865 0.12847060583531855 67
1781249708718 0.1290778729468584 68
1781249770147 0.13102306699752808 69
1781249834481 0.12742468501627446 70
1781249900015 0.12600651884078978 71
1781249960324 0.12595843902230264 72
1781250023688 0.129397936552763 73
1781250098704 0.12794983963668347 74
1781250164782 0.129001410856843 75
1781250230007 0.1261185063123703 76
1781250295147 0.1319508401453495 77
1781250358516 0.131071021720767 78
1781250424761 0.12658288511633872 79
1781250492376 0.1282942005544901 80
1781250555838 0.1264438531547785 81
1781250620207 0.12517617627978325 82
1781250683248 0.12531037376821041 83
1781250745348 0.12745192515850068 84
1781250806716 0.12528172254562378 85
1781250870327 0.12544754034280778 86
1781250935223 0.12722639636695385 87
1781250997897 0.12770240394771099 88
1781251061329 0.12684342974424362 89
1781251127952 0.12506903237104416 90
1781251190103 0.12932826797664165 91
1781251249737 0.1255464468449354 92
1781251312324 0.12618922406435013 93
1781251376264 0.12366573205590248 94
1781251440436 0.12559665393829345 95
1781251499797 0.12661235816776753 96
1781251558831 0.12532477980852127 97
1781251620452 0.12419705037772656 98
1781251679492 0.12466761113703251 99
1781251739746 0.1250673289448023 100
