1782651235626 1.6384307765960693 1
1782651240342 1.4957854747772217 2
1782651244772 1.4350954723358154 3
1782651249287 1.3817101955413817 4
1782651253930 1.3262588310241699 5
1782651264428 1.2741105461120605 6
1782651268859 1.2171947240829468 7
1782651273495 1.1643930387496948 8
1782651277988 1.10756760597229 9
1782651282596 1.0531641125679017 10
1782651287174 0.9974423909187317 11
1782651291866 0.9520077633857728 12
1782651296427 0.894956488609314 13
1782651300977 0.8448251533508301 14
1782651305501 0.7959041905403137 15
1782651310188 0.7502727389335633 16
1782651314849 0.710438859462738 17
1782651319454 0.6682630801200866 18
1782651324086 0.6306164121627807 19
1782651328935 0.5916050028800964 20
1782651333884 0.5529727184772492 21
1782651338469 0.5214129543304443 22
1782651342967 0.49407385230064393 23
1782651347449 0.4705501627922058 24
1782651352357 0.4399378263950348 25
1782651357278 0.4168068242073059 26
1782651361899 0.39453948974609376 27
1782651366686 0.37905919551849365 28
1782651371437 0.3620056045055389 29
1782651376172 0.35007057547569276 30
1782651381099 0.33830649971961974 31
1782651385838 0.33037917196750644 32
1782651390570 0.3200941377878189 33
1782651395227 0.3142451524734497 34
1782651399940 0.3057686537504196 35
1782651404593 0.3124628233909607 36
1782651409242 0.2983056527376175 37
1782651414129 0.2935362386703491 38
1782651418608 0.28424162209033965 39
1782651423028 0.27690414428710936 40
1782651427574 0.2749504429101944 41
1782651432180 0.27372327983379363 42
1782651436765 0.26849043130874634 43
1782651441383 0.2718367451429367 44
1782651446121 0.26931430101394654 45
1782651450883 0.26049850046634676 46
1782651455533 0.25503192901611327 47
1782651460153 0.25235706865787505 48
1782651464983 0.25113619983196256 49
