1783496336441 1.6283755194057117 1
1783496343073 1.29959052530202 2
1783496349218 1.064975081519647 3
1783496355504 0.8518065241250125 4
1783496361705 0.6765439171682704 5
1783496367780 0.5428232171318748 6
1783496374263 0.43789587914943695 7
1783496380440 0.3493602912534367 8
1783496386653 0.28480601717125287 9
1783496392883 0.22638690302317793 10
1783496399173 0.19078489968722517 11
1783496405588 0.16319239342754538 12
1783496411854 0.14043495363809846 13
1783496418069 0.12590482644736767 14
1783496424230 0.11660721610215577 15
1783496430582 0.10912279547615485 16
1783496436711 0.10107784819873897 17
1783496443064 0.09643769992346113 18
1783496449583 0.09065171940760179 19
1783496456206 0.09076229550621727 20
1783496462805 0.08372983624312011 21
1783496469083 0.0808735095303167 22
1783496475576 0.08066249774260954 23
1783496482067 0.07936013219031421 24
1783496488389 0.07507341101088306 25
1783496494832 0.07405750944533131 26
1783496501197 0.07475800947709517 27
1783496507584 0.07062337937002833 28
1783496513975 0.06864527765322816 29
1783496520474 0.06884012574499304 30
1783496526918 0.06873772310262377 31
1783496533342 0.0665339935909618 32
1783496539705 0.0637965455481952 33
1783496546012 0.06487121636217291 34
1783496552516 0.06476075845685872 35
1783496558871 0.0637653244828636 36
1783496565235 0.060724360614337704 37
1783496571685 0.0604696644639427 38
