1782395100094 1.4630565786361693 1
1782395104732 1.3955559873580932 2
1782395109489 1.3329875993728637 3
1782395114131 1.2615110206604003 4
1782395118740 1.1892871236801148 5
1782395123566 1.1236106109619142 6
1782395128289 1.0602087354660035 7
1782395133030 0.9979164338111878 8
1782395138010 0.9344741344451905 9
1782395155334 0.8753584432601929 10
1782395160312 0.8191822457313538 11
1782395165261 0.7681240200996399 12
1782395170159 0.7165234923362732 13
1782395175043 0.6686809635162354 14
1782395179754 0.6213635849952698 15
1782395184541 0.5779166293144226 16
1782395189229 0.5347925460338593 17
1782395193911 0.49810276985168456 18
1782395198722 0.46857924699783327 19
1782395203496 0.43649587512016297 20
1782395208093 0.41539114475250244 21
1782395212623 0.3917116677761078 22
1782395217234 0.36721391797065733 23
1782395221819 0.3502751326560974 24
1782395226321 0.3380446070432663 25
1782395230781 0.32491486847400664 26
1782395235222 0.31159680128097533 27
1782395239850 0.3013758939504623 28
1782395244382 0.29218621969223024 29
1782395248817 0.2847698938846588 30
1782395253295 0.28026588797569274 31
1782395257855 0.27999104917049406 32
