1782388813910 1.6115573406219483 1
1782388818597 1.5462532377243041 2
1782388823051 1.4492669486999512 3
1782388827604 1.384376835823059 4
1782388831972 1.3650086402893067 5
1782388836449 1.3290339374542237 6
1782388840752 1.2747482585906982 7
1782388845098 1.241124668121338 8
1782388850000 1.231369595527649 9
1782388854540 1.2032409763336183 10
1782388859186 1.1585855627059936 11
1782388863752 1.1263787746429443 12
1782388868167 1.1165827417373657 13
1782388872767 1.0894774055480958 14
1782388877324 1.0463505744934083 15
1782388881760 1.0154316926002502 16
1782388886239 1.0070368981361388 17
1782388890695 0.9825009942054749 18
1782388895368 0.9394846773147583 19
1782388899937 0.910562264919281 20
1782388904333 0.9002882838249207 21
1782388908710 0.8771831464767456 22
1782388913100 0.83612464427948 23
1782388917623 0.808866126537323 24
1782388922232 0.7995060920715332 25
1782388926619 0.7780535578727722 26
1782388931097 0.7394477272033692 27
1782388935445 0.7131115055084228 28
1782388939782 0.7028274893760681 29
1782388944219 0.6857114124298096 30
1782388948576 0.6539770770072937 31
1782388953000 0.6259049010276795 32
1782388957536 0.617048692703247 33
1782388962029 0.596833655834198 34
1782388966483 0.5665498411655426 35
1782388970990 0.54090203166008 36
1782388975375 0.5330589759349823 37
1782388980003 0.5216053950786591 38
1782388984421 0.4949643111228943 39
1782388989142 0.47332684993743895 40
1782388993646 0.4655816292762756 41
1782388998083 0.4550256395339966 42
1782389002285 0.4428884553909302 43
1782389006794 0.42282461762428286 44
1782389011082 0.412620415687561 45
1782389015446 0.4042193913459778 46
1782389019747 0.3919868719577789 47
