1782669186034 2.9210091788193275 1
1782669202017 2.728348608674674 2
1782669218002 2.546498816588829 3
1782669233581 2.3559593003371666 4
1782669250123 2.151864199802793 5
1782669266522 1.9419613460014606 6
1782669283181 1.7410774518703591 7
1782669298740 1.558886507461811 8
1782669315601 1.3992262585409756 9
1782669331055 1.271681395070306 10
1782669346406 1.1711702963401531 11
1782669362389 1.0959125880537361 12
1782669377993 1.0390248627498233 13
1782669393934 0.9947536361628565 14
1782669409196 0.9557438718861547 15
1782669424602 0.9218884665390541 16
1782669440287 0.8962458783182604 17
1782669456438 0.8680726844688942 18
1782669472341 0.8367886831020487 19
1782669488519 0.8116750552736479 20
1782669504675 0.7923503456444576 21
1782669520644 0.7752638089245764 22
1782669536329 0.762405934004948 23
1782669552268 0.75076339779229 24
1782669568000 0.7406323654898281 25
1782669583718 0.7341344459303494 26
1782669599656 0.7217830049580541 27
1782669616404 0.7136871424214594 28
1782669632421 0.701338178124921 29
1782669648241 0.6922741614539047 30
1782669664444 0.6809439063072205 31
1782669681557 0.6654344694367771 32
1782669697573 0.657331855132662 33
1782669716974 0.6466218294768498 34
1782669733603 0.641769709258244 35
1782669750071 0.6330125660731875 36
1782669765926 0.6268479926832791 37
1782669783369 0.6250299914129849 38
1782669800015 0.6166509204897387 39
1782669816001 0.6116760208688933 40
1782669832355 0.6086421444498259 41
1782669847701 0.6021013691507536 42
1782669863268 0.5920150876045227 43
1782669879153 0.5812210050122492 44
1782669894965 0.5702033001801063 45
1782669910950 0.5678401794926874 46
1782669926753 0.5557968267079058 47
1782669942091 0.5509039471889364 48
1782669958694 0.5456391223545732 49
1782669974063 0.5390091887835798 50
1782669989588 0.5356564624556179 51
1782670006497 0.5339011313586399 52
1782670022315 0.5326880689325004 53
1782670038677 0.5283794567502779 54
1782670054130 0.5241378042204626 55
1782670070639 0.5205939083263792 56
1782670086720 0.5238774346894232 57
1782670102781 0.5206571498821522 58
1782670118414 0.5162801321210533 59
1782670134206 0.5155391199835415 60
1782670151731 0.5154692633398648 61
1782670167563 0.5101548186663923 62
1782670184338 0.5094659677867232 63
1782670199972 0.5077375975148432 64
1782670215466 0.5065594695765396 65
1782670231835 0.5046545544575001 66
1782670249922 0.504387051894747 67
1782670265745 0.502467425732777 68
1782670281962 0.4991304411970336 69
1782670298169 0.5021875367082399 70
1782670313780 0.503433378606007 71
