1782602350153 1.2796912560096154 1
1782602352258 1.1880161578838642 2
1782602354385 1.1358397006988525 3
1782602356537 1.091350610439594 4
1782602358573 1.0587452833469098 5
1782602360643 1.0189436903366675 6
1782602362674 0.9787871195719793 7
1782602364839 0.9411187401184669 8
1782602366938 0.9186056485542884 9
1782602369065 0.8842848906150231 10
1782602371268 0.8495051173063425 11
1782602373409 0.8111419952832736 12
1782602375497 0.7892872232657212 13
1782602377678 0.7579477612788861 14
1782602379779 0.7277676325577956 15
1782602381891 0.7045949605795053 16
1782602384114 0.6750306808031522 17
1782602386241 0.6513145245038546 18
1782602388381 0.6260713568100562 19
1782602390463 0.6151116765462435 20
1782602392523 0.5881693913386419 21
1782602394664 0.5786441060212942 22
1782602396792 0.5465935743772067 23
1782602398934 0.5229615362790915 24
1782602401097 0.5169700911411872 25
1782602403182 0.49947280608690703 26
1782602405251 0.48552711651875424 27
1782602407331 0.4694909911889296 28
1782602409460 0.4697987941595224 29
1782602411522 0.4552640181321364 30
1782602413675 0.4477117336713351 31
1782602415757 0.43183231812257034 32
1782602417817 0.4292252866121439 33
1782602419897 0.41934109651125395 34
1782602422062 0.4095907188378848 35
1782602424222 0.40102644150073713 36
1782602426408 0.3962831130394569 37
1782602428571 0.3773579138975877 38
1782602430743 0.37998068791169387 39
1782602432872 0.3911055555710426 40
1782602434921 0.35890843318058896 41
1782602437043 0.3586741158595452 42
1782602439164 0.36409290249531084 43
1782602441248 0.3621044892531175 44
1782602443443 0.34278234380942124 45
1782602445525 0.3436868993135599 46
1782602447623 0.33886713018784154 47
1782602449802 0.32971640275074887 48
1782602451984 0.34012391704779404 49
1782602454179 0.33107274082990795 50
1782602456277 0.32538540546710676 51
1782602458364 0.3247736096382141 52
1782602460474 0.32433749391482425 53
1782602462627 0.3194119609319247 54
1782602464873 0.3215584892493028 55
1782602466939 0.32592620528661287 56
1782602469015 0.3206915488609901 57
1782602471121 0.32813866092608523 58
1782602473236 0.32159741108234113 59
