1782695689168 3.450927257537842 1
1782695731625 3.2423719678606306 2
1782695767542 3.0550598927906583 3
1782695803159 2.8588862333978926 4
1782695839378 2.6412880080086842 5
1782695876969 2.4190575310162137 6
1782695912974 2.198676977838789 7
1782695951160 1.9945476353168488 8
1782695987835 1.7956426995141166 9
1782696023390 1.6260493184838976 10
1782696058506 1.4988895441804613 11
1782696092690 1.3925585278442927 12
1782696127817 1.3159511174474443 13
1782696165757 1.2544555153165544 14
1782696203412 1.2043791200433458 15
1782696251373 1.1663924242768968 16
1782696285972 1.1402559365545 17
1782696320060 1.115715150322233 18
1782696359096 1.0860268260751451 19
1782696394537 1.0635778520788466 20
1782696430586 1.0405003769057137 21
1782696466367 1.0277865997382574 22
1782696502080 1.0037558525800705 23
1782696537403 0.9868568309715816 24
1782696574440 0.9681054800748825 25
1782696611396 0.9512308686971664 26
1782696647204 0.9259138511759895 27
1782696682074 0.9147907942533493 28
1782696720601 0.8865391484328679 29
1782696758709 0.8678056789296014 30
1782696794680 0.8576004185846874 31
1782696831220 0.8377280618463244 32
1782696866227 0.8363355078867504 33
1782696902117 0.8244633376598358 34
1782696938922 0.8042508512735367 35
1782696976381 0.7901741798434939 36
1782697011267 0.776990784066064 37
1782697048220 0.7675614335707256 38
1782697086218 0.7635730334690639 39
1782697123578 0.7557599097490311 40
1782697158847 0.7472042271069118 41
1782697195536 0.7429257418428149 42
1782697233731 0.737930138196264 43
1782697271177 0.7320565709045955 44
1782697308390 0.7297493283237729 45
1782697344451 0.7225790236677442 46
1782697380748 0.7153878446136203 47
1782697416548 0.7076658436230251 48
1782697454502 0.7020411576543536 49
1782697491042 0.7052806786128453 50
1782697527985 0.7004329498325076 51
1782697567296 0.6918962981019702 52
