1783457321194 1.3680975345464854 1
1783457323584 1.2324328330846934 2
1783457325881 1.1722722145227285 3
1783457328140 1.1333303084740272 4
1783457330452 1.1090766558280358 5
1783457332789 1.1029478770035963 6
1783457335149 1.070341284458454 7
1783457337439 1.0417967576246996 8
1783457339782 1.0322847870680003 9
1783457342074 1.0286486607331495 10
1783457344357 1.0128513024403498 11
1783457346725 0.9848747024169335 12
1783457349005 0.9720049317066486 13
1783457351335 0.9627553362112778 14
1783457353690 0.9484733434823843 15
1783457356017 0.927988235767071 16
1783457358305 0.9146141684972323 17
1783457360686 0.9003621202248794 18
1783457362946 0.8850286878072299 19
1783457365281 0.8642230308972872 20
1783457367643 0.8576529438679035 21
1783457370003 0.8521022613231952 22
1783457372327 0.8400399822455186 23
1783457374664 0.8163098738743708 24
1783457377090 0.8086444506278405 25
1783457379432 0.7968364587196937 26
1783457381748 0.7894616356262794 27
1783457384064 0.7729635880543635 28
1783457386376 0.7692046944911664 29
1783457388665 0.7562340681369488 30
1783457390962 0.754845917224884 31
1783457393318 0.7278810968765845 32
1783457395582 0.7168148801876948 33
1783457397906 0.7115790477165809 34
