1782691934418 2.800276123244187 1
1782691951740 2.6082262910645584 2
1782691968929 2.4323934357741783 3
1782691986968 2.2411121911016005 4
1782692003325 2.0389257052849077 5
1782692019635 1.8385096870619675 6
1782692036089 1.650460592631636 7
1782692054764 1.4747081131770694 8
1782692077419 1.3266219024000496 9
1782692094349 1.20810984331986 10
1782692113450 1.1179922079217846 11
1782692132866 1.0455567754548172 12
1782692152948 0.9853889387229393 13
1782692169331 0.9435661229594 14
1782692187536 0.909424442669441 15
1782692203717 0.8772637515232481 16
1782692220218 0.8553321567075006 17
1782692237682 0.8348715551968279 18
1782692255305 0.8209067254230894 19
1782692272471 0.8064511685535826 20
1782692289184 0.793669567025941 21
1782692308150 0.7829380836980097 22
1782692325051 0.7726467231224323 23
1782692342050 0.765177753464929 24
1782692361021 0.7560913028388188 25
1782692378905 0.7492253739258339 26
1782692396722 0.7427414943431986 27
1782692414293 0.7350075244903564 28
1782692432045 0.7286606184367476 29
1782692449095 0.7111621272975001 30
1782692468034 0.6928486741822342 31
1782692484513 0.6841609930169994 32
1782692500841 0.6745737955488008 33
1782692517090 0.6657197352113395 34
1782692534302 0.6620846657917417 35
1782692550245 0.6539192877966782 36
1782692571698 0.6454485552064304 37
1782692588015 0.6381316020570952 38
1782692604864 0.6332602110402338 39
1782692632936 0.6205631412308792 40
1782692650298 0.6114986004500553 41
1782692667713 0.5983818502261721 42
1782692684639 0.5868356474514665 43
1782692703031 0.5851495512600603 44
1782692721383 0.5716032426932762 45
1782692739395 0.5650626647061315 46
1782692755986 0.5582696569376978 47
1782692773540 0.5495570199242954 48
1782692790505 0.540688181745595 49
1782692807375 0.5308623632480358 50
1782692823664 0.5352488787009798 51
1782692842233 0.5227382614694792 52
1782692859805 0.5113016747195145 53
1782692879937 0.5056280863696131 54
1782692900665 0.5022452812770317 55
1782692917325 0.49453715928669634 56
1782692935014 0.49355845615781585 57
1782692951714 0.49053726627908906 58
1782692968823 0.4857152916234115 59
1782692987046 0.4825573892428957 60
1782693004204 0.48323487105040713 61
1782693024814 0.4816644859725031 62
1782693041851 0.47963499817354927 63
1782693058159 0.4794151967969434 64
1782693075072 0.47871726031961115 65
1782693095966 0.4766387590046587 66
1782693113929 0.47604683349872456 67
1782693132359 0.4715519454972497 68
1782693150883 0.4691655060340618 69
1782693169481 0.46708224456885766 70
1782693187484 0.468573776812389 71
1782693204201 0.46634415305893995 72
1782693220438 0.46331064248907156 73
1782693239497 0.46286101793420725 74
1782693256244 0.4623813125593909 75
1782693274316 0.46379017418828505 76
1782693290673 0.46218615975873223 77
1782693308741 0.4596366635684309 78
1782693325936 0.4579757390351131 79
1782693344096 0.46139967544325466 80
1782693361031 0.4590561174113175 81
