1782377974709 1.56607084274292 1
1782377979389 1.4702906274795533 2
1782377983897 1.4004808902740478 3
1782377988737 1.3334881782531738 4
1782377993420 1.273280715942383 5
1782377997871 1.2152661657333375 6
1782378003965 1.1569471788406371 7
1782378015024 1.0998763132095337 8
1782378019768 1.0417519521713257 9
1782378024282 0.9853928542137146 10
1782378028872 0.9282700276374817 11
1782378033573 0.8718967342376709 12
1782378038363 0.8168720626831054 13
1782378043207 0.7678663444519043 14
1782378047809 0.7151568341255188 15
1782378052583 0.6691014218330383 16
1782378057333 0.6239624857902527 17
1782378061937 0.5819804620742798 18
1782378066520 0.5461109483242035 19
1782378071152 0.5134376871585846 20
1782378075867 0.47979687333106996 21
1782378080414 0.44782479166984557 22
1782378085266 0.4225619316101074 23
1782378089947 0.40461227893829343 24
1782378094449 0.3829362976551056 25
1782378099133 0.36639126420021056 26
1782378104521 0.35384968161582947 27
1782378109620 0.34031368732452394 28
1782378114595 0.3314268600940704 29
1782378119209 0.32719895243644714 30
1782378123843 0.3154524540901184 31
1782378128665 0.30892207503318786 32
1782378133484 0.3098881834745407 33
1782378138105 0.30282796621322633 34
1782378142722 0.2985643392801285 35
1782378147454 0.2920012712478638 36
1782378151947 0.2868238389492035 37
1782378156536 0.2883505362272263 38
