1782651016177 1.5936541909521276 1
1782651022332 1.2712709253484553 2
1782651028582 1.0417946441607042 3
1782651034691 0.8427053771235726 4
1782651040794 0.6791544190861962 5
1782651046910 0.552642743695866 6
1782651053057 0.44687193632125854 7
1782651059138 0.36687935211441736 8
1782651065490 0.2993208020925522 9
1782651071758 0.25058209015564487 10
1782651077950 0.20572524517774582 11
1782651083861 0.17638930238106035 12
1782651089828 0.15275730700655418 13
1782651095872 0.13737355697561393 14
1782651102044 0.1239593606442213 15
1782651108065 0.11578799597918987 16
1782651114228 0.10825124162841927 17
1782651120286 0.10024893385442821 18
1782651126486 0.09561026485806162 19
1782651132524 0.09148985384540124 20
1782651138755 0.08875718899071217 21
1782651144879 0.08441034247252074 22
1782651150947 0.08207911828702147 23
1782651157085 0.07924553751945496 24
1782651163115 0.0769504781135104 25
1782651169417 0.07839894481003284 26
1782651175685 0.07706357250836762 27
1782651181967 0.07465815781192346 28
1782651188048 0.07227186604656956 29
1782651194401 0.06950877852399241 30
1782651200468 0.06975773061540994 31
1782651206537 0.06792195877906951 32
1782651212661 0.06684812480075793 33
1782651218703 0.06656335759907961 34
1782651225042 0.06714745475487276 35
1782651231323 0.06368499520150098 36
1782651237711 0.06548979836092754 37
1782651244115 0.061530531299385155 38
1782651250405 0.0609094604680484 39
1782651261976 0.06133458991958336 40
1782651268101 0.06154476233165373 41
1782651274391 0.059078116308559074 42
1782651280541 0.06128212318501689 43
1782651286615 0.05927014528689059 44
1782651292934 0.05801682123406367 45
1782651299060 0.05725951086391102 46
1782651305276 0.05888276149264791 47
