1782654313784 2.489354133605957 1
1782654318451 2.3440980361058164 2
1782654322945 2.2504016436063328 3
1782654327682 2.169299529148982 4
1782654332217 2.090277158297025 5
1782654337205 2.0203746373836813 6
1782654341937 1.9418258666992188 7
1782654346805 1.859959785754864 8
1782654351708 1.778127908706665 9
1782654356897 1.6880506827281072 10
1782654361659 1.6224011916380663 11
1782654366716 1.534312339929434 12
1782654372256 1.451862986271198 13
1782654377269 1.3789604535469642 14
1782654381740 1.311380230463468 15
1782654386248 1.2474539096538837 16
1782654391257 1.187876848074106 17
1782654395938 1.1290323092387273 18
1782654400732 1.0787633749154897 19
1782654405343 1.027752344424908 20
1782654409808 0.9800297755461472 21
1782654414556 0.9447851410278907 22
1782654419200 0.9176342533184931 23
1782654423680 0.8798251931483929 24
1782654428260 0.8510079429699824 25
1782654432799 0.8217199123822726 26
1782654437527 0.7878316640853882 27
1782654442203 0.7577875623336205 28
1782654447097 0.7400358090033898 29
1782654451873 0.7114894802753742 30
1782654456917 0.6853231191635132 31
1782654461827 0.6613866503422077 32
1782654466454 0.6403077244758606 33
1782654471298 0.6352907052406898 34
1782654475942 0.6145942302850577 35
1782654480822 0.5944585158274724 36
1782654485588 0.5818759019558246 37
1782654490582 0.5646236997384292 38
1782654495171 0.555004174892719 39
1782654499584 0.5469721601559565 40
1782654504206 0.5306269205533541 41
1782654508839 0.5145232173112723 42
1782654513350 0.5119011814777668 43
1782654517880 0.4929614456800314 44
1782654522499 0.48908440654094404 45
1782654527171 0.47779913590504575 46
1782654531685 0.4705333090745486 47
1782654536155 0.46768900752067566 48
1782654540721 0.46944276873882 49
1782654545399 0.4596333228624784 50
1782654550309 0.4547296854165884 51
1782654554999 0.4430642884511214 52
1782654559902 0.4327629002240988 53
1782654564372 0.43374518018502456 54
1782654568808 0.43895315665465134 55
1782654573316 0.4314622695629413 56
1782654578015 0.4250097549878634 57
1782654582282 0.41760499890034014 58
1782654586884 0.42055678826112014 59
1782654591577 0.4094098668832045 60
1782654596375 0.409504445699545 61
1782654601074 0.4074573814868927 62
1782654605749 0.4102001694532541 63
1782654610480 0.41035755093281084 64
1782654615156 0.430372600372021 65
1782654619480 0.4182543364854959 66
