1783457401682 1.3550325141233557 1
1783457408298 1.1934296056336047 2
1783457415041 1.0369098969534332 3
1783457421668 0.9456817051943611 4
1783457428361 0.9148697105108523 5
1783457434894 0.8459483057844872 6
1783457441579 0.720308172936533 7
1783457448151 0.6328748300963757 8
1783457454963 0.5989879837223128 9
1783457461518 0.5425955454508463 10
1783457468307 0.4416382721826142 11
1783457474940 0.380422863890143 12
1783457481626 0.3616697016884299 13
1783457488234 0.32965345008700503 14
1783457494973 0.290257547415939 15
1783457508626 0.2459983013424219 16
1783457515347 0.23179007716038647 17
1783457522159 0.22331830859184265 18
1783457528767 0.204628025784212 19
1783457535472 0.17393932944419338 20
1783457542149 0.1640702915542266 21
1783457548822 0.16258403921828551 22
1783457555648 0.15343851844469705 23
1783457562206 0.13675752924937828 24
1783457568899 0.1294715816483778 25
1783457575511 0.13078958175930322 26
1783457582205 0.13700893828097513 27
1783457588797 0.11635238370474647 28
1783457595545 0.10920669079995622 29
1783457602258 0.11731719094164231 30
1783457608956 0.11776934286542967 31
1783457615643 0.09866340370739207 32
1783457622396 0.09466965248187383 33
1783457629045 0.09913707188531465 34
1783457635809 0.10422437930223989 35
1783457642390 0.09177437702230379 36
1783457649224 0.08538601328344907 37
1783457655800 0.08878730675753425 38
1783457662435 0.09231450394088146 39
1783457669117 0.08026707654490191 40
1783457675728 0.0772752954679377 41
1783457682355 0.0852095031855153 42
1783457689101 0.09343650002105564 43
1783457695801 0.07935967340188868 44
1783457702533 0.0729799758569867 45
1783457709209 0.07713029416752797 46
1783457715948 0.0947031792180211 47
1783457722518 0.07352871477019553 48
1783457729119 0.06978632538926367 49
1783457735681 0.07397325439196006 50
1783457742340 0.07995822485171113 51
1783457749113 0.06845330023298077 52
1783457755792 0.06646665923443495 53
1783457762555 0.08000209854513991 54
