1781990042672 1.4360525730328682 1
1781990063989 1.1741256683300703 2
1781990085314 1.0584226968960884 3
1781990106816 1.057648900227669 4
1781990128203 1.0567958538348858 5
1781990149739 1.0562955018801568 6
1781990171091 1.0558536236102765 7
1781990197939 1.0551776030124762 8
1781990236394 1.0541746524664073 9
1781990259561 1.053401454901084 10
1781990287449 1.0523460981173394 11
1781990308890 1.0522446571252284 12
1781990330434 1.0517985087174635 13
1781990352157 1.0506587670399592 14
1781990376578 1.049985986489516 15
1781990398911 1.0493408349844127 16
1781990421886 1.0487308043699999 17
1781990444688 1.0464872182943883 18
1781990467204 1.0467362220470722 19
1781990489546 1.0438608022836537 20
1781990510604 1.0438881226075 21
1781990531382 1.0438461028612578 22
1781990552460 1.0432520371216993 23
1781990573426 1.0430402343089764 24
1781990594405 1.0425121295146453 25
1781990615512 1.0418472641553633 26
1781990637203 1.0431850537275658 27
1781990657854 1.04101116840656 28
1781990678778 1.0409126404004219 29
1781990699782 1.0407103758591871 30
1781990720569 1.0409150276428614 31
1781990741681 1.0400386651357014 32
1781990762559 1.0404422680536907 33
1781990783450 1.0395709856962547 34
1781990804353 1.0392504624831371 35
1781990825686 1.0395127764114966 36
1781990846774 1.0385641104135759 37
1781990868396 1.0387664177478888 38
1781990889455 1.0377364892226 39
1781990911063 1.037636487911909 40
1781990932473 1.0364470115074744 41
1781990953708 1.036668306741959 42
1781990974743 1.0372713192915306 43
1781990996569 1.03649906317393 44
1781991019995 1.0367522606482873 45
1781991040864 1.0357147394082484 46
1781991061749 1.0359463416613066 47
1781991082528 1.0352129477720995 48
1781991114198 1.0350021429550953 49
1781991135322 1.0341890454292297 50
1781991158100 1.0349576733051202 51
1781991179133 1.0350940792988508 52
1781991199872 1.0334222943354876 53
1781991221218 1.033894664201981 54
1781991242650 1.0338859512255743 55
1781991263753 1.03371233970691 56
1781991285328 1.0330231816340716 57
1781991306286 1.0327442273115501 58
1781991327475 1.0318973446503663 59
1781991348735 1.0324515532224605 60
1781991369331 1.0319305459658306 61
1781991390856 1.0316781600316365 62
1781991411981 1.0315503111252418 63
1781991433203 1.0313136455340264 64
1781991454210 1.0311482548713684 65
1781991475373 1.030043221437014 66
1781991496373 1.0310584398416371 67
