1782332139990 1.7187068700790404 1
1782332144434 1.7109403419494629 2
1782332149041 1.6929426956176759 3
1782332153315 1.674972414970398 4
1782332157595 1.6658695840835571 5
1782332161986 1.6105652713775636 6
1782332166386 1.2872012948989868 7
1782332170761 0.9358714532852173 8
1782332175241 0.8242106723785401 9
1782332179472 0.7976023697853089 10
1782332183896 0.7839490842819213 11
1782332188428 0.7757538080215454 12
1782332192945 0.7720153832435608 13
1782332197426 0.7658331871032715 14
1782332201923 0.758445611000061 15
1782332206348 0.7514349722862244 16
1782332215896 0.7503813004493713 17
1782332220237 0.7448949313163757 18
1782332224639 0.7349358534812928 19
1782332229188 0.7292789673805237 20
1782332233586 0.7269895458221436 21
1782332238097 0.7199369883537292 22
1782332242464 0.7060482335090638 23
1782332246664 0.6937553930282593 24
1782332251046 0.6896854209899902 25
1782332255318 0.684181067943573 26
1782332259632 0.670024631023407 27
1782332264079 0.6593342638015747 28
1782332268593 0.6541553139686584 29
1782332273050 0.648905942440033 30
1782332277489 0.6407410550117493 31
1782332281843 0.6237634158134461 32
1782332286286 0.6210512351989746 33
1782332290729 0.6130553936958313 34
1782332294961 0.6045003867149353 35
1782332299471 0.5916647124290466 36
1782332303860 0.587560019493103 37
1782332308215 0.5890849232673645 38
1782332312501 0.5820917654037475 39
1782332316857 0.570040717124939 40
1782332321433 0.5676720547676086 41
1782332325730 0.5681956458091736 42
1782332330016 0.5599129962921142 43
1782332334429 0.5541004967689515 44
1782332338609 0.5502713060379029 45
1782332343040 0.548347281217575 46
1782332347407 0.5421438264846802 47
1782332351871 0.5371291029453278 48
1782332356069 0.5343351769447326 49
1782332360504 0.5365186297893524 50
1782332364980 0.5289916932582855 51
1782332369376 0.5255957567691802 52
1782332373801 0.5231312549114228 53
1782332378159 0.5216084063053131 54
1782332382458 0.5307492911815643 55
1782332386853 0.5109560358524322 56
1782332391406 0.5099566066265107 57
1782332395854 0.5142885220050811 58
1782332400112 0.5157885038852692 59
1782332404568 0.5075949490070343 60
1782332408882 0.5032247018814087 61
1782332413272 0.502713474035263 62
1782332417616 0.5008577799797058 63
1782332421908 0.49581645011901854 64
1782332426290 0.49329688906669616 65
1782332430800 0.496945344209671 66
1782332435001 0.5014180743694305 67
1782332439496 0.48909947514533997 68
1782332443992 0.4857643830776215 69
1782332448154 0.4918787157535553 70
1782332452771 0.4858430349826813 71
1782332457030 0.48160152554512026 72
1782332461442 0.48100143671035767 73
1782332465728 0.4798938941955566 74
1782332470114 0.48798521637916564 75
1782332474235 0.47857154965400694 76
1782332478596 0.4775962579250336 77
1782332482877 0.47598792552948 78
1782332487367 0.4811529970169067 79
1782332491541 0.4740296697616577 80
1782332495969 0.47230395436286926 81
1782332500243 0.4798008155822754 82
1782332504718 0.48049623012542725 83
1782332509158 0.47044095873832703 84
1782332513621 0.4700213146209717 85
1782332518052 0.47366549134254454 86
1782332522357 0.4693890106678009 87
1782332526766 0.469982727766037 88
1782332531120 0.4636287200450897 89
1782332535324 0.4688094389438629 90
1782332539723 0.4669032096862793 91
1782332544032 0.46128486037254335 92
1782332548326 0.460651398897171 93
1782332552845 0.4631959843635559 94
1782332557391 0.4633649623394012 95
1782332562114 0.4591797506809235 96
1782332566496 0.4560879397392273 97
1782332570718 0.46156739473342895 98
1782332575020 0.46067700028419495 99
1782332579298 0.45815798282623293 100
