1781908361506 1.4073093948364257 1
1781908412051 1.0681823523044587 2
1781908473150 0.7051810858249664 3
1781908529783 0.2781778688430786 4
1781908582328 0.20559542870521547 5
1781908633349 0.18620210132002832 6
1781908684775 0.17436481615900992 7
1781908734170 0.16674562975764273 8
1781908788132 0.16439915207028388 9
1781908839169 0.1614004822075367 10
1781908900180 0.15638649109005928 11
1781908959150 0.15369561177492141 12
1781909007754 0.15259565073251724 13
1781909058089 0.1511196195781231 14
1781909109464 0.14835078418254852 15
1781909159844 0.14671824377775192 16
1781909209230 0.14617731514573098 17
1781909259516 0.1426765585243702 18
1781909309959 0.14386139270663262 19
1781909358720 0.14368225151300432 20
1781909409404 0.1408199644088745 21
1781909460481 0.1402311157286167 22
1781909511439 0.13911223655939103 23
1781909562826 0.13887278220057486 24
1781909614641 0.1377878013253212 25
1781909665824 0.13648626148700715 26
1781909714986 0.13856208151578903 27
1781909765088 0.13750837215781211 28
1781909817229 0.13679690113663673 29
1781909869489 0.13615004807710648 30
1781909920236 0.13568051379919052 31
1781909969269 0.13815762490034103 32
1781910026344 0.13536814936995506 33
1781910077778 0.13444654776155948 34
