1782331741391 1.540555329322815 1
1782331745761 1.534086275100708 2
1782331750023 1.5192575693130492 3
1782331754407 1.5047206926345824 4
1782331758760 1.4982393074035645 5
1782331763029 1.4658461427688598 6
1782331767392 1.264422106742859 7
1782331772028 1.026933331489563 8
1782331776179 0.931195297241211 9
1782331780522 0.800102322101593 10
1782331784641 0.7810126376152039 11
1782331788957 0.775344352722168 12
1782331793352 0.7741147661209107 13
1782331797709 0.7672764301300049 14
1782331802180 0.7594654035568237 15
1782331806750 0.7537981247901917 16
1782331811244 0.752221655845642 17
1782331815531 0.7475856161117553 18
1782331819767 0.745329167842865 19
1782331823934 0.7354011368751526 20
1782331827997 0.7319666600227356 21
1782331832177 0.7242017340660095 22
1782331836480 0.7044360756874084 23
1782331840848 0.6880729818344116 24
1782331845404 0.6821606874465942 25
1782331849630 0.6690287113189697 26
1782331854009 0.6590147995948792 27
1782331858529 0.6401675200462341 28
1782331862907 0.6341502332687378 29
1782331867595 0.6282848644256592 30
1782331872098 0.6164886403083801 31
1782331876607 0.6050754284858704 32
1782331881009 0.6010334897041321 33
1782331885347 0.5974378013610839 34
1782331889705 0.5851998782157898 35
1782331894080 0.5760551309585571 36
1782331898574 0.5722796654701233 37
1782331903100 0.5698921513557434 38
1782331907523 0.5646518766880035 39
1782331911973 0.553706887960434 40
1782331916403 0.5491440153121948 41
1782331920770 0.5517483353614807 42
1782331925251 0.5458228361606597 43
1782331929640 0.5363598883152008 44
1782331933978 0.5320297253131866 45
1782331938559 0.532098468542099 46
1782331942953 0.5279232931137084 47
1782331947682 0.5212038719654083 48
1782331952145 0.5180702543258667 49
1782331956676 0.5203102612495423 50
1782331961081 0.5128765797615051 51
1782331965722 0.510506558418274 52
1782331970092 0.5067898857593537 53
1782331974785 0.5095892310142517 54
1782331979087 0.5222751808166504 55
1782331983474 0.5044626927375794 56
1782331987971 0.4969083654880524 57
1782331992458 0.5025223231315613 58
1782331996839 0.49674708604812623 59
1782332001407 0.48914767980575563 60
1782332005724 0.491784827709198 61
1782332010001 0.48911592841148377 62
1782332014773 0.4866108500957489 63
1782332020827 0.48065864682197573 64
1782332025260 0.47925750851631166 65
1782332029683 0.48592520713806153 66
1782332034063 0.48291715621948245 67
1782332038827 0.4735567998886108 68
1782332043418 0.47037824034690856 69
1782332047676 0.4754968810081482 70
1782332052167 0.4740144097805023 71
1782332056581 0.4653896260261536 72
1782332061249 0.46428317546844483 73
1782332065612 0.46612905502319335 74
1782332070013 0.46731624484062195 75
1782332074451 0.4607383251190186 76
1782332078823 0.4601500642299652 77
1782332083465 0.46414868235588075 78
1782332087783 0.46027238488197325 79
1782332092009 0.45945845007896424 80
1782332096239 0.4576895332336426 81
1782332100687 0.4710416388511658 82
1782332104948 0.4548925530910492 83
1782332109325 0.4519509160518646 84
1782332113572 0.4501582205295563 85
1782332117809 0.45232195138931275 86
1782332122062 0.4501669275760651 87
1782332126715 0.4461557626724243 88
1782332131099 0.4450196552276611 89
1782332135477 0.4478284335136414 90
