1779377874333 1.2606716899871826 1
1779377923899 0.9431897509098053 2
1779377974730 0.4695338804125786 3
1779378025333 0.2364858939051628 4
1779378076951 0.20329941439628602 5
1779378127422 0.1906029820740223 6
1779378179265 0.18416060480475427 7
1779378231037 0.18162724947929382 8
1779378282865 0.17617773166298867 9
1779378334772 0.1733736952841282 10
1779378386790 0.1700519594848156 11
1779378439338 0.16953012251853944 12
1779378490892 0.1680361595451832 13
1779378541897 0.165620668977499 14
1779378594304 0.1635787239074707 15
1779378645793 0.16242798987030982 16
1779378696974 0.16290590831637383 17
1779378747468 0.16088349759578705 18
1779378799941 0.15931721678376198 19
1779378852072 0.15996582928299904 20
1779378902155 0.1579019788503647 21
1779378953897 0.15643040779232978 22
1779379005723 0.15562588277459144 23
1779379058169 0.1538121875524521 24
1779379112215 0.1551595294177532 25
1779379163941 0.15358184599876404 26
1779379217170 0.15256699734926224 27
1779379268804 0.1521741155385971 28
1779379320748 0.14990494266152382 29
1779379371074 0.14872629097104073 30
