1782689470805 1.3543953704833984 1
1782689479696 1.2268467617034913 2
1782689489343 1.1666207790374756 3
1782689498190 1.1157735586166382 4
1782689506957 1.0623653602600098 5
1782689515769 1.0122787356376648 6
1782689524545 0.9603885245323182 7
1782689533450 0.9122448444366456 8
1782689542223 0.8582222485542297 9
1782689550932 0.8078340268135071 10
1782689559759 0.7561049795150757 11
1782689568620 0.7079099750518799 12
1782689577388 0.6595486354827881 13
1782689586762 0.6157302069664001 14
1782689595618 0.576634657382965 15
1782689604410 0.5393921601772308 16
1782689613173 0.5003987181186677 17
1782689621918 0.46842862367630006 18
1782689630761 0.4353314304351807 19
1782689639558 0.4066560649871826 20
1782689648450 0.3966591966152191 21
1782689657177 0.3758175683021545 22
1782689666578 0.36497132301330565 23
1782689675505 0.34591983556747435 24
1782689684599 0.333287456035614 25
1782689693449 0.3166427928209305 26
1782689702320 0.30758901953697204 27
1782689711111 0.30064057469367983 28
1782689719952 0.2910994791984558 29
