1779976337148 1.4452762603759766 1
1779976340782 1.034140260219574 2
1779976344372 0.8913615012168884 3
1779976348006 0.8153610849380493 4
1779976351656 0.7293702173233032 5
1779976355275 0.6924843120574952 6
1779976358854 0.6694588232040405 7
1779976362459 0.8569879174232483 8
1779976366066 0.7499307107925415 9
1779976369708 0.728500554561615 10
1779976373283 0.7136763381958008 11
1779976376802 0.691881353855133 12
1779976380417 0.6760488510131836 13
1779976384029 0.6644945478439331 14
1779976387637 0.6505970239639283 15
1779976391191 0.6400839114189147 16
1779976394859 0.6326459074020385 17
1779976398497 0.6200659203529358 18
1779976402163 0.6022110748291015 19
1779976405875 0.5912052655220031 20
1779976409510 0.5731507468223572 21
1779976413117 0.5692806077003479 22
1779976416720 0.5624626398086547 23
1779976420325 0.5439313626289368 24
1779976423936 0.5299195528030396 25
1779976427597 0.5172748243808747 26
1779976431139 0.5132601392269135 27
1779976439987 0.49628588676452634 28
1779976443556 0.48842618584632874 29
1779976447188 0.4784038245677948 30
1779976450830 0.46991527915000914 31
1779976454476 0.4782754993438721 32
1779976458071 0.4634391176700592 33
1779976461676 0.4661009931564331 34
1779976465375 0.44427693128585816 35
1779976469013 0.440560816526413 36
1779976472666 0.4315669560432434 37
1779976476229 0.4310069298744202 38
1779976479914 0.42953122735023497 39
1779976483485 0.4288106453418732 40
1779976487139 0.4235385167598724 41
1779976490815 0.4175535774230957 42
1779976494458 0.4131412541866302 43
1779976498135 0.40533588171005247 44
1779976501811 0.39979766130447386 45
