1782595832779 1.3706435441970826 1
1782595837051 1.2266658449172974 2
1782595841287 1.165784888267517 3
1782595845425 1.1106763696670532 4
1782595849555 1.0583713817596436 5
1782595853869 1.0081421446800232 6
1782595858170 0.9559714818000793 7
1782595862442 0.9057472658157348 8
1782595866673 0.8571986722946167 9
1782595871048 0.8070565938949585 10
1782595875553 0.756264386177063 11
1782595880079 0.7071256017684937 12
1782595885913 0.6613633394241333 13
1782595890325 0.6171981835365296 14
1782595894856 0.5775882339477539 15
1782595899144 0.5382085907459259 16
1782595903869 0.5029359710216522 17
1782595908317 0.4676102638244629 18
1782595912911 0.4385127210617065 19
1782595917522 0.4228314745426178 20
1782595921650 0.3969582784175873 21
1782595926122 0.3723676609992981 22
1782595930533 0.35487718403339386 23
1782595935377 0.3366831278800964 24
1782595948392 0.3241345536708832 25
1782595952768 0.3178425937891006 26
1782595957267 0.32274958968162537 27
1782595961510 0.3043589335680008 28
1782595966103 0.29463579058647155 29
1782595970350 0.28955064237117767 30
1782595974859 0.28776041984558104 31
1782595979198 0.2844102966785431 32
1782595983755 0.276726211309433 33
1782595988622 0.2695216846466064 34
1782595993028 0.26629002034664156 35
1782595997466 0.2680597621202469 36
1782596001916 0.2710037970542908 37
1782596006593 0.2651289999485016 38
1782596010983 0.2554842746257782 39
1782596015638 0.2507982039451599 40
