1782333387969 1.6469332933425904 1
1782333392622 1.6398802614212036 2
1782333396850 1.624228024482727 3
1782333401185 1.609125142097473 4
1782333405557 1.6027719020843505 5
1782333410054 1.5757966136932373 6
1782333414703 1.4390830755233766 7
1782333419101 1.2312282133102417 8
1782333423312 1.1209135627746583 9
1782333427749 0.8590301942825317 10
1782333432063 0.790719575881958 11
1782333436337 0.7849451661109924 12
1782333440701 0.7841442966461182 13
1782333445212 0.7803722763061524 14
1782333449584 0.77478928565979 15
1782333454038 0.7718548464775086 16
1782333458235 0.7710953116416931 17
1782333462506 0.7684450507164001 18
1782333466988 0.765113000869751 19
1782333471296 0.761402759552002 20
1782333475602 0.7598314309120178 21
1782333480220 0.756072416305542 22
1782333484505 0.7505087971687316 23
1782333488754 0.7484412670135498 24
1782333493048 0.7478199648857117 25
1782333497329 0.7462303566932679 26
1782333501615 0.7423936557769776 27
1782333505759 0.7393261504173279 28
1782333510071 0.7373155498504639 29
1782333514465 0.734525032043457 30
1782333518677 0.7275225758552551 31
1782333522964 0.7225305461883544 32
1782333527295 0.7195615291595459 33
1782333531568 0.7134165930747985 34
1782333536080 0.6997853517532349 35
1782333540603 0.688287365436554 36
1782333545264 0.6845390725135804 37
1782333549728 0.6817067790031434 38
1782333554140 0.6772703433036804 39
1782333559299 0.6748253083229065 40
1782333563716 0.6740814805030823 41
1782333568002 0.6742942714691162 42
1782333572254 0.6730901598930359 43
1782333576465 0.6694840550422668 44
1782333581066 0.6702103686332702 45
1782333585522 0.6698055291175842 46
1782333589991 0.6691105103492737 47
1782333594362 0.6663500905036926 48
1782333598858 0.6656013584136963 49
1782333603348 0.6649836397171021 50
1782333607868 0.6630408382415771 51
1782333612437 0.6604420232772827 52
1782333616943 0.6588155603408814 53
1782333621348 0.6616725111007691 54
1782333625712 0.6584712815284729 55
1782333630385 0.6556764054298401 56
1782333634634 0.6527913093566895 57
1782333638987 0.653699345588684 58
1782333643472 0.6510605239868164 59
1782333648057 0.6495893239974976 60
1782333652591 0.6477479577064514 61
1782333657175 0.6498798966407776 62
1782333661870 0.6473415946960449 63
1782333666276 0.6449138331413269 64
1782333670861 0.6435220456123352 65
1782333675234 0.6428763818740845 66
1782333679757 0.6400040221214295 67
1782333684211 0.6392284154891967 68
1782333688666 0.6371700763702393 69
1782333693176 0.6369777488708496 70
1782333697618 0.633156590461731 71
1782333701922 0.6279688644409179 72
1782333706279 0.6256941795349121 73
1782333710586 0.6227520489692688 74
1782333715007 0.6193720173835754 75
1782333719541 0.6165887594223023 76
1782333723886 0.614128303527832 77
1782333728515 0.6123765778541564 78
1782333733147 0.6068608701229096 79
1782333737767 0.6057964015007019 80
1782333742347 0.6038355875015259 81
1782333746886 0.6034316992759705 82
1782333751295 0.5996775507926941 83
1782333755840 0.5962966799736023 84
1782333761023 0.5967076086997986 85
1782333765933 0.5963791370391845 86
1782333770739 0.5941331839561462 87
1782333775640 0.5890051937103271 88
1782333780644 0.5885169959068298 89
1782333785468 0.588366310596466 90
1782333790655 0.5850908255577087 91
1782333795625 0.5823473143577576 92
1782333800112 0.5817048382759095 93
1782333804580 0.5791689467430114 94
1782333809203 0.5779278016090393 95
1782333813663 0.5744387412071228 96
1782333817871 0.5733042979240417 97
1782333822569 0.5727267909049988 98
1782333826972 0.5678986072540283 99
1782333832903 0.5654142141342163 100
