1782377146796 1.6262056350708007 1
1782377151530 1.549424605369568 2
1782377156544 1.466115827560425 3
1782377161316 1.3829763078689574 4
1782377165990 1.3099076318740845 5
1782377170657 1.2430319309234619 6
1782377175470 1.1767497587203979 7
1782377180330 1.1136262559890746 8
1782377185270 1.0544675922393798 9
1782377190019 0.9929169631004333 10
1782377194788 0.9392255425453186 11
1782377199575 0.8813258385658265 12
1782377204342 0.8255573439598084 13
1782377208950 0.7709812974929809 14
1782377213598 0.7205875062942505 15
1782377218421 0.6731974482536316 16
1782377223251 0.6271361660957336 17
1782377227897 0.584166030883789 18
1782377232648 0.5461106395721436 19
1782377237814 0.5181589603424073 20
1782377242407 0.4808400499820709 21
1782377247001 0.45268075942993163 22
1782377251686 0.42459470868110655 23
1782377256614 0.40186423182487485 24
1782377261430 0.38050871014595034 25
1782377266305 0.36356931924819946 26
1782377271110 0.34880139589309694 27
1782377276057 0.34050012290477755 28
1782377280754 0.33144044637680053 29
1782377285512 0.31669087111949923 30
1782377290298 0.3088634699583054 31
1782377295395 0.3012987262010574 32
1782377300253 0.29455730140209196 33
1782377304980 0.2866354113817215 34
1782377309859 0.2800279718637466 35
1782377314557 0.2751158046722412 36
1782377319418 0.26947005093097687 37
1782377323887 0.26364366471767425 38
1782377328542 0.2615854012966156 39
1782377333070 0.2616717040538788 40
