1781993179926 1.6491453097416804 1
1781993200989 1.5644996013396826 2
1781993221488 1.1503367576843653 3
1781993242504 1.0861332569366846 4
1781993263514 1.0755936671526005 5
1781993316068 1.072285988391974 6
1781993336917 1.0694594719471076 7
1781993360805 1.0677770590170836 8
1781993381410 1.0653195258898613 9
1781993401931 1.0632284940817418 10
1781993422484 1.0610900597694592 11
1781993442805 1.0591987402011187 12
1781993463436 1.0584039382445507 13
1781993484205 1.0564754834541907 14
1781993505235 1.0554782885771532 15
1781993525889 1.0539780732912896 16
1781993547825 1.0522823394873204 17
1781993568667 1.0524399555646455 18
1781993589560 1.0506945451100667 19
1781993611014 1.0510864380078437 20
1781993632032 1.0502780033991888 21
1781993652537 1.0513778863809047 22
