1782339444993 1.7286168003082276 1
1782339449143 1.1812449097633362 2
1782339453383 0.854532060623169 3
1782339457572 0.8032723426818847 4
1782339461760 0.7777817559242248 5
1782339465989 0.7511618185043335 6
1782339470081 0.7024215912818909 7
1782339474372 0.6468235492706299 8
1782339478653 0.6212799024581909 9
1782339482750 0.6025076079368591 10
1782339486975 0.5798052549362183 11
1782339491258 0.5640312397480011 12
1782339495688 0.555040979385376 13
1782339500040 0.5377145445346833 14
1782339504281 0.525592770576477 15
1782339508367 0.5150020551681519 16
1782339512671 0.5086310017108917 17
1782339517197 0.49301414132118226 18
1782339521494 0.4807237505912781 19
1782339525764 0.47758394718170166 20
1782339530134 0.4749544274806976 21
1782339534348 0.46727516293525695 22
1782339538777 0.4561666738986969 23
1782339542917 0.44904075980186464 24
1782339547301 0.44236948728561404 25
1782339551579 0.4424577736854553 26
1782339555860 0.4466725754737854 27
1782339560094 0.44222519278526307 28
1782339564357 0.4302104461193085 29
1782339568827 0.4266137707233429 30
1782339573042 0.42468120336532594 31
1782339577272 0.4237679660320282 32
1782339581659 0.4179013133049011 33
1782339586012 0.4193131363391876 34
1782339590404 0.41885151267051696 35
1782339594621 0.4137263584136963 36
1782339598894 0.41077077627182007 37
1782339603030 0.41401491045951844 38
1782339607469 0.4031222188472748 39
1782339611669 0.4046657478809357 40
1782339615754 0.4005106508731842 41
1782339620100 0.40954588413238524 42
1782339624574 0.39742414355278016 43
1782339629018 0.3987667870521545 44
1782339633382 0.39391779363155366 45
1782339638062 0.39596128821372983 46
1782339642493 0.3875612509250641 47
1782339647106 0.3880815398693085 48
1782339651422 0.3926398730278015 49
1782339656086 0.3864978575706482 50
1782339660576 0.3849514555931091 51
1782339665189 0.3821152985095978 52
1782339669756 0.37816284656524657 53
1782339674199 0.37622246742248533 54
1782339678407 0.3790662729740143 55
1782339682607 0.3777292263507843 56
1782339686896 0.3752142071723938 57
1782339691404 0.3721077764034271 58
1782339695748 0.38140308737754824 59
1782339700109 0.3744946801662445 60
1782339704214 0.3709813928604126 61
1782339708338 0.3689126312732697 62
1782339712701 0.3671959340572357 63
1782339717082 0.3632268822193146 64
1782339721219 0.36192322134971616 65
1782339725405 0.36292628407478333 66
1782339729769 0.3588800609111786 67
1782339734117 0.3580386197566986 68
1782339738303 0.36258052706718447 69
1782339742630 0.3578957200050354 70
1782339746838 0.35421293139457705 71
