1782668341621 1.2734711567560832 1
1782668342733 1.169188678264618 2
1782668343829 1.114446222782135 3
1782668344989 1.0818024079004924 4
1782668346078 1.0555112759272258 5
1782668347169 1.0359974106152852 6
1782668348286 1.0139615535736084 7
1782668349405 0.9925753275553385 8
1782668350510 0.9733540614446005 9
1782668351623 0.9519912997881571 10
1782668352750 0.9332451621691386 11
1782668353850 0.9107089638710022 12
1782668354980 0.8922819197177887 13
1782668356092 0.8742083013057709 14
1782668357249 0.8506860534350077 15
1782668358416 0.8366486032803854 16
1782668359557 0.8117472231388092 17
1782668360700 0.79769699772199 18
1782668361925 0.7737681170304617 19
1782668363050 0.761390229066213 20
1782668364184 0.7434971928596497 21
1782668365327 0.720074325799942 22
1782668366462 0.7016110022862753 23
1782668367586 0.6813117861747742 24
1782668368729 0.6635182599226633 25
1782668369863 0.6457870701948801 26
1782668371011 0.6286148130893707 27
1782668372143 0.6096321443716685 28
1782668373264 0.5904630323251089 29
1782668374392 0.5722773472468058 30
1782668375507 0.5541796386241913 31
1782668376606 0.5403508941332499 32
1782668377736 0.5281853675842285 33
1782668378841 0.5129652967055639 34
1782668379970 0.4961639940738678 35
1782668381163 0.48012591401735943 36
1782668382319 0.47064605355262756 37
1782668383473 0.4550047864516576 38
1782668384613 0.4397990008195241 39
1782668385726 0.42709948122501373 40
1782668386860 0.41663295527299243 41
1782668388003 0.4001426100730896 42
1782668389102 0.39356843133767444 43
1782668390289 0.3767914225657781 44
1782668391419 0.3688424527645111 45
1782668392553 0.35324359436829883 46
1782668393723 0.34360713760058087 47
1782668394850 0.33352361619472504 48
1782668395982 0.32658487061659497 49
1782668397075 0.3154721607764562 50
1782668398205 0.30965055525302887 51
1782668399345 0.2983093013366063 52
1782668400500 0.2916496644417445 53
