1782662663712 1.7979365348815919 1
1782662664880 1.61230366230011 2
1782662666011 1.5312808752059937 3
1782662667157 1.4533553838729858 4
1782662668294 1.3900258779525756 5
1782662669436 1.330848479270935 6
1782662670641 1.2812848567962647 7
1782662671813 1.2401766538619996 8
1782662673000 1.2151674270629882 9
1782662674241 1.1814430475234985 10
1782662675387 1.1425833225250244 11
1782662676538 1.1073840141296387 12
1782662677743 1.0767567157745361 13
1782662678895 1.0455013751983642 14
1782662680069 1.027171516418457 15
1782662681210 0.9857576251029968 16
1782662682370 0.9743613123893737 17
1782662683497 0.9415966391563415 18
1782662684682 0.9098111271858216 19
1782662685849 0.8886331200599671 20
1782662686978 0.8611984729766846 21
1782662688083 0.8344529032707214 22
1782662689276 0.8053259372711181 23
1782662690395 0.7871159315109253 24
1782662691529 0.7630059957504273 25
1782662692670 0.7310579538345336 26
1782662693845 0.709186339378357 27
1782662695009 0.6869249939918518 28
1782662696181 0.6593204975128174 29
1782662697306 0.6389981150627136 30
1782662698428 0.6245983719825745 31
1782662699588 0.6041436791419983 32
1782662700739 0.5830602884292603 33
1782662701883 0.5687793135643006 34
1782662704451 0.5550388336181641 35
1782662705546 0.5415812134742737 36
1782662706703 0.5279660940170288 37
1782662707835 0.5071078658103942 38
1782662708970 0.484190845489502 39
1782662710115 0.4631534814834595 40
1782662711260 0.46780028343200686 41
1782662712405 0.4432741403579712 42
1782662713580 0.4287728250026703 43
1782662714726 0.4194348156452179 44
1782662715898 0.40635389685630796 45
1782662717068 0.3977277934551239 46
1782662718187 0.38792075514793395 47
1782662719277 0.37978058457374575 48
1782662720363 0.3710176169872284 49
1782662721463 0.3590958595275879 50
1782662722612 0.3357367396354675 51
1782662723731 0.33251875042915346 52
1782662724877 0.3172061324119568 53
1782662726004 0.31418793797492983 54
1782662727175 0.30559377670288085 55
1782662728354 0.3020112156867981 56
1782662729524 0.2917778670787811 57
1782662730650 0.2855171263217926 58
1782662731808 0.2712960958480835 59
1782662732905 0.2636311411857605 60
1782662734051 0.261304035782814 61
1782662735167 0.2552738070487976 62
1782662736262 0.25784692466259 63
1782662737410 0.2424822509288788 64
1782662738511 0.2431880474090576 65
1782662739619 0.249053493142128 66
1782662740734 0.23939155042171478 67
1782662741848 0.23359517753124237 68
1782662743014 0.23788291215896606 69
1782662744170 0.22250811457633973 70
1782662745245 0.21659233272075654 71
