1782350245903 1.6003657150268555 1
1782350251490 1.5004477167129517 2
1782350256267 1.4075788402557372 3
1782350260964 1.3335707044601441 4
1782350265745 1.246521520614624 5
1782350270783 1.1668183565139771 6
1782350275655 1.0955189037322999 7
1782350280328 1.0330164313316346 8
1782350285195 0.9734860134124755 9
1782350289823 0.916536979675293 10
1782350294931 0.8668296790122986 11
1782350299719 0.81036780834198 12
1782350304446 0.7602761387825012 13
1782350309107 0.7114368891716003 14
1782350314023 0.6666293573379517 15
1782350318809 0.6247717308998108 16
1782350323303 0.5843163323402405 17
1782350327934 0.5449061691761017 18
1782350332895 0.5096626389026642 19
1782350337694 0.48773818254470824 20
1782350342391 0.45239832520484924 21
1782350346986 0.42383300185203554 22
1782350351938 0.3994317328929901 23
1782350356634 0.37937355518341065 24
1782350361461 0.3594826519489288 25
1782350366376 0.3458994114398956 26
1782350371105 0.334516721367836 27
1782350375899 0.32797118842601775 28
1782350380339 0.31931625604629515 29
1782350384995 0.3082594847679138 30
1782350389776 0.3000920021533966 31
1782350394808 0.29367793798446656 32
1782350399421 0.2911053639650345 33
