1781901628098 1.5118634975873506 1
1781901649530 1.399911547318483 2
1781901669768 1.3080082948391254 3
1781901690030 1.2563159007292528 4
1781901710521 1.1947951194567559 5
1781901730845 1.1365030728853667 6
1781901751057 1.0845482165996845 7
1781901771434 1.0348595869846833 8
1781901791577 0.988479841978122 9
1781901811977 0.9430226194552886 10
1781901832265 0.8989891654405838 11
1781901852805 0.8588068928474035 12
1781901873077 0.8113995912747506 13
1781901893226 0.7734548862163837 14
1781901913371 0.7347172040205735 15
1781901933603 0.6959399825487381 16
1781901953892 0.6636048708206568 17
1781901974278 0.6239139498808445 18
1781901994425 0.5944635745806571 19
1781902014646 0.5640222307963249 20
1781902035290 0.530342447452056 21
1781902055657 0.5016419589519501 22
1781902075978 0.48071845983847594 23
1781902096268 0.4551560924603389 24
1781902116266 0.4294345692182199 25
1781902136842 0.4103983579537807 26
1781902157332 0.3969006148668436 27
1781902177666 0.38649576367476046 28
1781902197655 0.3707419572732387 29
1781902218331 0.3558305066365462 30
1781902239055 0.3507136305173238 31
1781902259328 0.3383588683910859 32
1781902279408 0.31246666380992305 33
1781902299675 0.3133030770680843 34
1781902320160 0.30268177619347203 35
1781902340390 0.2919519895162338 36
1781902360689 0.29709026637749797 37
1781902381543 0.26943805660956943 38
1781902401812 0.2767056467441412 39
1781902422027 0.2826084085764029 40
1781902442339 0.26516399322411954 41
1781902462894 0.2588976885263736 42
1781902483165 0.2485837676586249 43
1781902503583 0.2407654264034369 44
1781902524503 0.23987563795004135 45
1781902545079 0.24928501974313688 46
1781902565513 0.24140157798926035 47
1781902586195 0.2548316289217044 48
1781902606365 0.2405689381636106 49
1781902626910 0.22154904481692192 50
1781902647280 0.22268112997213999 51
1781902667845 0.2220912380860402 52
1781902688139 0.21917112515522882 53
1781902708659 0.23128699683226073 54
1781902729452 0.2094473231297273 55
1781902749681 0.19668037119584206 56
1781902770111 0.19916565257769364 57
1781902790504 0.20706634605542207 58
