1779396692085 1.1396440782546997 1
1779396744567 0.9190877721309662 2
1779396795851 0.6611780588626861 3
1779396849117 0.5812468421459198 4
1779396901432 0.5217474632263184 5
1779396954028 0.4913278647661209 6
1779397006078 0.46275505220890045 7
1779397059602 0.4499259017705917 8
1779397112485 0.43008631682395937 9
1779397165284 0.42741593503952025 10
1779397223111 0.4137583650350571 11
1779397274689 0.39966712605953214 12
1779397325576 0.3889399129152298 13
1779397376863 0.42155115604400634 14
1779397428150 0.4057811609506607 15
1779397479549 0.37967137002944945 16
1779397531583 0.36480709195137023 17
1779397589207 0.3665100667476654 18
1779397639723 0.35482760167121885 19
1779397691563 0.35463728338479994 20
