1783007733247 1.534863069653511 1
1783007734865 1.3926617205142975 2
1783007736461 1.3554096221923828 3
1783007738079 1.3166303187608719 4
1783007739698 1.306446060538292 5
1783007741261 1.2851040363311768 6
1783007742845 1.2535735219717026 7
1783007744476 1.2321808487176895 8
1783007746148 1.2101889997720718 9
1783007747769 1.2086800187826157 10
1783007749333 1.1934988796710968 11
1783007750908 1.1602597832679749 12
1783007752534 1.1543008983135223 13
1783007754161 1.1332138925790787 14
1783007755748 1.1197302043437958 15
1783007757373 1.1009790897369385 16
1783007758972 1.0781095698475838 17
1783007760608 1.0713207423686981 18
1783007762206 1.083912581205368 19
1783007763826 1.0490063428878784 20
1783007765410 1.0324790477752686 21
1783007766992 1.0104977935552597 22
1783007768567 0.99171182513237 23
1783007770167 0.9843398854136467 24
1783007771791 0.9622230902314186 25
1783007773424 0.9572968930006027 26
1783007775035 0.9313515648245811 27
1783007776635 0.910081036388874 28
1783007778219 0.8914926499128342 29
1783007779806 0.8808119222521782 30
1783007781395 0.8542455285787582 31
1783007783020 0.8469890877604485 32
1783007784584 0.8351809903979301 33
1783007786180 0.821817196905613 34
1783007787751 0.7978864312171936 35
1783007789371 0.7980054244399071 36
1783007791023 0.7670871764421463 37
1783007792652 0.7626472115516663 38
1783007794247 0.7407620921730995 39
1783007795860 0.7415365129709244 40
1783007797508 0.7254049405455589 41
1783007799182 0.7056861445307732 42
1783007800796 0.7151975631713867 43
1783007802331 0.6883359998464584 44
1783007803867 0.6670110523700714 45
1783007805474 0.6498251035809517 46
1783007807069 0.6379297897219658 47
1783007808630 0.6196266934275627 48
1783007810213 0.614318422973156 49
1783007811808 0.5983605682849884 50
1783007813421 0.5847430676221848 51
1783007815014 0.578879602253437 52
1783007816579 0.5696583166718483 53
1783007818155 0.5593469515442848 54
1783007819770 0.5429261922836304 55
1783007821409 0.5489356257021427 56
1783007823036 0.5211179777979851 57
1783007824637 0.5114810392260551 58
1783007826243 0.49772221222519875 59
1783007827834 0.4887348711490631 60
1783007829451 0.48007625341415405 61
1783007831095 0.4727550856769085 62
1783007832703 0.4577558785676956 63
1783007834324 0.448087677359581 64
1783007835962 0.43988684192299843 65
1783007837546 0.44309791550040245 66
1783007839176 0.42920637875795364 67
1783007840744 0.4223622903227806 68
1783007842406 0.41372881829738617 69
1783007844006 0.4093390367925167 70
1783007845657 0.3880484588444233 71
1783007847256 0.3803076297044754 72
1783007848855 0.37113790959119797 73
1783007850462 0.36632756888866425 74
1783007852085 0.3591815158724785 75
1783007853662 0.34924912452697754 76
1783007855350 0.3468465879559517 77
1783007856957 0.34190886467695236 78
1783007858563 0.3307036831974983 79
1783007860128 0.32638711854815483 80
1783007861724 0.3224477805197239 81
1783007863360 0.3273753486573696 82
1783007864965 0.3200881592929363 83
1783007866577 0.3049369342625141 84
1783007868259 0.2970481179654598 85
1783007869868 0.3004065454006195 86
1783007871449 0.29777559265494347 87
1783007873058 0.2812973391264677 88
1783007874685 0.2712138257920742 89
1783007876264 0.26437101885676384 90
1783007877875 0.2626779191195965 91
1783007879439 0.26168699003756046 92
1783007881056 0.2515665218234062 93
1783007882694 0.24854194559156895 94
1783007884314 0.24515798687934875 95
1783007885972 0.2519500534981489 96
1783007887552 0.23788301832973957 97
1783007889129 0.23891549184918404 98
1783007890807 0.23414833657443523 99
1783007892454 0.22950470633804798 100
