1782654529254 2.4014693399270377 1
1782654538744 2.25247256954511 2
1782654549043 2.100982367992401 3
1782654558424 1.9462906469901402 4
1782654568886 1.7997283736864726 5
1782654576940 1.6516918689012527 6
1782654585892 1.5058647443850834 7
1782654595514 1.3647522032260895 8
1782654605138 1.236249600847562 9
1782654614732 1.1172242710987728 10
1782654622801 1.0102645556132 11
1782654631798 0.9155529762307802 12
1782654639925 0.8304237897197405 13
1782654647875 0.7557778979341189 14
1782654656514 0.6846130887667338 15
1782654665852 0.6191121389468511 16
1782654674141 0.5566977808872858 17
1782654682851 0.5011341037849585 18
1782654691231 0.45023104672630626 19
1782654699300 0.40403298785289127 20
1782654708558 0.35430065418283146 21
1782654716892 0.3162209900716941 22
1782654726689 0.29337553307414055 23
1782654736391 0.2664009854197502 24
1782654744360 0.24318434360126653 25
1782654752439 0.22465388290584087 26
1782654760758 0.21031579871972403 27
1782654769934 0.20303908362984657 28
1782654779156 0.19015362982948622 29
1782654787651 0.18401458052297434 30
1782654796675 0.17355658548573652 31
1782654804807 0.1640381688872973 32
1782654813476 0.15912840391198793 33
1782654821457 0.15226831721762815 34
1782654829889 0.14872172940522432 35
1782654841603 0.14468832996984324 36
1782654849767 0.1435913204525908 37
1782654858076 0.13912266648064056 38
1782654865977 0.13638846389949322 39
1782654874612 0.13297783148785433 40
1782654882974 0.13154079609860977 41
1782654893176 0.1312263902897636 42
1782654901512 0.130950715392828 43
1782654908870 0.12781373349328837 44
