1782335296189 1.5788809442520142 1
1782335300525 1.463233573436737 2
1782335305072 0.829292631149292 3
1782335309721 0.7913935542106628 4
1782335314021 0.78314129114151 5
1782335318373 0.7714842557907104 6
1782335322736 0.7559659409523011 7
1782335327198 0.7457411623001099 8
1782335331904 0.7425145816802978 9
1782335336328 0.7303629040718078 10
1782335346058 0.7081445956230163 11
1782335354609 0.6958009672164917 12
1782335358966 0.6913872504234314 13
1782335363309 0.6801546001434327 14
1782335367969 0.6580020809173583 15
1782335372585 0.6444612503051758 16
1782335377144 0.6399832224845886 17
1782335381563 0.6324306607246399 18
1782335389065 0.6247401022911072 19
1782335393658 0.6086933946609497 20
1782335398145 0.6044200420379638 21
1782335402582 0.5975809454917907 22
1782335406973 0.5702920246124268 23
1782335411522 0.5510753977298737 24
1782335415984 0.5431664872169495 25
1782335420425 0.5317951107025146 26
1782335424979 0.5246501767635345 27
1782335429746 0.5048947143554687 28
1782335434237 0.5008103001117706 29
1782335438976 0.5066409158706665 30
1782335443532 0.4944985330104828 31
1782335448261 0.48174549102783204 32
1782335452756 0.4764069437980652 33
1782335457237 0.47321672201156617 34
1782335461548 0.4679024040699005 35
1782335466030 0.46001693725585935 36
1782335470405 0.45823742270469664 37
1782335474756 0.457187180519104 38
1782335479249 0.45350123167037965 39
1782335483764 0.4460727167129517 40
1782335488232 0.44248515367507935 41
1782335492545 0.44278544902801514 42
1782335497072 0.43883122444152833 43
1782335501657 0.4338386785984039 44
1782335506042 0.4318926823139191 45
1782335510530 0.4365880036354065 46
1782335515119 0.4362232100963592 47
1782335519513 0.424460107088089 48
1782335524103 0.4230614709854126 49
1782335528377 0.42737638592720034 50
1782335533135 0.42752000331878665 51
1782335537674 0.41730945467948916 52
1782335542061 0.41586052775383 53
1782335546555 0.41830872535705566 54
1782335551242 0.4171362006664276 55
1782335555737 0.4113533592224121 56
1782335560121 0.4093513560295105 57
1782335564567 0.40817216992378236 58
1782335569035 0.4118567430973053 59
1782335573697 0.40705523133277893 60
1782335578087 0.4041438806056976 61
1782335582435 0.4072013235092163 62
1782335586955 0.4239259672164917 63
1782335591371 0.40307780742645266 64
1782335595757 0.39973299026489256 65
1782335600349 0.40059645652771 66
1782335605122 0.3986530375480652 67
1782335609903 0.3945888650417328 68
1782335614354 0.3927386677265167 69
1782335618725 0.39629910707473753 70
1782335623305 0.39442901372909545 71
1782335627877 0.38915686011314393 72
1782335632623 0.38759973764419553 73
1782335637556 0.38936527967453005 74
1782335642203 0.38863972187042234 75
1782335646832 0.3846354520320892 76
1782335651411 0.3844133949279785 77
1782335656031 0.3902531087398529 78
1782335661312 0.38940429329872134 79
1782335665835 0.38105868220329286 80
1782335670228 0.3789463585615158 81
1782335674898 0.3825164878368378 82
1782335679505 0.38223479509353636 83
1782335684034 0.37711118698120116 84
1782335688488 0.3757543694972992 85
1782335692991 0.3772736525535583 86
1782335697724 0.3753339600563049 87
1782335702236 0.37492730021476744 88
1782335706584 0.37175185322761534 89
1782335711054 0.37774896025657656 90
1782335715431 0.3800429081916809 91
1782335719838 0.372678257226944 92
1782335724304 0.36800123572349547 93
1782335728950 0.3702378976345062 94
1782335733580 0.37524951338768003 95
1782335738074 0.37019635081291197 96
1782335742472 0.36671449184417726 97
