1782602256274 1.4742896854877472 1
1782602257735 1.3305622041225433 2
1782602259192 1.2533713430166245 3
1782602260632 1.2231854498386383 4
1782602262089 1.211367353796959 5
1782602263627 1.164445549249649 6
1782602265153 1.1499416828155518 7
1782602266685 1.1211703568696976 8
1782602268113 1.1013623028993607 9
1782602269591 1.0766039937734604 10
1782602271111 1.0636620074510574 11
1782602272541 1.0345613583922386 12
1782602274117 1.0205725505948067 13
1782602275624 0.9978755339980125 14
1782602277070 0.9899120628833771 15
1782602278492 0.9783321768045425 16
1782602279948 0.9460937231779099 17
1782602281414 0.9319108352065086 18
1782602282885 0.904921256005764 19
1782602284331 0.9009635895490646 20
1782602285803 0.8890535160899162 21
1782602287243 0.8489070162177086 22
1782602288763 0.8460109755396843 23
1782602290293 0.830848939716816 24
1782602291767 0.8177327290177345 25
1782602293289 0.7933750152587891 26
1782602294902 0.7848793119192123 27
1782602296432 0.7585466131567955 28
1782602297924 0.7414214611053467 29
1782602299501 0.724661111831665 30
1782602301017 0.7134555131196976 31
1782602302574 0.7032593935728073 32
1782602304179 0.6899658069014549 33
1782602305672 0.6642022952437401 34
1782602307130 0.6458677425980568 35
1782602308625 0.6346678659319878 36
1782602310116 0.6244132220745087 37
1782602311633 0.5981038957834244 38
1782602313206 0.5848292708396912 39
1782602314665 0.5760422870516777 40
1782602316103 0.5576023012399673 41
1782602317578 0.543134517967701 42
1782602319021 0.53692277520895 43
1782602320448 0.5244460515677929 44
1782602321943 0.5111598670482635 45
1782602323457 0.49857523664832115 46
1782602324960 0.4743436500430107 47
1782602326423 0.47355688363313675 48
1782602327942 0.46274105459451675 49
1782602329420 0.4447444714605808 50
1782602330965 0.43138520419597626 51
1782602332529 0.42473337799310684 52
1782602334047 0.40542446449398994 53
1782602335513 0.39431921020150185 54
1782602337029 0.39911337941884995 55
1782602338470 0.37973781675100327 56
1782602340024 0.36836282163858414 57
1782602341574 0.3710069879889488 58
1782602343070 0.3588256910443306 59
1782602344582 0.3476569466292858 60
