1781115363944 1.7174843871404255 1
1781115377705 1.3651503684028747 2
1781115391628 1.05461395354498 3
1781115405255 1.0396573789536008 4
1781115419538 1.037435599735805 5
1781115435229 1.0367428934763347 6
1781115449526 1.0366879834069147 7
1781115463655 1.0362994254581512 8
1781115477786 1.0357600620814733 9
1781115492235 1.0353051405104379 10
1781115506367 1.0343306253826807 11
1781115520449 1.032428843634469 12
1781115534475 1.0282596671392048 13
1781115548690 1.0182909132942322 14
1781115562471 1.006519893805186 15
1781115576382 0.9968919006604997 16
1781115590779 0.9903499928731767 17
1781115606001 0.9758788536465357 18
1781115620191 0.9400822700016083 19
1781115634251 0.8826594579787481 20
1781115648261 0.8374694529033843 21
1781115663366 0.8070156659398761 22
1781115678619 0.7844223257095094 23
1781115691959 0.7679497457685924 24
1781115705344 0.7516435895647321 25
1781115719977 0.7352820861907232 26
1781115734397 0.7124121198578487 27
1781115748746 0.7025023339286683 28
1781115762269 0.6924009455574883 29
1781115777681 0.6856182643345424 30
1781115793634 0.6821443466913133 31
1781115808050 0.6766399996621268 32
1781115823563 0.6734672018459865 33
1781115838429 0.6668594602554564 34
1781115853172 0.6647581448630681 35
1781115867729 0.661323314621335 36
1781115882008 0.6551052161625454 37
1781115896697 0.6578382764543805 38
1781115911933 0.6522926669272165 39
1781115926065 0.6482432096723526 40
1781115940341 0.6464191306205023 41
1781115954705 0.6428436968061659 42
1781115969712 0.6400672973148407 43
1781115984025 0.6409839382247319 44
1781115999195 0.636564554676177 45
1781116015476 0.6356957914337279 46
1781116030747 0.636459659962427 47
1781116047003 0.6344363973254249 48
1781116061861 0.6305987995768351 49
1781116076309 0.6276338412648156 50
1781116090380 0.6329585143498012 51
1781116105015 0.629983159284743 52
1781116120150 0.6239406457023015 53
1781116134786 0.6218067322458539 54
1781116148801 0.6243223273564898 55
1781116163197 0.6222343104226249 56
1781116178284 0.6195208610050262 57
1781116194251 0.6186221374405755 58
1781116211793 0.6157446787470863 59
1781116225821 0.6128748806696089 60
1781116240785 0.6164785935765221 61
1781116255636 0.6106197852937002 62
1781116270788 0.6148295648514278 63
1781116285511 0.6084129621112158 64
1781116299259 0.6076503679865882 65
1781116313308 0.6073845728995309 66
1781116327726 0.6056965182697962 67
1781116342121 0.6035654592135596 68
1781116356657 0.6062895854314169 69
1781116371383 0.6008356166264367 70
1781116387733 0.6017531851927439 71
1781116403259 0.6012524129852416 72
1781116421105 0.600054521409292 73
1781116435352 0.5980447161765325 74
1781116450166 0.5978124368758428 75
1781116465379 0.5989413403329396 76
1781116479631 0.594677270877929 77
1781116494863 0.5982481052005102 78
1781116509884 0.5954995098568144 79
1781116525158 0.5942660768826803 80
1781116540327 0.5911316531045097 81
1781116555382 0.5894843179082113 82
1781116570340 0.5927402727187626 83
1781116586496 0.5920905991206094 84
1781116600656 0.5885219053616599 85
1781116615870 0.5876035098991697 86
1781116629546 0.5868690269333976 87
1781116643981 0.5843369790485927 88
1781116658828 0.5845019940346007 89
1781116674212 0.5832002115628075 90
1781116689718 0.5817895441774338 91
1781116704243 0.5816314352883233 92
1781116719568 0.5833061261782571 93
1781116734743 0.5799973531374856 94
1781116750023 0.5817599632437267 95
1781116765405 0.5789521639309232 96
1781116781534 0.5774630199349116 97
1781116796343 0.5814830949382176 98
1781116811313 0.5756720110537514 99
1781116826155 0.5800049536757999 100
