1782230642324 1.5579926109313964 1
1782230646387 1.0230823230743409 2
1782230650643 0.8015136575698852 3
1782230654579 0.7783984279632569 4
1782230658586 0.7726173686981201 5
1782230662720 0.7557164049148559 6
1782230666807 0.7198332929611206 7
1782230671184 0.6896044254302979 8
1782230675076 0.6825515246391296 9
1782230679055 0.6716290497779847 10
1782230683224 0.6616362690925598 11
1782230687314 0.6457361721992493 12
1782230691341 0.6411299610137939 13
1782230695542 0.6295554447174072 14
1782230699491 0.6122796034812927 15
1782230703533 0.5910220003128052 16
1782230707759 0.584520719051361 17
1782230711954 0.5702360296249389 18
1782230716310 0.5466369962692261 19
1782230720448 0.5284762156009674 20
1782230724435 0.5207091271877289 21
1782230728551 0.5120144283771515 22
1782230732817 0.5127398979663849 23
1782230736862 0.49421916842460634 24
1782230740930 0.4912513720989227 25
1782230744992 0.48716919660568236 26
1782230749020 0.48063531160354617 27
1782230753073 0.4686029624938965 28
1782230757214 0.4659993278980255 29
1782230761468 0.46729120492935183 30
1782230765709 0.46230853915214537 31
1782230769761 0.45112891793251036 32
1782230773847 0.44890528440475463 33
1782230778036 0.4502811419963837 34
1782230782026 0.44812503576278684 35
1782230785919 0.439527872800827 36
1782230789961 0.4381639564037323 37
1782230794054 0.4384749448299408 38
1782230798075 0.4389713633060455 39
1782230802149 0.42889408349990843 40
1782230806278 0.4266346883773804 41
1782230810350 0.43060912847518923 42
1782230814493 0.4279440057277679 43
1782230818523 0.42365220189094543 44
1782230822635 0.41813342452049257 45
1782230827087 0.42132886409759523 46
1782230831203 0.42257025599479675 47
1782230835503 0.41408970952033997 48
1782230839688 0.41066737174987794 49
1782230843786 0.41345503568649294 50
1782230847788 0.41221017837524415 51
1782230851727 0.405141636133194 52
1782230856011 0.4031336784362793 53
1782230860267 0.40634712696075437 54
1782230864277 0.40800665378570555 55
1782230868691 0.4050370252132416 56
1782230872769 0.39858832359313967 57
1782230876885 0.40237614274024963 58
1782230881096 0.4009261965751648 59
1782230885026 0.3964004600048065 60
1782230889240 0.39472095847129823 61
1782230893243 0.3996354079246521 62
1782230897413 0.39692456245422364 63
1782230901610 0.39053136587142945 64
1782230905621 0.38832109928131103 65
1782230909850 0.3937285792827606 66
1782230913831 0.39263109922409056 67
1782230918031 0.38559266805648806 68
1782230922156 0.38442851543426515 69
1782230926327 0.3942611610889435 70
1782230930459 0.3924862742424011 71
1782230934468 0.3822611582279205 72
1782230938451 0.37939187288284304 73
1782230942640 0.38263696789741514 74
1782230946922 0.38471961855888365 75
1782230951104 0.3779856824874878 76
1782230955158 0.37624067902565 77
1782230959328 0.37724174857139586 78
1782230963584 0.3807882857322693 79
1782230967680 0.37440877556800845 80
1782230971892 0.3726739144325256 81
1782230976044 0.3738931167125702 82
1782230980038 0.3767625021934509 83
1782230983997 0.3713917124271393 84
1782230988362 0.36831154108047487 85
