1782693638485 3.2957808630807057 1
1782693675638 3.1102881601878574 2
1782693718715 2.954038849898747 3
1782693755746 2.795757736478533 4
1782693792848 2.624836427824838 5
1782693829785 2.425084267343794 6
1782693867443 2.2344572033200945 7
1782693905220 2.038958030087607 8
1782693942782 1.883573238338743 9
1782693979900 1.737970232963562 10
1782694016911 1.6252729765006475 11
1782694056262 1.5185836468424116 12
1782694090122 1.4472799471446447 13
1782694128576 1.3725807539054327 14
1782694164603 1.3200993282454354 15
1782694202419 1.2769638087068285 16
1782694245017 1.2424176292760032 17
1782694282996 1.2199422121047974 18
1782694319038 1.1872252821922302 19
1782694354785 1.169578662940434 20
1782694390740 1.147689265864236 21
1782694434817 1.121300961290087 22
1782694471658 1.0931530892848969 23
1782694508552 1.0783912411757879 24
1782694548094 1.0653957511697496 25
1782694585735 1.051285628761564 26
