1781757681161 1.5126863656899867 1
1781757698170 1.4270385931699703 2
1781757715384 1.3314884411983001 3
1781757732069 1.2373592609014266 4
1781757749606 1.1647917276773698 5
1781757767178 1.0987597214869964 6
1781757784349 1.0422786351961968 7
1781757801950 0.9882995241727585 8
1781757819795 0.9433997242878644 9
1781757837629 0.903188977486048 10
1781757854569 0.8657037478226882 11
1781757871795 0.8343252050570953 12
1781757889753 0.8025010915902945 13
1781757907397 0.7763404693358984 14
1781757924923 0.7484061962518936 15
1781757942660 0.7274519082827445 16
1781757960811 0.704738702529516 17
1781757977261 0.6876874245130099 18
1781757994583 0.6672864953676859 19
1781758011508 0.6609856898968036 20
1781758029427 0.6424309106973501 21
1781758047062 0.6354350646336874 22
1781758069235 0.6217136688721485 23
1781758086360 0.6087342561819614 24
1781758102642 0.5999936553148123 25
1781758120015 0.592076546106583 26
1781758138196 0.5844672345198118 27
1781758155555 0.5798552487141047 28
1781758172685 0.5684720774491628 29
1781758189770 0.5665430862169999 30
1781758206630 0.5656905785585061 31
1781758222492 0.5609842523550376 32
1781758239296 0.5562802805350378 33
1781758256615 0.5408630187694843 34
1781758273850 0.5371428246681507 35
1781758291374 0.5361202641939505 36
1781758308293 0.5297323144399203 37
1781758325276 0.5237204806926923 38
1781758341778 0.5246925376928769 39
1781758358178 0.5166442302557138 40
1781758375511 0.5126659671465555 41
1781758392583 0.5080680984717149 42
1781758409842 0.5128179307167346 43
1781758427933 0.4986934455541464 44
1781758445963 0.49729301226444733 45
1781758463518 0.4962551379815126 46
1781758479976 0.4877320436330942 47
