1782227797900 1.7953377485275268 1
1782227802443 1.5407174158096313 2
1782227806538 0.8315408444404602 3
1782227810721 0.7815314245223999 4
1782227814735 0.777632474899292 5
1782227818916 0.7676864957809448 6
1782227823067 0.7539817667007447 7
1782227827088 0.7463565421104431 8
1782227831372 0.7443631601333618 9
1782227835378 0.7376264929771423 10
1782227839597 0.7273082160949706 11
1782227843749 0.718617787361145 12
1782227847885 0.7160495233535766 13
1782227852040 0.7095743918418884 14
1782227856211 0.7022494053840638 15
1782227860242 0.6933816051483155 16
1782227864213 0.6909183311462402 17
1782227868305 0.6860567593574524 18
1782227872384 0.6766852474212647 19
1782227876632 0.6678370070457459 20
1782227880728 0.6649002718925476 21
1782227884977 0.6646403551101685 22
1782227889040 0.6489309215545654 23
1782227893837 0.6319973063468933 24
1782227897836 0.6269340300559998 25
1782227902164 0.6230554580688477 26
1782227906392 0.6124868726730347 27
1782227910491 0.5927243185043335 28
1782227914704 0.5873258495330811 29
1782227918718 0.5836148476600647 30
1782227922837 0.5733822751045227 31
1782227926970 0.5630484914779663 32
1782227931196 0.5575416088104248 33
1782227935305 0.570284698009491 34
1782227939422 0.5484748888015747 35
1782227943424 0.5355144596099853 36
1782227947506 0.5345878946781158 37
1782227951785 0.5415245878696442 38
1782227955988 0.5282986342906952 39
1782227960255 0.5169049799442291 40
1782227964465 0.5128121256828309 41
1782227968481 0.5150251245498657 42
1782227972562 0.5077441549301147 43
1782227976738 0.49846816301345825 44
1782227981050 0.5011633217334748 45
1782227985176 0.49944236874580383 46
1782227989310 0.48687138319015505 47
1782227993468 0.4828585338592529 48
1782227997531 0.47827292561531065 49
1782228001897 0.4801545083522797 50
1782228006178 0.47448280930519104 51
1782228010269 0.4634131169319153 52
1782228014497 0.46187219977378846 53
1782228018512 0.4632475507259369 54
1782228022762 0.455800404548645 55
1782228026956 0.44631848216056824 56
1782228031249 0.4448776090145111 57
1782228035488 0.449585040807724 58
1782228039537 0.45175835728645325 59
1782228043864 0.4335224151611328 60
1782228047964 0.4326652181148529 61
1782228052204 0.43425368785858154 62
1782228056271 0.4417898499965668 63
1782228060190 0.4208004856109619 64
1782228064379 0.42107784271240234 65
1782228068588 0.42152661561965943 66
1782228072628 0.4155155801773071 67
1782228077035 0.4096228325366974 68
1782228081839 0.40796292066574097 69
1782228085801 0.40870523095130923 70
1782228090075 0.4081262838840485 71
1782228094267 0.4006300210952759 72
1782228098292 0.39822241544723513 73
1782228103059 0.4020200490951538 74
1782228107368 0.40029485821723937 75
1782228111446 0.3910740411281586 76
1782228115693 0.38937380194664 77
1782228119614 0.39342172145843507 78
1782228123656 0.39361739993095396 79
1782228127867 0.3851519024372101 80
1782228131993 0.3830560505390167 81
1782228136016 0.3843912661075592 82
1782228140489 0.3808342325687408 83
1782228144746 0.37829999923706054 84
1782228148719 0.37592989683151246 85
1782228152931 0.37908978343009947 86
1782228157065 0.3813739311695099 87
1782228161224 0.37105429887771607 88
1782228165310 0.36936672568321227 89
1782228169585 0.3724941909313202 90
1782228173815 0.3706914007663727 91
1782228178020 0.3669252097606659 92
1782228182221 0.36436850905418394 93
1782228186456 0.3658943676948547 94
1782228190724 0.3735769057273865 95
1782228194729 0.3653960537910461 96
