1782651162455 1.2475296445921356 1
1782651168945 1.0674363421458823 2
1782651175504 0.9086231437383914 3
1782651182096 0.7555971110568327 4
1782651188546 0.6077591543104134 5
1782651195097 0.4797339515358794 6
1782651201738 0.37282416575095234 7
1782651208310 0.30795635253775355 8
1782651214922 0.2547925044508541 9
1782651221472 0.21748239912238776 10
1782651227887 0.18405950683004715 11
1782651234437 0.17092669243906058 12
1782651240864 0.15538054909191878 13
1782651247326 0.13687248937055177 14
1782651253866 0.13450700570555293 15
1782651261980 0.13492412397674486 16
1782651268342 0.1180464097974347 17
1782651274801 0.11176205353409636 18
1782651281373 0.10601834149337282 19
1782651287825 0.0984686858513776 20
1782651294302 0.09608772397041321 21
1782651300896 0.09204848081457849 22
1782651307565 0.08799197773138683 23
1782651314150 0.0915047741111587 24
1782651320667 0.0852043517664367 25
1782651327338 0.08288278050866782 26
1782651333988 0.0864606368191102 27
1782651340623 0.0899930609499707 28
1782651347279 0.07895221678065319 29
1782651353912 0.08205761453684639 30
1782651360537 0.07475604978846569 31
1782651367229 0.0718783353473626 32
1782651373832 0.07133797899472948 33
1782651380535 0.07471349601652108 34
1782651387263 0.068172990764473 35
1782651393959 0.07508340828558978 36
1782651400649 0.0864033582163792 37
1782651407310 0.0715496567826645 38
1782651413952 0.06332601920938959 39
1782651420513 0.0623859204351902 40
1782651427251 0.0620438452883094 41
1782651439176 0.06716466030361605 42
