1782688400330 2.6814552820645847 1
1782688406035 2.561267302586482 2
1782688411962 2.480091168330266 3
1782688417789 2.40597888139578 4
1782688423571 2.3253054985633264 5
1782688432436 2.2389976794903097 6
1782688438317 2.149555829855112 7
1782688443959 2.059602609047523 8
1782688449667 1.962924755536593 9
1782688455591 1.8696030928538396 10
1782688461426 1.7721517452826867 11
1782688467077 1.675091000703665 12
1782688472757 1.582747771189763 13
1782688478652 1.4979337545541616 14
1782688484421 1.4150607585906982 15
1782688490155 1.3368654342798085 16
1782688495847 1.260863157419058 17
1782688502329 1.196200315768902 18
1782688508052 1.1390493924801166 19
1782688513779 1.0884304505128126 20
1782688519539 1.0386136770248413 21
1782688525298 1.0083243755193858 22
1782688531005 0.9717918726114126 23
1782688536933 0.9348611373167771 24
1782688542673 0.904646804699531 25
1782688548312 0.8750702555362995 26
1782688554050 0.8458413986059335 27
1782688559839 0.8248546169354365 28
1782688565614 0.8036107741869413 29
1782688571355 0.7850634730779208 30
1782688577365 0.7656569893543537 31
1782688583088 0.7518838460628803 32
1782688588809 0.7390881364162152 33
1782688594647 0.7279611367445725 34
1782688600677 0.720224916934967 35
1782688606396 0.7124139574857858 36
1782688612136 0.706288965848776 37
1782688617835 0.6953806739587051 38
1782688623537 0.6819067459840041 39
1782688629329 0.6733814523770258 40
1782688635057 0.6692126026520362 41
1782688640721 0.6638760979358966 42
1782688646650 0.6623634741856501 43
1782688652340 0.6532385349273682 44
1782688658001 0.6484701358355008 45
1782688663736 0.6457765194085928 46
1782688669519 0.6341304045457107 47
1782688675404 0.6296255680230948 48
1782688681194 0.6193877550271841 49
1782688686882 0.6195542766497686 50
1782688692648 0.6145488390555749 51
1782688698817 0.6106425936405475 52
1782688704562 0.6022015718313364 53
1782688710307 0.5956374636063209 54
1782688716093 0.5917092790970435 55
1782688721899 0.5885644325843225 56
1782688727609 0.5822009398387029 57
1782688733253 0.5767180094352136 58
1782688738891 0.5737719260729276 59
1782688744583 0.5700485935577979 60
1782688750304 0.5658865571022034 61
1782688756039 0.556434154510498 62
1782688762428 0.5549279176271878 63
1782688768190 0.542777038537539 64
1782688773921 0.5326348772415748 65
1782688779678 0.5295176460192754 66
1782688785358 0.5254745322924393 67
1782688791066 0.5180242565961984 68
1782688796780 0.5191345191918887 69
1782688802466 0.5203667856179751 70
1782688808157 0.5113798792545612 71
1782688813790 0.5059079161057105 72
1782688819580 0.4992815118569594 73
1782688825323 0.4918112548498007 74
1782688831086 0.49530541667571437 75
1782688836900 0.4852092999678392 76
1782688842642 0.47950992446679336 77
1782688848532 0.47366055158468395 78
1782688854278 0.49285972806123585 79
1782688860070 0.535731350000088 80
1782688865789 0.50105698292072 81
1782688871509 0.4842093816170326 82
1782688877196 0.47614235832140994 83
1782688882844 0.4641715379861685 84
1782688888623 0.4612835416427025 85
1782688894344 0.46122753620147705 86
1782688900037 0.448197046151528 87
1782688905703 0.4539586351468013 88
1782688911385 0.4486180291726039 89
1782688917090 0.4434179182236011 90
1782688922863 0.4412404207082895 91
1782688928529 0.43092523171351504 92
1782688934305 0.4382480543393355 93
1782688940149 0.430696753355173 94
1782688945873 0.4309612810611725 95
1782688951550 0.4322481361719278 96
1782688957342 0.423816449367083 97
1782688963124 0.43681617883535534 98
1782688968766 0.42389047375092137 99
1782688974538 0.43149617085090053 100
