1781110509037 1.6403781270980835 1
1781110513521 1.628785171508789 2
1781110517683 1.6152633476257323 3
1781110521887 1.571041121482849 4
1781110526193 1.3426507711410522 5
1781110530652 1.0959492635726928 6
1781110535100 1.0361918258666991 7
1781110539714 1.0177019262313842 8
1781110543922 1.0091557574272156 9
1781110548366 1.0047864389419556 10
1781110552615 1.0024430227279664 11
1781110556851 1.0011170291900635 12
1781110560933 1.0004913568496705 13
1781110565241 0.9998315262794495 14
1781110569493 0.9994579935073853 15
1781110573862 0.9985316252708435 16
1781110578052 0.9977837681770325 17
1781110582394 0.9974353122711181 18
1781110586508 0.9962362599372864 19
1781110590787 0.9950346374511718 20
1781110595140 0.9937137460708618 21
1781110599614 0.9918836569786071 22
1781110603942 0.9893009161949158 23
1781110608382 0.9862060260772705 24
1781110612599 0.9822414445877076 25
1781110616888 0.9768575882911682 26
1781110621373 0.9706059265136718 27
1781110625495 0.9642580413818359 28
1781110629982 0.9569664549827576 29
1781110634167 0.9504404425621032 30
1781110638411 0.9448769021034241 31
1781110642536 0.9410748434066772 32
1781110647134 0.9379143691062928 33
1781110651273 0.934682023525238 34
1781110655857 0.9318475365638733 35
1781110660099 0.9290014004707337 36
1781110664130 0.9262363576889038 37
1781110668360 0.9241046571731567 38
1781110672603 0.9226443886756897 39
1781110676835 0.9207788872718811 40
1781110681301 0.919647057056427 41
1781110685529 0.9186710333824157 42
1781110689840 0.9180548477172852 43
1781110694186 0.9170841026306152 44
1781110698555 0.916786003112793 45
1781110702845 0.9165074396133422 46
1781110707207 0.9151807570457459 47
1781110711264 0.9153849458694459 48
1781110715454 0.9144572329521179 49
1781110719673 0.914416275024414 50
1781110723978 0.9137800335884094 51
1781110728590 0.913585810661316 52
1781110732822 0.9129930830001831 53
1781110736940 0.9121970343589783 54
1781110741127 0.9123909139633178 55
1781110745362 0.91175861120224 56
1781110749437 0.9110635304450989 57
1781110753688 0.9108802819252014 58
1781110757732 0.9106461596488953 59
1781110762282 0.9100695705413818 60
1781110766437 0.90956946849823 61
1781110770638 0.9095149183273316 62
1781110774737 0.9092749691009522 63
1781110778782 0.9086973309516907 64
1781110782715 0.9081023383140564 65
1781110786560 0.9079870510101319 66
1781110790452 0.907739691734314 67
1781110794478 0.9068883633613587 68
1781110798518 0.9071664881706237 69
1781110808797 0.9066145420074463 70
1781110813496 0.9064841103553772 71
1781110817564 0.905617196559906 72
1781110821362 0.9052637577056885 73
1781110825537 0.9049345064163208 74
1781110829410 0.904557716846466 75
1781110833405 0.9046779417991638 76
1781110837279 0.9041794896125793 77
1781110841116 0.9042521500587464 78
1781110845044 0.9036800813674927 79
1781110849373 0.903100290298462 80
1781110853396 0.9029444622993469 81
1781110857308 0.9025345206260681 82
1781110861859 0.9021680855751038 83
1781110865989 0.9021784067153931 84
1781110870017 0.9018145108222961 85
1781110874236 0.9008385252952575 86
1781110878261 0.9007229566574096 87
1781110882347 0.9002414155006409 88
1781110886388 0.8998311305046082 89
1781110890526 0.8990293788909912 90
1781110894782 0.898698878288269 91
1781110899027 0.8981709861755371 92
1781110903310 0.8981608557701111 93
1781110907163 0.8971249985694886 94
1781110911422 0.8972586989402771 95
1781110915604 0.8961042761802673 96
1781110919948 0.8959598207473755 97
1781110923890 0.8951312017440796 98
1781110928040 0.8943598151206971 99
1781110932307 0.8938592600822449 100
