1781239029164 1.3400205025672913 1
1781239094323 1.0612366349697113 2
1781239155496 0.8299113624095916 3
1781239219197 0.4309201778769493 4
1781239282150 0.23945068860054017 5
1781239352033 0.19747176933288574 6
1781239413621 0.1825683061182499 7
1781239473573 0.17181786707043648 8
1781239530059 0.16710519102215768 9
1781239595666 0.1626884080171585 10
1781239659025 0.1579628188610077 11
1781239722741 0.15319000175595285 12
1781239780828 0.15267927706241607 13
1781239844951 0.14796836626529694 14
1781239904172 0.14705012902617454 15
1781239964210 0.14815932422876357 16
1781240025176 0.14425144368410112 17
1781240088726 0.14457929202914238 18
1781240153156 0.14614933848381043 19
1781240218687 0.14269084084033967 20
1781240282095 0.14070948514342307 21
1781240345366 0.1411439951658249 22
1781240402862 0.140075040102005 23
1781240474821 0.13856375405192375 24
1781240542016 0.13744036984443664 25
1781240604890 0.13718608796596526 26
1781240671202 0.13896544167399408 27
1781240735199 0.13547596046328544 28
1781240801265 0.13575723841786386 29
1781240863740 0.1346625820994377 30
1781240919104 0.13538345769047738 31
1781240981270 0.13357442924380303 32
1781241042414 0.134046614587307 33
1781241102834 0.13421797201037408 34
1781241164694 0.13528658819198608 35
1781241222808 0.13259148804843426 36
1781241286353 0.13145834982395171 37
1781241350301 0.13377694514393806 38
1781241411288 0.13377060203254224 39
1781241474355 0.13308277288079262 40
1781241536533 0.13124718677997588 41
1781241603848 0.12992927375435828 42
1781241660309 0.1307720685750246 43
1781241724661 0.13146000269055366 44
1781241783056 0.13076573829352856 45
1781241840578 0.1314866517931223 46
1781241907091 0.13041484865546227 47
1781241971841 0.13094743847846985 48
1781242032557 0.12896583262085914 49
1781242094188 0.13183042462170125 50
1781242156769 0.1362854763865471 51
1781242224064 0.12898208782076837 52
1781242282928 0.12993625816702842 53
1781242347619 0.1278048158586025 54
1781242412877 0.1261387187540531 55
1781242477161 0.12596348968148233 56
1781242544293 0.12526792161166667 57
1781242611806 0.12715699261426924 58
1781242672978 0.12855351346731186 59
1781242736137 0.1277319547832012 60
1781242799020 0.12971799798309802 61
1781242860786 0.12696250283718108 62
1781242934451 0.1267411503791809 63
1781242995777 0.1244766595363617 64
1781243059732 0.13035779333114625 65
1781243121448 0.12438377377390862 66
1781243185259 0.12445178391039372 67
1781243247919 0.12599345529079437 68
1781243313969 0.12419468277692795 69
1781243378949 0.13118856801092624 70
1781243442678 0.12830463033914566 71
1781243505475 0.12438124988973141 72
1781243570662 0.12622146566212178 73
1781243632972 0.12547298274934293 74
1781243696738 0.12327766279876232 75
1781243760287 0.12669927896559238 76
1781243823119 0.12925677029788493 77
1781243885096 0.12407993911206722 78
1781243953100 0.1232520557641983 79
1781244017463 0.12299842861294746 80
1781244076420 0.12542479832470416 81
1781244138044 0.12456792387366294 82
1781244198338 0.12430226178467274 83
1781244263011 0.12642748248577118 84
1781244327404 0.12150063070654869 85
1781244389203 0.12368068672716617 86
1781244453191 0.1269924311041832 87
1781244518051 0.1238055198341608 88
1781244584207 0.12352178168296814 89
1781244648152 0.12506465974450112 90
1781244714130 0.12330393335223198 91
1781244777895 0.12311528845131398 92
1781244839953 0.12322915638983249 93
1781244902453 0.12182850438356399 94
1781244966184 0.12323379573225975 95
1781245026397 0.12339917340874672 96
1781245088417 0.12252550759911537 97
1781245149203 0.12214265652000904 98
1781245214244 0.12199492228031159 99
1781245277200 0.12052379751205444 100
