1782668219676 1.3011949296091117 1
1782668226620 1.0608043331725925 2
1782668233429 0.8651861092623543 3
1782668240213 0.7072102567728829 4
1782668246817 0.5806147888594982 5
1782668253440 0.49056217308137934 6
1782668260028 0.42312202032874613 7
1782668266867 0.3681471412088357 8
1782668273539 0.3385334447318432 9
1782668280113 0.30686266457333283 10
1782668286866 0.29181670324475156 11
1782668293491 0.2690070324084338 12
1782668300193 0.26032959363039804 13
1782668306908 0.25114138044562995 14
1782668313646 0.23626828778023815 15
1782668320383 0.22768586289648915 16
1782668327053 0.22209790991801842 17
1782668333627 0.21399686850753485 18
1782668340272 0.20520843886861614 19
1782668346939 0.19907426746452556 20
1782668353709 0.20278881256486855 21
1782668360262 0.19296620347920587 22
1782668366958 0.18914438725686541 23
1782668373711 0.18609676144871057 24
1782668380423 0.18308856747314042 25
1782668387586 0.17506414330473133 26
1782668394330 0.1771280996355356 27
1782668400829 0.17461474707313612 28
1782668407384 0.17115648295365127 29
1782668414103 0.16299326411064932 30
1782668420773 0.1617580742812624 31
1782668427371 0.16215049168642828 32
1782668434063 0.1607243030094633 33
1782668440740 0.15740589768278831 34
1782668447523 0.15571988534693623 35
1782668454090 0.15377344103420482 36
1782668460734 0.14705567091119057 37
1782668467402 0.1470590210428425 38
1782668474148 0.14367430321141786 39
1782668480884 0.14557286439573064 40
1782668487675 0.14343843448395824 41
1782668494534 0.1466996773493056 42
1782668501325 0.13895321739654914 43
1782668508081 0.13936972720365898 44
1782668514999 0.13402929171627642 45
1782668521832 0.13600127603493484 46
1782668528650 0.13324399759956435 47
1782668535503 0.13272432836831785 48
1782668542435 0.13509630207337586 49
1782668549401 0.13050666904332592 50
1782668556289 0.1262586167922207 51
1782668563155 0.12611390694099314 52
1782668570000 0.12787951105365566 53
1782668576885 0.12574358079947678 54
1782668583617 0.12445528761428945 55
1782668590398 0.12307322317478704 56
1782668597257 0.12365434537915622 57
1782668604147 0.12415562818447749 58
1782668610898 0.1203045440362949 59
1782668617739 0.12267397051932764 60
1782668624716 0.1200466283103999 61
1782668631631 0.1188785572554551 62
1782668638295 0.11916958745203766 63
1782668644985 0.11458943725800981 64
1782668651915 0.1164120859375187 65
1782668658843 0.11737510225936479 66
1782668665614 0.1175965310311785 67
1782668672665 0.11590470768073026 68
1782668679707 0.11275195359599356 69
1782668686621 0.11178289733681024 70
1782668693429 0.11325571846728232 71
1782668700165 0.11290237307548523 72
1782668707020 0.11078091009574778 73
