1783496493849 3.3117150408881053 1
1783496529340 3.0934514743941173 2
1783496563934 2.931922606059483 3
1783496599676 2.7773693799972534 4
1783496635100 2.6035260132380893 5
1783496670967 2.418341185365404 6
1783496707015 2.2511321902275085 7
1783496741553 2.0694834079061235 8
1783496777245 1.907132170030049 9
1783496811476 1.742702488388334 10
1783496846367 1.6043055185249873 11
1783496881651 1.4863572546413966 12
1783496917390 1.3932563492230006 13
1783496951062 1.3160978300230843 14
1783496987142 1.2528343626431055 15
1783497023215 1.201556465455464 16
1783497058182 1.1539435982704163 17
1783497093625 1.1213305379663194 18
1783497129207 1.0937438947813851 19
1783497164158 1.0656386400972093 20
1783497197986 1.043000544820513 21
1783497231918 1.017052058662687 22
1783497267449 0.9978037306240627 23
1783497302149 0.9731329338891166 24
1783497338284 0.9521982797554561 25
1783497373954 0.9359206472124372 26
1783497408655 0.9217844137123653 27
1783497444012 0.9068179577589035 28
1783497479366 0.876448182123048 29
1783497514101 0.8476488036768777 30
1783497549500 0.8332482214484896 31
1783497583927 0.8174820733921868 32
1783497619830 0.8028755911758968 33
1783497656679 0.7902608130659375 34
1783497691876 0.7824774256774357 35
1783497726902 0.7759371506316322 36
1783497761977 0.7708341990198407 37
1783497797406 0.7634173674242837 38
1783497831656 0.7535325310059956 39
1783497867187 0.7469597884586879 40
1783497902842 0.7433580032416752 41
1783497937828 0.7362839920180184 42
1783497973483 0.732924861567361 43
1783498008659 0.7237030289002827 44
1783498043789 0.7185608255011695 45
1783498078664 0.715500037584986 46
1783498114739 0.7099252492189407 47
