1783009671415 2.401469429334005 1
1783009679166 2.252472629149755 2
1783009687638 2.100982358058294 3
1783009695436 1.9462906767924626 4
1783009703245 1.799728348851204 5
1783009710984 1.6516918390989304 6
1783009718715 1.5058647791544597 7
1783009726773 1.3647522181272507 8
1783009734788 1.2362495859464009 9
1783009742511 1.11722428103288 10
1783009750019 1.0102645605802536 11
1783009758268 0.9155529836813608 12
1783009765741 0.8304237872362137 13
1783009773911 0.7557778979341189 14
1783009781685 0.6846130887667338 15
1783009790048 0.6191121439139048 16
1783009798104 0.5566977833708128 17
1783009809050 0.501134105026722 18
1783009817286 0.45023104175925255 19
1783009825184 0.40403298412760097 20
1783009833224 0.3543006566663583 21
1783009841268 0.3162209913134575 22
1783009849848 0.29337553307414055 23
1783009858276 0.2664009854197502 24
1783009865912 0.24318434732655683 25
1783009873421 0.22465388414760432 26
1783009881750 0.21031580058236918 27
1783009889626 0.20303908300896487 28
1783009897436 0.19015362982948622 29
1783009905053 0.1840145799020926 30
1783009913287 0.17355658610661825 31
1783009920799 0.1640381682664156 32
1783009928591 0.15912840391198793 33
1783009936775 0.15226831628630558 34
1783009944579 0.14872172940522432 35
1783009952717 0.14468833059072495 36
1783009960545 0.14359132076303163 37
1783009968314 0.13912266617019972 38
1783009975823 0.13638846296817064 39
1783009983270 0.13297783117741346 40
1783009990739 0.13154079671949148 41
1783009998416 0.13122639060020447 42
1783010006189 0.1309507160137097 43
1783010013849 0.12781373411417007 44
1783010022015 0.12704017478972673 45
1783010029738 0.12516564006606737 46
1783010037169 0.12467027952273686 47
1783010045548 0.12096255862464507 48
1783010052793 0.11932737845927477 49
1783010060286 0.11804099070529143 50
1783010068288 0.11535553882519405 51
1783010076654 0.11753991805016994 52
1783010084562 0.11588881847759087 53
1783010092703 0.11203525712092717 54
1783010099904 0.11100622825324535 55
1783010107715 0.11178971640765667 56
1783010115543 0.11116174111763637 57
1783010123154 0.11007123036930959 58
1783010130842 0.10720929658661286 59
1783010138475 0.10573119825373094 60
1783010146401 0.10722156303624313 61
1783010154077 0.1100912382826209 62
1783010161587 0.10996776664008696 63
1783010169247 0.10885850712656975 64
1783010177382 0.10930396399150293 65
1783010185463 0.10763303407778342 66
1783010193155 0.10621847491711378 67
1783010200750 0.10205359725902478 68
1783010208320 0.1049411961187919 69
1783010215825 0.10313645470887423 70
1783010223409 0.10087090979019801 71
1783010231465 0.10005687115093072 72
1783010239165 0.10120053558299939 73
1783010247137 0.10016539009908836 74
