1781913716435 1.406237566947937 1
1781913765565 1.0498236026763916 2
1781913815002 0.6808093240261078 3
1781913867731 0.2835572778582573 4
1781913919027 0.21359632539749146 5
1781913971350 0.197213658452034 6
1781914022092 0.18832107150554658 7
1781914077140 0.18497683107852936 8
1781914126377 0.17920805484056473 9
1781914178353 0.1747936151623726 10
1781914229971 0.17443738782405854 11
1781914282251 0.1696696271300316 12
1781914335240 0.16779282975196838 13
1781914388885 0.16719541710615157 14
1781914441795 0.16471747499704362 15
1781914492024 0.16443456423282624 16
1781914544143 0.16317819753289223 17
1781914595383 0.1633258967101574 18
1781914647708 0.16098783984780313 19
1781914701264 0.16013680040836334 20
1781914753737 0.15985179734230043 21
1781914805801 0.15810591688752174 22
1781914858398 0.15716873607039453 23
1781914910962 0.1567180401980877 24
1781914963013 0.15610987356305123 25
1781915013934 0.15694605097174644 26
1781915064245 0.1571363284289837 27
1781915114392 0.15500754523277283 28
1781915164718 0.15426027038693427 29
1781915217802 0.15438404509425163 30
1781915267513 0.15335608819127083 31
1781915323524 0.15354567059874535 32
1781915376096 0.15475914734601975 33
1781915430108 0.1542883155941963 34
1781915484263 0.1523835533261299 35
1781915536187 0.14919177705049516 36
1781915590694 0.15186579859256744 37
1781915643549 0.15024417319893837 38
1781915705611 0.14877961868047715 39
1781915759370 0.14871811038255692 40
1781915809926 0.14937462463974951 41
1781915861273 0.1490259808897972 42
1781915911336 0.148636045306921 43
1781915971347 0.14968902030587197 44
1781916023139 0.14732263085246086 45
1781916078152 0.14811576321721076 46
1781916133715 0.14876005998253822 47
1781916185288 0.1470081616640091 48
1781916239405 0.14655711075663566 49
1781916292124 0.1467400941848755 50
1781916346911 0.14681441834568978 51
1781916397815 0.14573699396848677 52
1781916448377 0.14601634460687637 53
1781916501524 0.14777226686477662 54
1781916555048 0.14552415224909782 55
1781916607963 0.14430193120241167 56
1781916661380 0.14398748171329498 57
1781916713084 0.14336020517349243 58
1781916765991 0.14416003940999508 59
1781916816382 0.14385602521896362 60
1781916869839 0.14449689945578575 61
