1783010050376 3.146977449285573 1
1783010065797 2.9334629979626885 2
1783010081490 2.7491427372241843 3
1783010096701 2.54825550112231 4
1783010112035 2.3446546751877357 5
1783010127810 2.1362763273304908 6
1783010142802 1.931175840312037 7
1783010159065 1.7352481299433216 8
1783010174991 1.551173682870536 9
1783010191034 1.3932891344201976 10
1783010205964 1.2588037951239224 11
1783010221326 1.150783686802305 12
1783010236299 1.0645935001044438 13
1783010251822 1.0008958495896438 14
1783010274381 0.93189301572997 15
1783010295362 0.8869943166601246 16
1783010311259 0.849480717346586 17
1783010326947 0.8118913749168659 18
1783010342768 0.7775558644327624 19
1783010358022 0.7516149426328724 20
1783010373737 0.7205346185585548 21
1783010388915 0.6957801950388941 22
1783010404600 0.6774887360375503 23
1783010420798 0.6586347407308119 24
1783010436018 0.6495506455158365 25
1783010451370 0.6374616664031456 26
1783010467792 0.621401295579713 27
1783010483616 0.6087365335431593 28
1783010499289 0.5943112948845173 29
1783010514899 0.5757732453017399 30
1783010531648 0.5635489081514293 31
1783010547226 0.5495770491402725 32
1783010563269 0.5370632492262741 33
1783010578368 0.5303903109040754 34
1783010593815 0.5225223487821119 35
1783010608922 0.5171334291326588 36
1783010625296 0.5130657666716082 37
1783010641471 0.5091428170944082 38
1783010657649 0.5074155433424588 39
1783010673117 0.5016825815726971 40
1783010689519 0.49625852806814785 41
1783010705204 0.4954604002936133 42
1783010721332 0.48943264833812056 43
1783010737083 0.4874171758520192 44
1783010752800 0.48300980802240046 45
1783010768899 0.483644077490116 46
1783010783763 0.4791120455182832 47
1783010799724 0.4817881923297356 48
1783010815794 0.47609977167228174 49
1783010831264 0.4760850575463525 50
1783010846364 0.4714352221324526 51
1783010861338 0.46964491338565434 52
1783010876938 0.4688001645022425 53
1783010892722 0.46649711399242794 54
1783010907926 0.46787308002340383 55
1783010924120 0.4661447457198439 56
1783010940697 0.4699756544211815 57
1783010956541 0.46306179515246687 58
1783010977183 0.459674184692317 59
1783010992788 0.4600243588973736 60
1783011008587 0.45940686505416345 61
1783011023562 0.4602755842537716 62
1783011039059 0.46721293083552656 63
1783011055195 0.4570107090062109 64
1783011071672 0.4567719101905823 65
1783011086979 0.4536921936890175 66
1783011102789 0.4536900756687954 67
1783011118265 0.4520473038328105 68
1783011134572 0.45135198893218204 69
1783011150559 0.45146323894632273 70
1783011166497 0.4540769211177168 71
1783011181413 0.45347647317524614 72
1783011196677 0.45031543744021446 73
1783011212152 0.4503353916365525 74
1783011228336 0.44700856044374665 75
1783011244506 0.44933744751173876 76
1783011260340 0.4486762942938969 77
1783011275934 0.44869420035132046 78
1783011291677 0.44710756684171743 79
1783011307578 0.44685654496324473 80
1783011322709 0.4469294352778073 81
1783011338400 0.44462967535545084 82
1783011354376 0.44643342906031114 83
1783011370171 0.4451429196472826 84
1783011386599 0.4435186345001747 85
