1783495861600 1.370637059211731 1
1783495865939 1.226662802696228 2
1783495870361 1.1657877492904662 3
1783495874883 1.1106707096099853 4
1783495879319 1.0583527517318725 5
1783495883766 1.0081605458259582 6
1783495888081 0.9560086894035339 7
1783495892405 0.905887393951416 8
1783495902063 0.8574046540260315 9
1783495906587 0.807129967212677 10
1783495911254 0.7562073516845703 11
1783495916205 0.7071198010444641 12
1783495921270 0.6614386415481568 13
1783495925764 0.6180886602401734 14
1783495930395 0.5775115633010864 15
1783495934858 0.5401576590538025 16
1783495939353 0.5016609489917755 17
1783495944290 0.46787396669387815 18
1783495949037 0.43880967259407044 19
1783495953517 0.41799604654312134 20
1783495958225 0.3909921991825104 21
1783495963615 0.3693902707099915 22
1783495968399 0.35312334418296815 23
1783495972777 0.3377547025680542 24
