1783457773120 1.6125408065946478 1
1783457778125 1.306791415340022 2
1783457783271 1.2012483916784589 3
1783457788333 1.1473863564039533 4
1783457793430 1.126233994960785 5
1783457798561 1.0837882568961696 6
1783457803739 1.0084614973319204 7
1783457808730 0.9546375133489308 8
1783457813823 0.9373133966797277 9
1783457818905 0.9007202355485213 10
1783457823979 0.8293231772749048 11
1783457828986 0.7794371545314789 12
1783457834026 0.7622144112461492 13
1783457839078 0.7235964913117258 14
1783457844065 0.6574512390713942 15
1783457849136 0.6119840411763442 16
1783457854236 0.5977687757266196 17
1783457859292 0.5634889139940864 18
1783457864222 0.509243285969684 19
1783457869373 0.4667268905200456 20
1783457874538 0.4550615329491465 21
1783457879548 0.43213529884815216 22
1783457884562 0.388583904034213 23
1783457889558 0.35299925427687795 24
1783457894570 0.3461140268727353 25
1783457899621 0.3265240059087151 26
1783457904645 0.29121767651093633 27
1783457909652 0.26728313377029017 28
1783457914602 0.2594338435875742 29
1783457919673 0.2553592143874419 30
1783457924789 0.24004723641433215 31
1783457929927 0.2160167431360797 32
1783457935036 0.20698540853826622 33
1783457940073 0.20016776966421226 34
1783457945058 0.18925399764588005 35
1783457950298 0.17661961873895243 36
1783457955411 0.17258495562954954 37
1783457960565 0.17190469644571604 38
1783457965644 0.1627812589469709 39
1783457970758 0.15438409855491236 40
1783457975735 0.15038759653505526 41
1783457980833 0.15068911761045456 42
1783457985845 0.14673251462610146 43
1783457990880 0.13844158696500877 44
1783457996002 0.13508672188771398 45
1783458001015 0.13616712528624034 46
1783458009818 0.13333907841067566 47
1783458014869 0.1272638287199171 48
1783458019910 0.1263115425643168 49
1783458025004 0.12614898462044566 50
1783458030125 0.12373526551221546 51
1783458035252 0.1211858958398041 52
1783458040400 0.11753278068805996 53
1783458045399 0.11950324083629407 54
1783458050585 0.15999231428692215 55
1783458055645 0.13174621662811228 56
1783458060720 0.12415043931258352 57
1783458065697 0.12223846230067704 58
1783458070864 0.12039472594072945 59
