1782602355582 1.3368167751713802 1
1782602360162 1.1787274009303044 2
1782602364780 1.0724885777423256 3
1782602369262 0.9714552085650595 4
1782602373680 0.8758475796172493 5
1782602378153 0.7783270540990328 6
1782602382699 0.685355715061489 7
1782602387318 0.5950296427074232 8
1782602391830 0.5154715470577541 9
1782602396243 0.43808789551258087 10
1782602400871 0.37730689189935984 11
1782602405377 0.31396938938843577 12
1782602409864 0.26956875543845327 13
1782602414558 0.23508212323251523 14
1782602419114 0.20484363209260137 15
1782602423767 0.1909007747706614 16
1782602428247 0.1719658862995474 17
1782602432838 0.160874195789036 18
1782602437464 0.15288267166990982 19
1782602441934 0.1477725250940574 20
1782602446577 0.1381772868335247 21
1782602451249 0.13626009774835487 22
1782602455788 0.13418725270189738 23
1782602460344 0.1328125676434291 24
1782602464971 0.12227747412888627 25
1782602469592 0.11867795453259819 26
1782602474129 0.11458073458389233 27
1782602478717 0.1120628445948425 28
1782602483186 0.11121568377864988 29
1782602487763 0.10997947403474857 30
1782602492404 0.10953956254218754 31
1782602497061 0.10758163054522715 32
1782602501689 0.10779346133533277 33
1782602506334 0.10843870612351518 34
1782602510873 0.10670258751825283 35
1782602515441 0.104416360980586 36
1782602519967 0.10519565759520781 37
1782602524579 0.13021981912223915 38
1782602529142 0.11352967823806562 39
1782602533726 0.10593356858742864 40
1782602538206 0.10415140225699074 41
1782602542825 0.10292940841693628 42
1782602547448 0.1024567486816331 43
1782602551994 0.1039065777471191 44
1782602556531 0.10035245512661181 45
1782602561141 0.0993941600777601 46
