1783495669671 1.2753748985437245 1
1783495671978 1.1823366146821241 2
1783495674250 1.1310064976031964 3
1783495676481 1.0950396152643056 4
1783495678739 1.043752977481255 5
1783495680992 1.0163350380384004 6
1783495683226 0.98106227012781 7
1783495685471 0.9498010186048654 8
1783495687738 0.9260331025490394 9
1783495690007 0.895914192383106 10
1783495692315 0.8775734809728769 11
1783495694610 0.8498239287963281 12
1783495696909 0.8335837951073279 13
1783495714276 0.8062037229537964 14
1783495717333 0.779003267104809 15
1783495719609 0.7596999315115122 16
1783495721860 0.728504281777602 17
1783495724103 0.7099789381027222 18
1783495726410 0.6922248464364272 19
1783495728750 0.6700346790827237 20
1783495731020 0.6524968193127558 21
1783495733279 0.6378602844018203 22
1783495735613 0.621663932616894 23
1783495737970 0.6000851621994605 24
1783495740222 0.5904394342349126 25
1783495742542 0.5689746141433716 26
1783495744864 0.5504835798190191 27
1783495747191 0.5396113212292011 28
1783495749579 0.5352414089899796 29
1783495751907 0.509289603966933 30
