1781349228118 1.5267689085006715 1
1781349232408 1.4152706336975098 2
1781349236741 1.355752625465393 3
1781349241057 1.2985014152526855 4
1781349245335 1.2406490755081176 5
1781349249667 1.1838397264480591 6
1781349253961 1.1278522539138793 7
1781349258313 1.0723455333709717 8
1781349262598 1.0163858914375306 9
1781349266921 0.9570349836349488 10
1781349271222 0.9025794625282287 11
1781349275504 0.8454740881919861 12
1781349279816 0.7889523673057556 13
1781349284111 0.735730094909668 14
1781349288452 0.6955739378929138 15
1781349292746 0.6454309797286988 16
1781349297064 0.603530855178833 17
1781349301370 0.5623869669437408 18
1781349305666 0.5241846537590027 19
1781349310018 0.49143516898155215 20
1781349314323 0.46548715233802795 21
1781349318644 0.4404894328117371 22
1781349322952 0.4182161426544189 23
1781349327270 0.39825567722320554 24
1781349331574 0.38736301064491274 25
1781349335867 0.3686948835849762 26
1781349340190 0.3653764748573303 27
1781349344600 0.3488872110843658 28
1781349348953 0.337683179974556 29
1781349353233 0.32985270977020265 30
1781349357536 0.3237840461730957 31
1781349361850 0.31537467658519747 32
1781349366162 0.3116822373867035 33
1781349370438 0.3010715287923813 34
1781349374737 0.29738984286785125 35
1781349379096 0.29164069533348086 36
1781349383430 0.2921524387598038 37
1781349387717 0.2912282967567444 38
1781349392029 0.2848368442058563 39
1781349396353 0.2821568828821182 40
1781349400651 0.2921463662385941 41
1781349404911 0.29226974248886106 42
1781349409198 0.281881805062294 43
1781349413457 0.2760780942440033 44
1781349417765 0.27101618945598605 45
1781349422078 0.27475851237773896 46
1781349426396 0.270498605966568 47
1781349430671 0.26780171394348146 48
1781349434965 0.26972789347171783 49
