1782692712413 1.6946649551391602 1
1782692714535 1.503775668144226 2
1782692716624 1.4198320865631104 3
1782692718691 1.370861792564392 4
1782692720756 1.3277492761611938 5
1782692722869 1.2894742965698243 6
1782692724937 1.251354169845581 7
1782692727010 1.2300729274749755 8
1782692729128 1.1967911005020142 9
1782692731192 1.1663209676742554 10
1782692733273 1.1354331970214844 11
1782692735367 1.1107442378997803 12
1782692737476 1.0837315797805787 13
1782692739529 1.0597286224365234 14
1782692741625 1.0328437566757203 15
1782692743695 1.017290759086609 16
1782692745797 0.9972177028656006 17
1782692747862 0.9675342440605164 18
1782692749908 0.9379576086997986 19
1782692752007 0.9238540172576905 20
1782692754127 0.8957744240760803 21
1782692756259 0.8827021479606628 22
1782692758327 0.8668663144111634 23
1782692760445 0.8399558782577514 24
1782692762546 0.8202934980392456 25
1782692764629 0.8011437177658081 26
1782692766688 0.7882785797119141 27
1782692768775 0.7641963005065918 28
1782692770821 0.742482328414917 29
1782692772909 0.7156884670257568 30
1782692774958 0.7048925638198853 31
1782692776976 0.6878368973731994 32
1782692779137 0.6662405252456665 33
1782692781241 0.6382378578186035 34
1782692783335 0.6292749762535095 35
1782692785377 0.6164270162582397 36
1782692787468 0.5976555943489075 37
1782692789486 0.5812758088111878 38
1782692791598 0.5609406352043151 39
1782692793596 0.5493534207344055 40
1782692795667 0.5411862850189209 41
1782692797718 0.5277635931968689 42
1782692799784 0.5101810932159424 43
1782692801878 0.5025822281837463 44
1782692803964 0.49300644993782045 45
1782692806043 0.4726908504962921 46
1782692808201 0.4600434184074402 47
1782692810285 0.4489974737167358 48
