1781730844785 1.069249449968338 1
1781730901803 0.5130267052650451 2
1781730950913 0.41353411734104156 3
1781731000748 0.3274883733391762 4
1781731050473 0.31758003431558607 5
1781731100664 0.2760967230796814 6
1781731153562 0.2954163138270378 7
1781731209989 0.31894414299726487 8
1781731262792 0.2550590764284134 9
1781731311539 0.24463236570358277 10
1781731360017 0.23238831609487534 11
1781731409303 0.23344326394796372 12
1781731456736 0.22615543013811112 13
1781731503987 0.21782837891578674 14
1781731552853 0.2139777352809906 15
1781731602294 0.20883882081508637 16
1781731650131 0.20852270594239236 17
1781731698267 0.20172045177221298 18
1781731754216 0.20286812314391137 19
1781731803707 0.19971968588232994 20
1781731852838 0.1999781060218811 21
1781731900195 0.1984832726120949 22
1781731949077 0.19533759081363677 23
1781731997872 0.1968265345096588 24
1781732048008 0.19244019415974617 25
1781732099487 0.18944788312911987 26
1781732147295 0.18840121549367905 27
1781732198715 0.18451800712943078 28
1781732266407 0.18715444579720497 29
1781732318367 0.18208734834194185 30
1781732368187 0.1844993242621422 31
1781732417867 0.18140076249837875 32
1781732466906 0.18152325478196144 33
1781732516040 0.18040954276919366 34
1781732565856 0.17770101296901702 35
1781732613230 0.17858773323893548 36
1781732662815 0.1771890404522419 37
1781732710929 0.17543442007899285 38
1781732758579 0.17774870958924294 39
1781732806521 0.17261693647503853 40
1781732855735 0.17281785687804221 41
1781732905075 0.17152829524874688 42
1781732954424 0.17337182760238648 43
1781733001988 0.1734154919087887 44
1781733049306 0.16872803243994713 45
1781733098025 0.16965116050839424 46
1781733147891 0.16984784513711929 47
1781733195244 0.1668173423409462 48
1781733242844 0.16719620427489282 49
1781733291767 0.16677172309160232 50
1781733339935 0.16719318187236787 51
1781733387889 0.16718788748979568 52
1781733451026 0.16498392295837402 53
1781733500995 0.16330379179120064 54
1781733548842 0.16334694880247116 55
1781733598670 0.16514949122071265 56
1781733647467 0.16525812482833863 57
