1782651313814 1.4742264368317344 1
1782651320017 1.1688089750029824 2
1782651326434 0.9704595194621519 3
1782651332869 0.8096335286443884 4
1782651339257 0.6761032248085196 5
1782651345538 0.5662536431442607 6
1782651351939 0.47719856012951245 7
1782651358250 0.4008977426724 8
1782651364696 0.3391753096472133 9
1782651371106 0.28316892886703665 10
1782651377438 0.24030876362865622 11
1782651383869 0.20472786236893048 12
1782651390283 0.1729510280896317 13
1782651396656 0.15033404562960972 14
1782651402945 0.1362386108799414 15
1782651409096 0.12588643485849554 16
1782651415234 0.11468819698149507 17
1782651421614 0.10526466217230666 18
1782651428066 0.09847282990813255 19
1782651439089 0.09580241922627795 20
1782651445125 0.09017968601123853 21
1782651451211 0.08934184587137266 22
1782651457239 0.08259465359151363 23
1782651463410 0.08185600980438969 24
1782651469655 0.07814054445109585 25
1782651475950 0.07596328177235344 26
1782651482096 0.0786954928189516 27
1782651488247 0.0738400300456719 28
