1782653683902 1.3554673790931702 1
1782653685518 1.2554427981376648 2
1782653687138 1.2282668501138687 3
1782653688734 1.1883777379989624 4
1782653690297 1.1697323024272919 5
1782653691928 1.1428683251142502 6
1782653693515 1.1164966374635696 7
1782653695148 1.083932638168335 8
1782653696730 1.059932678937912 9
1782653698325 1.0410327911376953 10
1782653699928 1.0153256580233574 11
1782653701567 1.0064870342612267 12
1782653703144 0.9809797778725624 13
1782653704783 0.9539767876267433 14
1782653706385 0.9382650181651115 15
1782653707969 0.9212606027722359 16
1782653709599 0.90635085105896 17
1782653711177 0.8772541061043739 18
1782653712832 0.862788550555706 19
1782653714464 0.8411362841725349 20
1782653716079 0.8188765719532967 21
1782653717713 0.8055477142333984 22
1782653719475 0.7953420430421829 23
1782653721033 0.7717248797416687 24
1782653722604 0.7524337470531464 25
1782653724305 0.7337087541818619 26
1782653725860 0.7223501205444336 27
1782653727484 0.712080679833889 28
1782653729079 0.7078642323613167 29
1782653730685 0.6832573562860489 30
1782653732302 0.667786531150341 31
1782653733939 0.6534622088074684 32
1782653735565 0.6312218308448792 33
1782653737224 0.6231085509061813 34
1782653738830 0.6072772890329361 35
1782653740471 0.5940164923667908 36
1782653742056 0.585055485367775 37
1782653743677 0.5650557279586792 38
1782653745273 0.5447742342948914 39
1782653746895 0.5372783541679382 40
1782653748539 0.5265835523605347 41
1782653750218 0.5047108940780163 42
1782653751828 0.49135722219944 43
1782653753420 0.473304133862257 44
1782653755015 0.4629179537296295 45
1782653756675 0.45642512664198875 46
1782653758311 0.437930129468441 47
1782653759927 0.4266638159751892 48
1782653761520 0.42129141092300415 49
1782653763136 0.4178433194756508 50
1782653764744 0.4039134569466114 51
1782653766391 0.39471249654889107 52
1782653768048 0.38106129318475723 53
1782653769673 0.3704999051988125 54
1782653771337 0.3686876595020294 55
1782653772974 0.35292067378759384 56
1782653774620 0.3425538130104542 57
1782653776216 0.3315289840102196 58
1782653777858 0.32799267023801804 59
1782653779482 0.3191730007529259 60
1782653781227 0.32769401744008064 61
1782653782854 0.307854238897562 62
1782653784497 0.30056750774383545 63
1782653786153 0.2913062311708927 64
1782653787799 0.2886143885552883 65
1782653789415 0.2889738343656063 66
1782653791077 0.2787967287003994 67
1782653792718 0.30105768516659737 68
1782653794339 0.30584766715765 69
