1779976506055 1.425274863243103 1
1779976510057 0.9986153674125672 2
1779976514109 0.880418312549591 3
1779976518286 0.8318260860443115 4
1779976522237 0.7185441732406617 5
1779976526380 0.6862836718559265 6
1779976530474 1.078196749687195 7
1779976534462 0.8599139213562011 8
1779976538457 0.7900582861900329 9
1779976542503 0.7691343569755554 10
1779976546493 0.7497534251213074 11
1779976550523 0.703738329410553 12
1779976554424 0.6779037761688232 13
1779976558465 0.6705269336700439 14
1779976562468 0.6555041146278381 15
1779976566458 0.6516521978378296 16
1779976570524 0.637865822315216 17
1779976574647 0.6264975929260254 18
1779976578654 0.6135061478614807 19
1779976582624 0.6067220044136047 20
1779976586612 0.6018002295494079 21
1779976590622 0.5939949512481689 22
1779976594664 0.586456048488617 23
1779976599411 0.5756753897666931 24
1779976606103 0.5745866441726685 25
1779976610210 0.5623074626922607 26
1779976614303 0.5600744199752807 27
1779976618237 0.556515634059906 28
1779976622258 0.545050528049469 29
1779976626273 0.5469963908195495 30
1779976630222 0.5358801674842835 31
1779976634188 0.5310006725788117 32
1779976638186 0.5219141912460327 33
1779976642233 0.5061742115020752 34
1779976646231 0.5042533087730408 35
1779976650209 0.4988282310962677 36
1779976654219 0.496947820186615 37
1779976658186 0.49741032600402835 38
1779976662230 0.47952354907989503 39
1779976666302 0.4765734851360321 40
1779976670284 0.48761066198349 41
1779976679393 0.47598714113235474 42
1779976683341 0.4649290680885315 43
1779976687439 0.46085956931114197 44
1779976691514 0.4539853286743164 45
