1782654484116 1.2436912176655788 1
1782654490780 1.0005494461340063 2
1782654497303 0.850961842957665 3
1782654503591 0.7193809630824071 4
1782654509998 0.5980002739850212 5
1782654516374 0.49248958919562547 6
1782654523144 0.40708817278637605 7
1782654529664 0.33988210383583517 8
1782654536139 0.29102932354983163 9
1782654542577 0.2419834478813059 10
1782654549161 0.20909387749784134 11
1782654555697 0.1869173613833446 12
1782654562345 0.175797489343905 13
1782654568986 0.16577959235976725 14
1782654575495 0.14426803822610892 15
1782654582116 0.13795206359788484 16
1782654588678 0.12531141425464667 17
1782654595217 0.11672452837228775 18
1782654601818 0.11116201678911845 19
1782654608326 0.10788186142841975 20
1782654614873 0.11236719903992672 21
1782654621538 0.10046359472999386 22
1782654628170 0.10112967692753848 23
1782654634766 0.09218753947346818 24
1782654641336 0.09199708685571072 25
1782654647890 0.08347105673130821 26
1782654654542 0.08521060178092882 27
1782654661101 0.08386790883891723 28
1782654667655 0.07860950278300866 29
1782654674105 0.08219216515620549 30
1782654680702 0.07707854754784528 31
1782654687219 0.07600952670270321 32
1782654693755 0.08566876719979678 33
1782654700379 0.07400951468769242 34
1782654706933 0.06983930062429577 35
