1782602228768 1.5113793325424194 1
1782602233038 1.405714645385742 2
1782602237385 1.3465088033676147 3
1782602241596 1.2903229951858521 4
1782602245683 1.2331722593307495 5
1782602250107 1.1768943929672242 6
1782602254120 1.118791208267212 7
1782602258494 1.0602493143081666 8
1782602262694 1.0025374269485474 9
1782602267047 0.9462401199340821 10
1782602271320 0.8879783535003662 11
1782602275866 0.8301577305793763 12
1782602279940 0.7781946063041687 13
1782602284358 0.7266186213493347 14
1782602288656 0.6778261017799377 15
1782602292986 0.6330768418312073 16
1782602297986 0.5836509978771209 17
1782602302250 0.5411482870578765 18
1782602306692 0.5131322133541107 19
1782602310903 0.4725311362743378 20
1782602315250 0.4445644211769104 21
1782602319601 0.4191580319404602 22
1782602324042 0.3933638906478882 23
1782602328357 0.36996853470802304 24
1782602332576 0.3521826529502869 25
1782602336841 0.33956148266792296 26
1782602341438 0.32739148914814 27
1782602345785 0.32334195733070376 28
1782602350374 0.31953982830047606 29
1782602354695 0.30543782234191896 30
1782602358891 0.3063149136304855 31
1782602363452 0.29145542681217196 32
1782602367562 0.28411557376384733 33
1782602371892 0.2780699783563614 34
