1782653852912 1.2402565662677472 1
1782653855149 1.132866410108713 2
1782653857327 1.0782588995420015 3
1782653859521 1.02292806827105 4
1782653861821 0.9766965508460999 5
1782653864137 0.9305839538574219 6
1782653866487 0.8895896581503061 7
1782653868719 0.8540983016674335 8
1782653870984 0.8204932396228497 9
1782653873242 0.7823550059245183 10
1782653875399 0.7587713140707749 11
1782653877706 0.728243690270644 12
1782653879928 0.7027028294710013 13
1782653882174 0.6726792317170364 14
1782653884496 0.6530088323813218 15
1782653886689 0.6281889356099642 16
1782653889051 0.6105057138663071 17
1782653891341 0.5893780176456158 18
1782653893629 0.5732689408155588 19
1782653895986 0.553159223153041 20
1782653898296 0.5362484546808096 21
1782653900745 0.5192712545394897 22
1782653903059 0.5058414615117587 23
1782653905415 0.48815780878067017 24
1782653907656 0.4708749308035924 25
1782653909869 0.45607335750873274 26
1782653912040 0.4509691848204686 27
1782653914213 0.44377095424211943 28
1782653916513 0.44930583238601685 29
1782653918819 0.4284978531874143 30
1782653920946 0.4153447632606213 31
1782653923096 0.4001841934827658 32
1782653925275 0.39049724432138294 33
1782653927497 0.38343159739787763 34
