1782653832997 1.370637059211731 1
1782653838076 1.226662802696228 2
1782653842818 1.1657877492904662 3
1782653847632 1.1106707096099853 4
1782653852559 1.0583527517318725 5
1782653857482 1.0081605458259582 6
1782653862575 0.9560086894035339 7
1782653867628 0.905887393951416 8
1782653872868 0.8574046540260315 9
1782653877889 0.807129967212677 10
1782653882754 0.7562073516845703 11
1782653887687 0.7071198010444641 12
1782653892177 0.6614386415481568 13
1782653897081 0.6180886602401734 14
1782653901768 0.5775115633010864 15
1782653906328 0.5401576590538025 16
1782653910926 0.5016609489917755 17
1782653915619 0.46787396669387815 18
1782653920154 0.43880967259407044 19
1782653924424 0.41799604654312134 20
1782653928868 0.3909921991825104 21
1782653933540 0.3693902707099915 22
1782653938067 0.35312334418296815 23
1782653942484 0.33775508880615235 24
