1782595727276 1.2762626226131732 1
1782595729368 1.1843773768498347 2
1782595731406 1.1336294320913463 3
1782595733441 1.0887128481498132 4
1782595735487 1.0492256696407611 5
1782595737550 1.024645140537849 6
1782595739599 0.9857998582033011 7
1782595741633 0.9516570201286902 8
1782595743724 0.9295381811948923 9
1782595745776 0.8993632243229792 10
1782595747829 0.8770401661212628 11
1782595749847 0.8496280358387873 12
1782595751947 0.8305158477563125 13
1782595753984 0.8033602237701416 14
1782595756058 0.7782680438115046 15
1782595758075 0.759348818889031 16
1782595760192 0.7276928287286025 17
1782595762231 0.7071002263289231 18
1782595764265 0.684813494865711 19
1782595766405 0.6676709514397842 20
1782595768462 0.6478503392292903 21
1782595770518 0.6273784454052265 22
1782595772591 0.6156722536453834 23
1782595774652 0.5931643201754644 24
1782595776802 0.588979959487915 25
1782595778867 0.5615133551450876 26
1782595781014 0.5427605418058542 27
1782595783058 0.5336153323833759 28
1782595785208 0.5264673553980314 29
1782595787317 0.5053148430127364 30
1782595789478 0.5058387701327984 31
1782595791651 0.48071183837377107 32
1782595793797 0.46960458159446716 33
1782595796009 0.4614405150596912 34
1782595798071 0.4440848254240476 35
1782595800134 0.44388800859451294 36
1782595802236 0.4335649082293877 37
1782595807011 0.4191517394322615 38
1782595809871 0.4092216629248399 39
1782595812030 0.402424367574545 40
1782595814149 0.39672455420860875 41
1782595816258 0.37662795186042786 42
1782595818421 0.3703601360321045 43
1782595820584 0.368231142942722 44
1782595822797 0.36553260913262 45
1782595824970 0.3556041167332576 46
1782595827196 0.35374197363853455 47
