1782667966843 3.036415692033439 1
1782667982837 2.8085203088563064 2
1782667999037 2.638283819987856 3
1782668014627 2.466925555262072 4
1782668033348 2.2740076081506135 5
1782668049718 2.0687318053738823 6
1782668066044 1.8722328070936531 7
1782668082179 1.6875741276247749 8
1782668098685 1.5266497669548824 9
1782668114374 1.394914063914069 10
1782668130192 1.2871009810217495 11
1782668145876 1.195579537029924 12
1782668165882 1.123640541372628 13
1782668183161 1.0734507379860714 14
1782668199145 1.0263207040984055 15
1782668214868 0.9907153577640139 16
1782668230799 0.9614125510741924 17
1782668246660 0.9347019175003315 18
1782668263027 0.9137846478100481 19
1782668278751 0.8908555137700048 20
1782668295886 0.8720983102403838 21
1782668311614 0.8504514488680609 22
1782668327537 0.8267400018100081 23
1782668344917 0.8105064322208536 24
1782668360385 0.7944405942127623 25
