1783457484855 1.7807663440704347 1
1783457486075 1.6294259309768677 2
1783457487344 1.469005823135376 3
1783457488546 1.394847559928894 4
1783457489741 1.3754226922988892 5
1783457490882 1.334315538406372 6
1783457492036 1.2867502927780152 7
1783457493255 1.2513580560684203 8
1783457494465 1.245846700668335 9
1783457495647 1.2145679473876954 10
1783457496837 1.1666155576705932 11
1783457498013 1.1432880878448486 12
1783457499218 1.1308382749557495 13
1783457509396 1.1202165365219117 14
1783457510590 1.0966320037841797 15
1783457511829 1.0783578634262085 16
1783457513050 1.0562838315963745 17
1783457514300 1.0513873815536499 18
1783457515541 1.0228486061096191 19
1783457516728 1.0118796825408936 20
1783457517906 0.996697974205017 21
1783457519115 0.9947023272514344 22
1783457520286 0.9781174778938293 23
1783457521467 0.9571041464805603 24
1783457522661 0.9401371359825135 25
1783457523825 0.9369469165802002 26
1783457525032 0.9123513460159302 27
1783457526223 0.8914831638336181 28
1783457527379 0.8841737627983093 29
1783457528572 0.8745369076728821 30
1783457529735 0.8585138201713562 31
1783457530920 0.8335957169532776 32
1783457532075 0.8205481886863708 33
1783457533218 0.8158783078193664 34
1783457534421 0.7970333814620971 35
1783457535655 0.7796120047569275 36
1783457536878 0.7752193093299866 37
1783457538090 0.7645517468452454 38
1783457539280 0.7426923036575317 39
1783457540504 0.7234612822532653 40
1783457541722 0.7211383938789367 41
1783457542916 0.7105228662490845 42
1783457544097 0.7050241827964783 43
1783457545321 0.6836793065071106 44
1783457546468 0.6797280192375184 45
1783457547627 0.6749218106269836 46
1783457548857 0.669585907459259 47
1783457550037 0.6434557318687439 48
1783457551203 0.6321012377738953 49
1783457552342 0.629029381275177 50
1783457553482 0.6132354497909546 51
1783457554651 0.6005562543869019 52
1783457555861 0.5902638554573059 53
1783457557083 0.5852766394615173 54
1783457558312 0.5710786819458008 55
1783457559501 0.5567412495613098 56
1783457560720 0.5479487895965576 57
1783457561862 0.545277726650238 58
1783457563016 0.5429133296012878 59
1783457564189 0.5368208765983582 60
1783457565353 0.5173113584518433 61
1783457566575 0.5173096179962158 62
1783457567796 0.5039137899875641 63
1783457569000 0.4914876759052277 64
1783457570160 0.4780016303062439 65
1783457571329 0.47900081872940065 66
1783457572541 0.4710757493972778 67
1783457573691 0.45802128314971924 68
1783457574851 0.4518946886062622 69
1783457576007 0.45161308646202086 70
1783457577225 0.4369272530078888 71
1783457578408 0.4226365387439728 72
1783457579637 0.4174158751964569 73
1783457580809 0.4171403288841248 74
1783457582005 0.4096189379692078 75
1783457583222 0.40034003257751466 76
1783457584398 0.3992008686065674 77
1783457585573 0.40259594917297364 78
1783457586714 0.3916745841503143 79
1783457587970 0.37665364146232605 80
1783457589265 0.3698861837387085 81
1783457590475 0.3673408210277557 82
1783457591639 0.36747214794158933 83
