1782654060755 1.1575188762263249 1
1782654065913 0.9892115655698275 2
1782654070920 0.8968818344567951 3
1782654076013 0.8066772206833488 4
1782654081110 0.7167176682698099 5
1782654086118 0.6292062542940441 6
1782654091212 0.5469324627989217 7
1782654096125 0.4765527389551464 8
1782654101074 0.4090878367424011 9
1782654106017 0.347344823573765 10
1782654111064 0.2974840175164373 11
1782654116202 0.2582424753590634 12
1782654121266 0.22381250834778735 13
1782654126391 0.20786630205417933 14
1782654131504 0.18420357649263583 15
1782654136612 0.16474094555566185 16
1782654141720 0.15681979432702065 17
1782654146907 0.14553555101156235 18
1782654152037 0.13859206987054726 19
1782654157164 0.1373458339979774 20
1782654162297 0.12940261983557752 21
1782654167292 0.12588007238350415 22
1782654172438 0.12271933453647714 23
1782654177614 0.12029071328671355 24
1782654182689 0.12168100280197043 25
1782654187802 0.11875261307546967 26
1782654192837 0.12305449635574692 27
1782654197962 0.115102012494677 28
1782654202868 0.10930706717466053 29
1782654207802 0.10891509193338846 30
1782654212846 0.10881344758366283 31
1782654217876 0.10713896076930196 32
