1782602376361 1.4964990139007568 1
1782602381004 1.3741418933868408 2
1782602385433 1.3098493432998657 3
1782602389851 1.2528141117095948 4
1782602394414 1.19624906539917 5
1782602398956 1.1385493087768555 6
1782602403514 1.0846298360824584 7
1782602407851 1.0240156221389771 8
1782602412278 0.9679831480979919 9
1782602416699 0.9114772510528565 10
1782602421285 0.8568496179580688 11
1782602425568 0.8037100720405579 12
1782602429914 0.748550157546997 13
1782602434439 0.6990690064430237 14
1782602438912 0.653418915271759 15
1782602443542 0.6059649062156677 16
1782602447987 0.5667382764816284 17
1782602452653 0.5292295408248902 18
1782602457501 0.4921048426628113 19
1782602462191 0.4606250500679016 20
1782602466718 0.43172513127326967 21
1782602471409 0.41130663752555846 22
1782602475767 0.38800144076347354 23
1782602480065 0.374046790599823 24
1782602484561 0.35428040027618407 25
1782602489174 0.3385830116271973 26
1782602493587 0.3244592076539993 27
1782602498187 0.31551782310009 28
1782602502610 0.31087105989456176 29
1782602507157 0.3091471594572067 30
1782602511497 0.29462215840816497 31
1782602516004 0.2882450944185257 32
1782602520253 0.2821534723043442 33
1782602524899 0.27586873531341555 34
1782602529435 0.2705289024114609 35
1782602533858 0.26652432441711427 36
1782602538309 0.2641561710834503 37
1782602542733 0.26310313820838926 38
1782602546939 0.2641586428880692 39
1782602551522 0.26188808858394624 40
1782602556068 0.25798848569393157 41
