1782331403473 1.7301861476898193 1
1782331407903 1.7215809535980224 2
1782331412192 1.7019399166107179 3
1782331421805 1.683709921836853 4
1782331426276 1.67543710231781 5
1782331430427 1.640006160736084 6
1782331435033 1.5382464122772217 7
1782331439264 1.3686709451675414 8
1782331443813 1.190559504032135 9
1782331448203 0.8276449608802795 10
1782331452587 0.7768862795829773 11
1782331456907 0.7696673059463501 12
1782331461336 0.7682787680625915 13
1782331465668 0.7633688259124756 14
1782331470051 0.7538107824325562 15
1782331474305 0.748892023563385 16
1782331478768 0.7473506188392639 17
1782331483113 0.7449812579154969 18
1782331487527 0.7379577589035035 19
1782331492033 0.7308208441734314 20
1782331496532 0.7286739611625671 21
1782331501043 0.7234805226325989 22
1782331505451 0.7162346744537353 23
1782331510126 0.7089806866645812 24
1782331514321 0.70723379611969 25
1782331518645 0.7076749753952026 26
1782331528482 0.6988945460319519 27
1782331533057 0.6920936489105225 28
1782331537291 0.6901432585716247 29
1782331541865 0.6906832480430602 30
1782331546439 0.6799414086341858 31
1782331550760 0.6726135420799255 32
1782331555253 0.6689790511131286 33
1782331559590 0.6618289017677307 34
1782331563989 0.6473165678977967 35
1782331568396 0.6347650122642517 36
1782331578215 0.6308659315109253 37
1782331582442 0.6235750818252563 38
1782331592084 0.610984411239624 39
1782331596532 0.6022903633117676 40
1782331600873 0.6005680346488953 41
1782331605224 0.5925280332565308 42
1782331610097 0.5828336000442504 43
1782331614600 0.5717313647270202 44
1782331619100 0.567135113477707 45
1782331623364 0.570361692905426 46
1782331627785 0.5554455542564392 47
1782331632100 0.5426127827167511 48
1782331636347 0.5401315975189209 49
1782331640678 0.5436093080043792 50
1782331644921 0.5285451197624207 51
1782331649319 0.520913714170456 52
1782331653710 0.5202279627323151 53
1782331658000 0.5184350454807282 54
1782331662358 0.5113085508346558 55
1782331666916 0.505686286687851 56
1782331671234 0.5040127277374268 57
1782331675501 0.5021332716941833 58
1782331679939 0.4962577247619629 59
1782331684369 0.49064175963401796 60
1782331688474 0.49140445709228514 61
1782331692552 0.48846002817153933 62
1782331696929 0.49484673619270325 63
1782331701164 0.4807408905029297 64
1782331705477 0.47820176362991335 65
1782331714913 0.4787935209274292 66
1782331719187 0.47790435075759885 67
1782331723591 0.47138338804244995 68
1782331727945 0.46939085364341737 69
1782331732351 0.4731070303916931 70
1782331736792 0.4788932657241821 71
