1782689729123 1.4989851713180542 1
1782689737976 1.4068436241149902 2
1782689746852 1.3584971475601195 3
1782689755765 1.3138165998458862 4
1782689764627 1.26356999874115 5
1782689773465 1.216955180168152 6
1782689782351 1.167205719947815 7
1782689791404 1.1178336238861084 8
1782689800271 1.0649420619010925 9
1782689809141 1.0060625219345092 10
1782689818128 0.9476107549667359 11
1782689826992 0.8920665764808655 12
1782689835820 0.8402107357978821 13
1782689844660 0.7888210368156433 14
1782689853551 0.7313863492012024 15
1782689862423 0.6817859077453613 16
1782689871369 0.6359681701660156 17
1782689880221 0.5906415438652038 18
1782689889013 0.5471233677864075 19
1782689897967 0.5082744312286377 20
1782689906837 0.4723966801166534 21
1782689915629 0.44353779792785647 22
1782689924501 0.4293289220333099 23
1782689933420 0.39974645137786863 24
1782689942353 0.3857488751411438 25
1782689951255 0.36011809706687925 26
1782689960152 0.3447711169719696 27
1782689969117 0.33083757519721985 28
1782689977943 0.32117791652679445 29
1782689986857 0.30792629301548 30
1782689995884 0.2978987967967987 31
1782690004714 0.2960942196846008 32
1782690013612 0.2870474112033844 33
1782690022385 0.2817210179567337 34
1782690031142 0.2799954444169998 35
1782690039962 0.2735969775915146 36
1782690048860 0.2757946956157684 37
