1783457403980 1.6305579245090485 1
1783457405667 1.5328463315963745 2
1783457407303 1.452530488371849 3
1783457408927 1.4122979491949081 4
1783457410619 1.4071126580238342 5
1783457412321 1.3938948810100555 6
1783457413931 1.3768161535263062 7
1783457415543 1.3630025833845139 8
1783457417139 1.3624215573072433 9
1783457418726 1.3636869043111801 10
1783457420287 1.3395263254642487 11
1783457421948 1.3245076537132263 12
1783457423590 1.3174287378787994 13
1783457425196 1.3136565685272217 14
1783457426816 1.313373252749443 15
1783457428438 1.3010177463293076 16
1783457430070 1.2889479249715805 17
1783457431739 1.2889740020036697 18
1783457433381 1.2705735117197037 19
1783457434995 1.2694960236549377 20
1783457436656 1.294989600777626 21
1783457438318 1.268881767988205 22
1783457439931 1.262074425816536 23
1783457441564 1.2426354885101318 24
1783457443258 1.232610896229744 25
1783457444962 1.2347039431333542 26
1783457446642 1.2124682813882828 27
1783457448313 1.212647408246994 28
1783457449965 1.199742466211319 29
1783457451565 1.203692764043808 30
1783457453218 1.194513514637947 31
1783457454827 1.1800548732280731 32
1783457456457 1.1693257987499237 33
1783457458052 1.1713659465312958 34
1783457459704 1.1605649143457413 35
1783457461312 1.1536299735307693 36
1783457462900 1.1496686488389969 37
1783457464549 1.1351405829191208 38
1783457466168 1.1237114816904068 39
1783457467739 1.127745345234871 40
1783457469405 1.1238470673561096 41
1783457471072 1.117434561252594 42
1783457472750 1.1014107912778854 43
1783457474398 1.1108628511428833 44
1783457476017 1.0880834460258484 45
1783457477678 1.0778141766786575 46
1783457479376 1.065792739391327 47
1783457480986 1.080049805343151 48
1783457482665 1.061884731054306 49
1783457484287 1.077601596713066 50
1783457485883 1.0469064563512802 51
1783457487502 1.0392931401729584 52
