1782668160378 1.447423596131174 1
1782668165554 1.2845417041527598 2
1782668170769 1.1494969631496228 3
1782668175852 1.0279853516503383 4
1782668180956 0.913793932450445 5
1782668186159 0.8035383381341633 6
1782668191294 0.6985990546251598 7
1782668196366 0.6035167088634089 8
1782668201433 0.5177256213991266 9
1782668206592 0.4443235201270957 10
1782668211762 0.38456360917342336 11
1782668216893 0.32929932679000656 12
1782668222053 0.28923305947529643 13
1782668227101 0.2517943743028139 14
1782668232078 0.22883683443069458 15
1782668237123 0.2087974814992202 16
1782668242248 0.1930499927777993 17
1782668247373 0.18260141736582705 18
1782668252521 0.17766273217765907 19
1782668257786 0.16445750233374143 20
1782668262939 0.15939165926293322 21
1782668268160 0.15306897382987172 22
1782668273434 0.15103355834358617 23
1782668278511 0.14487816354161814 24
1782668283741 0.14141864525644401 25
1782668289355 0.1391780860722065 26
1782668294563 0.1372657986847978 27
1782668299658 0.13689042314102776 28
1782668304797 0.13177193916941943 29
1782668310001 0.12950356226218374 30
1782668315327 0.12866587780023875 31
1782668320478 0.12640214809461645 32
1782668325581 0.12530412054375598 33
1782668330760 0.12526640001880496 34
1782668335869 0.12271880162389655 35
1782668341700 0.12082215320122869 36
1782668346915 0.1202716015671429 37
1782668351971 0.12041411627280085 38
1782668357114 0.1174500435590744 39
1782668362282 0.12001621683961466 40
1782668367433 0.11894396790548374 41
1782668372570 0.11742498608011949 42
1782668377649 0.11624250698246454 43
1782668382773 0.11752204342108023 44
1782668387954 0.11553074635173145 45
1782668393122 0.11219575648245059 46
1782668398422 0.1129302115816819 47
1782668403682 0.11403641594867957 48
1782668408897 0.1114945788132517 49
1782668414051 0.11118842994696215 50
1782668419273 0.11385005104698633 51
1782668424460 0.11216721311211586 52
1782668429681 0.11121371623716857 53
1782668434921 0.11469361284061481 54
1782668440111 0.11038356784142946 55
1782668445360 0.11012946716264675 56
1782668450584 0.10858390009716938 57
1782668455900 0.10821499851973433 58
1782668461039 0.11068062445050791 59
