1782350088922 1.5418166971206666 1
1782350093896 1.347932720184326 2
1782350098644 1.2356066608428955 3
1782350103392 1.167050337791443 4
1782350108186 1.1075800085067748 5
1782350112699 1.0530075526237488 6
1782350117518 1.0006706833839416 7
1782350122465 0.9509579801559448 8
1782350127262 0.905054874420166 9
1782350132015 0.8567262768745423 10
1782350136802 0.8114127874374389 11
1782350141358 0.7654787302017212 12
1782350146233 0.719514615535736 13
1782350150866 0.6726069974899292 14
1782350155552 0.6322825241088867 15
1782350160104 0.5935904836654663 16
1782350164629 0.5611839973926545 17
1782350169430 0.5262582302093506 18
1782350174205 0.4992556595802307 19
1782350179357 0.47747932076454164 20
1782350184059 0.44925998568534853 21
1782350188851 0.424849169254303 22
1782350193334 0.40224700689315795 23
1782350197978 0.38516486287117 24
1782350202586 0.37305566787719724 25
1782350207650 0.35963174700737 26
1782350212407 0.3439089810848236 27
1782350217263 0.33378198862075803 28
1782350222052 0.3216221690177917 29
1782350226767 0.3119350826740265 30
1782350231264 0.30476740837097166 31
1782350236280 0.29664512395858766 32
1782350240755 0.29523633360862733 33
