1782596020192 1.638428144454956 1
1782596024651 1.495799217224121 2
1782596029081 1.43509024143219 3
1782596033363 1.38170476436615 4
1782596037867 1.3262690925598144 5
1782596042330 1.2741762208938598 6
1782596046665 1.217209086418152 7
1782596051077 1.16443706035614 8
1782596055618 1.1075934410095214 9
1782596060028 1.0531063151359559 10
1782596064676 0.9975172209739686 11
1782596068849 0.9515598320960998 12
1782596073650 0.8946719288825988 13
1782596077976 0.8448464059829712 14
1782596082524 0.7959407043457031 15
1782596087244 0.7506896591186524 16
1782596091830 0.7094970273971558 17
1782596096131 0.6670663905143738 18
1782596100486 0.6289478278160096 19
1782596104823 0.5905683350563049 20
1782596109339 0.5524718070030212 21
1782596113867 0.519499888420105 22
1782596118507 0.4917678999900818 23
1782596123005 0.4714165472984314 24
1782596127401 0.44142579078674316 25
1782596131821 0.42008387446403506 26
1782596137975 0.3952780342102051 27
1782596142307 0.3786526167392731 28
1782596146460 0.3608422863483429 29
1782596150797 0.3491633504629135 30
1782596155231 0.337432736158371 31
1782596159756 0.33027428209781645 32
1782596164152 0.3268958085775375 33
1782596168592 0.3192790579795837 34
1782596173097 0.3124131441116333 35
1782596177461 0.31567684292793274 36
1782596181863 0.30313696920871736 37
1782596186459 0.29304938554763793 38
1782596190974 0.28368455171585083 39
1782596195340 0.27679946303367614 40
