1783457238184 1.6384297907352448 1
1783457239773 1.5188409835100174 2
1783457241336 1.4142858237028122 3
1783457242928 1.3649460524320602 4
1783457244506 1.3615121096372604 5
1783457246073 1.345457598567009 6
1783457247644 1.3125834167003632 7
1783457249237 1.2949588745832443 8
1783457250787 1.2843081057071686 9
1783457252341 1.288838043808937 10
1783457253884 1.2796078324317932 11
1783457255467 1.252406120300293 12
1783457257013 1.2587067931890488 13
1783457258590 1.2475485503673553 14
1783457260142 1.2355489879846573 15
1783457261696 1.2246248722076416 16
1783457263293 1.213054284453392 17
1783457264843 1.2166213691234589 18
1783457266434 1.2343009263277054 19
1783457268055 1.2000820636749268 20
1783457269610 1.1942387968301773 21
1783457271209 1.1836799681186676 22
1783457272801 1.1680137068033218 23
1783457274368 1.1664848029613495 24
1783457275946 1.1544636934995651 25
1783457277525 1.1611314862966537 26
1783457279064 1.138397440314293 27
1783457280626 1.1214793920516968 28
1783457282210 1.1139978617429733 29
1783457283770 1.1159313470125198 30
1783457285354 1.0911078378558159 31
1783457286943 1.0913715660572052 32
1783457288570 1.0901712775230408 33
1783457290168 1.0853883177042007 34
1783457291713 1.0626681596040726 35
1783457293327 1.06587565690279 36
1783457294875 1.045982465147972 37
1783457296468 1.0484849363565445 38
1783457298042 1.0275043994188309 39
1783457299642 1.0293326005339622 40
1783457301285 1.023367092013359 41
1783457302908 1.0128618776798248 42
1783457304549 1.0242799818515778 43
1783457306183 0.9951063394546509 44
1783457307787 0.9859811514616013 45
1783457309404 0.9773391410708427 46
1783457311037 0.9674566984176636 47
1783457312668 0.9519612044095993 48
1783457314243 0.9567707106471062 49
1783457315888 0.9461275935173035 50
1783457317483 0.9299120381474495 51
1783457319113 0.9287605136632919 52
1783457320735 0.9232390522956848 53
1783457322377 0.9226541072130203 54
1783457323966 0.9031533449888229 55
1783457325603 0.910198837518692 56
1783457327265 0.8861454948782921 57
1783457328884 0.8862233906984329 58
1783457330536 0.8695394843816757 59
1783457332197 0.8639296516776085 60
1783457333838 0.8658091649413109 61
1783457335541 0.8615310937166214 62
1783457337153 0.8437435179948807 63
1783457338807 0.8337811380624771 64
1783457340459 0.8294002190232277 65
1783457342097 0.8396371752023697 66
