1779380793159 1.1456341445446014 1
1779380843613 0.49187535950541494 2
1779380895471 0.2120065214931965 3
1779380946966 0.19063584604859352 4
1779380995944 0.18278608119487763 5
1779381049373 0.17841878049075605 6
1779381100250 0.17372951962053776 7
1779381152839 0.1687172523289919 8
1779381206939 0.16914197865128516 9
1779381257068 0.16431079621613026 10
1779381308336 0.1622019137889147 11
1779381361469 0.16012606358528136 12
1779381416662 0.16078655229508876 13
1779381472334 0.1556721768975258 14
1779381524197 0.15608359030634164 15
1779381573444 0.1540156585127115 16
1779381625375 0.1540342725813389 17
1779381674978 0.1543297170251608 18
1779381726436 0.1497430548518896 19
1779381777299 0.15153747911006213 20
