1782653958045 1.6566455602645873 1
1782653959242 1.437583827972412 2
1782653960424 1.3439728260040282 3
1782653961617 1.2878484725952148 4
1782653962793 1.2452385663986205 5
1782653963959 1.199847674369812 6
1782653965143 1.155105185508728 7
1782653966298 1.115989351272583 8
1782653967452 1.084259605407715 9
1782653968623 1.0550174951553344 10
1782653969778 1.0156360983848571 11
1782653970944 0.9829101085662841 12
1782653972094 0.9586494088172912 13
1782653973271 0.9339825749397278 14
1782653974467 0.9097061634063721 15
1782653975666 0.8839559555053711 16
1782653976801 0.8491891026496887 17
1782653977977 0.8269750595092773 18
1782653979150 0.7980529189109802 19
1782653980299 0.7849096179008483 20
1782653981460 0.7526194334030152 21
1782653982652 0.7265752792358399 22
1782653983859 0.705105996131897 23
1782653984993 0.6852999806404114 24
1782653986150 0.6627857089042664 25
1782653987282 0.6476687431335449 26
1782653988440 0.6238592863082886 27
1782653989559 0.6067088842391968 28
1782653990693 0.5829527735710144 29
1782653991835 0.5592741250991822 30
1782653992991 0.5435474038124084 31
1782653994124 0.5195453882217407 32
1782653995266 0.49983822703361513 33
1782653996401 0.48470847606658934 34
1782653997541 0.4708340048789978 35
1782653998729 0.463456404209137 36
1782653999874 0.45103790163993834 37
1782654001038 0.4389427602291107 38
1782654002241 0.4225159645080566 39
1782654003422 0.40406933426856995 40
1782654004598 0.40150476098060606 41
1782654005738 0.38379324674606324 42
1782654006916 0.37451499700546265 43
1782654008068 0.36290677785873415 44
1782654009242 0.3496331810951233 45
1782654010422 0.34437556862831115 46
1782654011599 0.3296741724014282 47
1782654013254 0.316504567861557 48
1782654014393 0.3058072507381439 49
1782654023688 0.2953344643115997 50
1782654024912 0.286932510137558 51
1782654026066 0.28851172924041746 52
1782654027239 0.28173516392707826 53
1782654028419 0.2721032381057739 54
1782654029617 0.26183937191963197 55
1782654030803 0.2519385278224945 56
1782654031957 0.24401106238365172 57
1782654033171 0.23892063796520233 58
1782654034364 0.23639896512031555 59
1782654035567 0.2396233171224594 60
1782654036677 0.24692924618721007 61
1782654037877 0.23191375136375428 62
1782654039064 0.22685056924819946 63
1782654040232 0.2183408409357071 64
1782654041406 0.21035310626029968 65
1782654042600 0.20526341199874878 66
1782654043780 0.20733215510845185 67
