1782333837647 1.5420347690582275 1
1782333842008 1.5361404514312744 2
1782333846578 1.522355046272278 3
1782333851070 1.507135419845581 4
1782333855428 1.4995329761505127 5
1782333859812 1.4506568861007691 6
1782333864292 1.145218403339386 7
1782333868903 0.8470399260520936 8
1782333873454 0.819139986038208 9
1782333877899 0.7988642024993896 10
1782333882315 0.7824021005630493 11
1782333886790 0.7765692257881165 12
1782333891246 0.7752431201934814 13
1782333895806 0.7720856738090515 14
1782333900247 0.7685704731941223 15
1782333904866 0.7658231472969055 16
1782333909419 0.7645763158798218 17
1782333913978 0.7630083966255188 18
1782333918575 0.7590574979782104 19
1782333922966 0.7560391926765442 20
1782333928176 0.7542699527740478 21
1782333932715 0.7517812085151673 22
1782333937278 0.7484450888633728 23
1782333941738 0.7455412912368774 24
1782333946291 0.7446317243576049 25
1782333950820 0.7403897404670715 26
1782333955299 0.7338843202590942 27
1782333959695 0.7281477093696594 28
1782333964104 0.7256430721282959 29
1782333968462 0.7189998579025269 30
1782333972816 0.705960967540741 31
1782333977339 0.6957700538635254 32
1782333981746 0.6923951864242553 33
1782333986295 0.6854405355453491 34
1782333990944 0.6795268988609314 35
1782333995595 0.6737019681930542 36
1782333999972 0.6730582213401795 37
1782334004496 0.6709013605117797 38
1782334008998 0.6677196788787841 39
1782334013374 0.6652875065803527 40
1782334017837 0.6650972318649292 41
1782334022204 0.6627272748947144 42
