1779379567251 1.338248167514801 1
1779379619298 1.0339984967708589 2
1779379672694 0.68815107858181 3
1779379724627 0.2752009333074093 4
1779379776507 0.2064552402496338 5
1779379828268 0.18913073912262918 6
1779379879861 0.17777380648255348 7
1779379931257 0.17495907148718834 8
1779379981114 0.17193389707803727 9
1779380033213 0.16798987081646918 10
1779380085212 0.16468157482147217 11
1779380136514 0.16329802575707436 12
1779380187377 0.1639782285988331 13
1779380238907 0.1591678172647953 14
1779380291447 0.15622632554173468 15
1779380356025 0.15698484832048415 16
