1782083856086 1.605424289703369 1
1782083859924 1.5440314245223998 2
1782083863836 0.9106500196456909 3
1782083867562 0.8009045696258545 4
1782083871286 0.7835473370552063 5
1782083875221 0.7586182093620301 6
1782083879169 0.7297753882408142 7
1782083883108 0.7148626041412354 8
1782083886880 0.7099482202529908 9
1782083890740 0.6965238904953003 10
1782083894669 0.6742360663414001 11
1782083898720 0.6509268116950989 12
1782083902604 0.6407557129859924 13
1782083906652 0.6195958137512207 14
1782083910772 0.5830456495285035 15
1782083914741 0.5559662079811096 16
1782083918672 0.5497421681880951 17
1782083922630 0.542987675666809 18
1782083926477 0.5385272729396821 19
1782083930626 0.5295472586154938 20
1782083934546 0.5243336009979248 21
1782083938516 0.5198785638809205 22
1782083942310 0.5195511949062347 23
1782083946320 0.501418091058731 24
1782083950393 0.4977011442184448 25
1782083954255 0.49589574813842774 26
1782083958132 0.49012152433395384 27
1782083962154 0.4821680760383606 28
1782083966376 0.4789562964439392 29
1782083970353 0.47715670347213746 30
1782083974336 0.4697228467464447 31
1782083978231 0.46576451063156127 32
1782083982259 0.4635011947154999 33
1782083986116 0.46684301376342774 34
1782083990049 0.46015133142471315 35
1782083993967 0.4537103295326233 36
1782083997897 0.45184380292892456 37
1782084001728 0.45277260899543764 38
1782084005514 0.44591922640800474 39
1782084009309 0.4400536251068115 40
1782084013148 0.43961295127868655 41
1782084016862 0.44636903882026674 42
1782084020739 0.4409584701061249 43
1782084024403 0.42887946844100955 44
1782084028306 0.4281784081459045 45
1782084032166 0.42986894249916074 46
1782084035973 0.4268646240234375 47
1782084039719 0.4173853862285614 48
1782084043463 0.4154944407939911 49
1782084047354 0.42454532504081727 50
1782084051173 0.42426680445671083 51
1782084055146 0.40862935423851016 52
1782084064434 0.40522578835487366 53
1782084068370 0.4056296920776367 54
1782084072336 0.41183350324630735 55
1782084076427 0.40127797961235045 56
1782084080343 0.3961621344089508 57
1782084084198 0.3993626654148102 58
1782084088066 0.3975059700012207 59
1782084092004 0.3874169671535492 60
1782084095859 0.38562593698501585 61
1782084109583 0.39356265068054197 62
1782084113506 0.38865618586540224 63
1782084117297 0.3817628788948059 64
1782084121191 0.37757428288459777 65
1782084125143 0.38555593967437746 66
1782084129127 0.38213695168495176 67
1782084133034 0.37451648473739624 68
1782084136944 0.3710447216033936 69
1782084140876 0.3731797242164612 70
1782084144797 0.38081843972206114 71
1782084148694 0.36765317916870116 72
1782084152868 0.3651390480995178 73
1782084156615 0.36933416247367856 74
1782084160568 0.3826154053211212 75
1782084164475 0.3615885376930237 76
1782084168393 0.35877774238586424 77
1782084172698 0.3658988606929779 78
1782084177296 0.36255717992782593 79
1782084181608 0.35464667916297915 80
1782084186157 0.3527675223350525 81
1782084190711 0.3645051050186157 82
1782084195146 0.3684122598171234 83
1782084199798 0.3524277418851852 84
1782084204278 0.3470262956619263 85
1782084208871 0.3489374232292175 86
1782084213398 0.34515243232250215 87
1782084217847 0.3417405700683594 88
1782084221695 0.3421568298339844 89
1782084225529 0.3425035119056702 90
1782084229379 0.34346565961837766 91
1782084233424 0.3371981751918793 92
1782084237334 0.3354123651981354 93
1782084241308 0.3435838568210602 94
1782084245270 0.3406990945339203 95
1782084249241 0.33218278527259826 96
1782084253037 0.3308540642261505 97
1782084262112 0.34063131749629977 98
