1782337788023 1.4579397583007812 1
1782337792314 0.9081252264976502 2
1782337796489 0.793091106414795 3
1782337800678 0.7488154220581055 4
1782337805089 0.6980162477493286 5
1782337809073 0.6228342247009278 6
1782337813171 0.588636691570282 7
1782337817419 0.5701517653465271 8
1782337821750 0.5460660874843597 9
1782337826176 0.5204604506492615 10
1782337830559 0.4975209021568298 11
1782337834855 0.4661704969406128 12
1782337839101 0.4460140812397003 13
1782337843407 0.43205262899398805 14
1782337847551 0.4291586768627167 15
1782337851804 0.4184220921993256 16
1782337856081 0.40517969369888307 17
1782337860271 0.3981596422195435 18
1782337864517 0.3930667304992676 19
1782337868888 0.37631000876426696 20
1782337873077 0.36973765373229983 21
1782337877338 0.3640717339515686 22
1782337881476 0.3686988925933838 23
1782337885704 0.35335824012756345 24
1782337890207 0.35017688512802125 25
1782337894572 0.34607317447662356 26
1782337898828 0.34865498304367065 27
1782337902996 0.3400300198793411 28
1782337907266 0.34797467350959776 29
1782337911571 0.32841626048088074 30
1782337915888 0.3216640758514404 31
1782337920133 0.31747076272964475 32
1782337924320 0.3161283594369888 33
1782337928526 0.31068400144577024 34
1782337932666 0.31157387912273404 35
1782337937200 0.31564054369926453 36
1782337941571 0.30280055344104767 37
1782337945746 0.3022401636838913 38
1782337950221 0.30864465832710264 39
1782337954595 0.2999499064683914 40
1782337959012 0.29504833579063416 41
1782337963205 0.2935571587085724 42
1782337967408 0.2883394730091095 43
1782337971639 0.2911078202724457 44
1782337975867 0.2890307855606079 45
1782337980078 0.2900955760478973 46
1782337984302 0.28502880871295927 47
1782337988597 0.28082275569438936 48
1782337992749 0.282417796254158 49
1782338002135 0.28559020698070525 50
1782338006447 0.2776651835441589 51
1782338010806 0.27397707641124724 52
1782338015140 0.27413334786891935 53
1782338019489 0.27457125902175905 54
1782338023898 0.27795711159706116 55
1782338028283 0.27101002633571625 56
1782338032535 0.268562433719635 57
1782338036671 0.26876536786556243 58
1782338040858 0.2694746333360672 59
1782338044940 0.2709030109643936 60
1782338049403 0.27845975637435916 61
1782338053534 0.2812791377305984 62
1782338057810 0.26844904124736785 63
1782338062034 0.264633030295372 64
1782338071673 0.259657586812973 65
1782338075816 0.26612159073352815 66
1782338080049 0.2621259331703186 67
1782338084449 0.2593057209253311 68
1782338088933 0.261401863694191 69
1782338093467 0.2580722188949585 70
1782338097796 0.2677422904968262 71
1782338102117 0.2681768560409546 72
1782338106368 0.2602560132741928 73
1782338110699 0.26252332746982576 74
1782338115139 0.2583055794239044 75
