1783498947328 1.3554673790931702 1
1783498948989 1.2554427981376648 2
1783498950609 1.2282668501138687 3
1783498952227 1.1883777379989624 4
1783498953859 1.1697323024272919 5
1783498955446 1.1429092586040497 6
1783498957065 1.116766169667244 7
1783498958724 1.0843289345502853 8
1783498960375 1.060499683022499 9
1783498961971 1.041535124182701 10
1783498963643 1.0152562335133553 11
1783498965317 1.006071925163269 12
1783498966950 0.9801210463047028 13
1783498968585 0.9532676860690117 14
1783498970234 0.9376323074102402 15
1783498971847 0.9220904782414436 16
1783498973497 0.9070681482553482 17
1783498975116 0.8778783231973648 18
1783498976752 0.8629670813679695 19
1783498978348 0.8408004343509674 20
1783498979966 0.8197211921215057 21
1783498981592 0.8071584925055504 22
1783498983254 0.7959725335240364 23
1783498984900 0.7720246464014053 24
1783498986526 0.7524334639310837 25
1783498988180 0.7334132269024849 26
1783498989813 0.7219943180680275 27
1783498991457 0.7115175798535347 28
1783498993110 0.7071242853999138 29
1783498994734 0.6825645938515663 30
1783498996370 0.6674565821886063 31
1783498997974 0.6531708240509033 32
1783498999600 0.6313709244132042 33
1783499001214 0.6224849000573158 34
1783499002904 0.6021819710731506 35
1783499004478 0.5904335603117943 36
1783499006096 0.5827218666672707 37
1783499007704 0.5633216500282288 38
1783499009355 0.5419292859733105 39
1783499010929 0.5354736186563969 40
1783499012548 0.5249852538108826 41
1783499014160 0.5032098181545734 42
1783499015796 0.4907011613249779 43
1783499017383 0.47275060787796974 44
1783499019000 0.46186036989092827 45
1783499020668 0.45541688427329063 46
1783499022299 0.43769940733909607 47
1783499023885 0.4257057085633278 48
1783499025533 0.4210376515984535 49
1783499027192 0.41740862652659416 50
1783499028804 0.4025293327867985 51
1783499030382 0.3919103369116783 52
1783499031978 0.3794754818081856 53
1783499033572 0.3678615242242813 54
1783499035171 0.3651391565799713 55
1783499036780 0.35053278133273125 56
1783499038431 0.33955777809023857 57
1783499040019 0.32925283536314964 58
1783499041641 0.32704004645347595 59
1783499043284 0.3172193728387356 60
1783499044904 0.326064370572567 61
1783499046498 0.3082280829548836 62
1783499048157 0.3008895255625248 63
1783499049817 0.2929525785148144 64
1783499051419 0.2862900570034981 65
1783499053052 0.2874509133398533 66
1783499054663 0.27692424319684505 67
1783499056311 0.3012448847293854 68
1783499057922 0.2771725431084633 69
1783499059527 0.27365340664982796 70
1783499061166 0.26714441180229187 71
1783499062735 0.26309308037161827 72
1783499064365 0.2464750111103058 73
1783499065999 0.24984756484627724 74
1783499067573 0.24450130574405193 75
1783499069239 0.24181944876909256 76
1783499070886 0.23119417764246464 77
1783499072567 0.23432665690779686 78
1783499074182 0.2287672720849514 79
1783499075799 0.2247562650591135 80
1783499077396 0.22544691525399685 81
1783499079006 0.21910743787884712 82
1783499080643 0.2217350509017706 83
1783499082282 0.2134248372167349 84
1783499083896 0.2090123388916254 85
1783499085538 0.2085675410926342 86
1783499087127 0.20227081328630447 87
1783499088710 0.2047594804316759 88
1783499090363 0.203203447163105 89
1783499091987 0.20437708124518394 90
1783499093626 0.20429696701467037 91
1783499095270 0.1923766490072012 92
1783499096869 0.19327097944915295 93
