1782338119630 1.4614097833633424 1
1782338123929 0.9446382117271424 2
1782338128144 0.8060726952552796 3
1782338132344 0.7618689584732056 4
1782338136631 0.7121032428741455 5
1782338140937 0.6501024961471558 6
1782338145330 0.5907930409908295 7
1782338149767 0.5655254697799683 8
1782338154231 0.5364274084568024 9
1782338158618 0.5204076433181762 10
1782338162839 0.491647435426712 11
1782338167202 0.47280123114585876 12
1782338171620 0.45331047773361205 13
1782338176023 0.44033894658088685 14
1782338180522 0.4321641111373901 15
1782338185160 0.42216588973999025 16
1782338189595 0.40643983125686645 17
1782338193903 0.4013414478302002 18
1782338203602 0.3907905626296997 19
1782338207816 0.38689809799194336 20
1782338212235 0.37611748695373537 21
1782338222121 0.38834365606307986 22
1782338226338 0.3802248978614807 23
1782338230652 0.3756863248348236 24
1782338235019 0.365966295003891 25
1782338239268 0.35377454876899717 26
1782338243753 0.3599788296222687 27
1782338248305 0.368276801109314 28
1782338252672 0.3533340060710907 29
1782338257075 0.34405555844306945 30
1782338261435 0.33741246461868285 31
1782338265675 0.3314538151025772 32
1782338270008 0.33141688227653504 33
1782338274396 0.3246427118778229 34
1782338278689 0.331037814617157 35
1782338282929 0.3188648217916489 36
1782338287357 0.31744244813919065 37
1782338291887 0.3115723204612732 38
1782338296362 0.3096801406145096 39
1782338300639 0.30959646701812743 40
1782338304939 0.30836070954799655 41
