1783457576841 1.3259644257394891 1
1783457581964 1.0889029534239518 2
1783457587168 0.9821244854676096 3
1783457592398 0.9248410573131159 4
1783457597560 0.9056068360805511 5
1783457602793 0.8616386542194768 6
1783457607968 0.7882723071073231 7
1783457613062 0.7398241319154438 8
1783457618228 0.7234089076519012 9
1783457623375 0.6875994503498077 10
1783457628492 0.6262536754733637 11
1783457633658 0.576402695555436 12
1783457638803 0.559748439412368 13
1783457643884 0.5309793792272869 14
1783457648917 0.4703032993956616 15
1783457654028 0.4261185126869302 16
1783457659222 0.4143845117405841 17
1783457664407 0.3849680455107438 18
1783457669413 0.3390757229767348 19
1783457674504 0.3095574676990509 20
1783457679667 0.2989391661004016 21
1783457684931 0.28325558493011876 22
1783457690098 0.2556546883363473 23
1783457695240 0.23064709258706947 24
1783457700474 0.22467444876306936 25
1783457705544 0.21863609160247602 26
1783457710548 0.20760766730496757 27
1783457715545 0.18424804979249051 28
1783457720608 0.179793307655736 29
1783457725570 0.17911070271542198 30
1783457730712 0.20766830287481608 31
1783457735792 0.17106742058929644 32
1783457740878 0.16656704521492907 33
1783457745883 0.16106322956712624 34
1783457750984 0.15334919016612203 35
1783457756053 0.14420927394377558 36
1783457761049 0.14083334333018252 37
1783457766081 0.14163381704374364 38
