1782690904169 1.2486441502204308 1
1782690908907 1.1395182426159198 2
1782690913589 1.0851718279031606 3
1782690918296 1.0468458762535682 4
1782690922995 1.0139764363949115 5
1782690927696 0.9728914270034204 6
1782690932478 0.9420835605034461 7
1782690937220 0.9052011737456689 8
1782690941903 0.8808050568287189 9
1782690946801 0.8528934075282171 10
1782690951726 0.8185541583941534 11
1782690956533 0.7980434206815866 12
1782690961238 0.7757952167437627 13
1782690966027 0.7388942562616788 14
1782690970856 0.7085354557404151 15
1782690975570 0.6858138121091403 16
1782690980351 0.6674008277746347 17
1782690985041 0.6433223164998568 18
1782690989869 0.6115126288854159 19
1782690994674 0.594281384578118 20
1782690999435 0.5816982342646673 21
1782691004295 0.5547229601786687 22
1782691008993 0.5393282358462994 23
1782691013713 0.5314890237954947 24
1782691018502 0.507773199906716 25
1782691023299 0.4891537909324353 26
1782691028123 0.4741027057170868 27
1782691032806 0.4750044277081123 28
1782691037589 0.4429006461913769 29
1782691042302 0.44937639511548555 30
1782691047027 0.43522735283924985 31
1782691051849 0.4225735870691446 32
1782691056636 0.41813183518556446 33
1782691061366 0.4049298327702742 34
1782691066043 0.4024163759671725 35
1782691070841 0.3972091101683103 36
1782691075623 0.3984659153681535 37
1782691080428 0.38677194943794835 38
