1780583624688 1.379599228883401 1
1780583640415 1.0703614797347631 2
1780583655686 1.0644256701836219 3
1780583670984 1.057195360843952 4
1780583685832 1.0499859406397893 5
1780583701458 1.0409492131991265 6
1780583716560 1.0282748066462004 7
1780583731497 1.0171843293385627 8
1780583746365 1.0082192787757287 9
1780583762075 0.9992368221282959 10
1780583778167 0.9949290905243311 11
1780583793833 0.9902353913356097 12
1780583809089 0.9789098363656265 13
1780583824468 0.9724536385291662 14
1780583839906 0.970934774631109 15
1780583855600 0.9663143983254066 16
1780583871139 0.9634751127316401 17
1780583886789 0.9548857762263372 18
1780583902234 0.9542154409946539 19
1780583917548 0.9512994029583075 20
1780583932473 0.9479105228032821 21
1780583948235 0.9412247080069321 22
1780583964148 0.9385990148935562 23
1780583979959 0.9346499076256385 24
1780583995419 0.930589613242027 25
1780584011021 0.9327479539773403 26
1780584026327 0.9247201528304663 27
1780584041363 0.9239163123644315 28
1780584057244 0.9159935208467337 29
1780584072572 0.9103548832428761 30
1780584088111 0.9060667523970971 31
1780584103156 0.9093324236380749 32
1780584118536 0.9056563346813886 33
1780584134340 0.8963514398305844 34
1780584149678 0.8981595268616309 35
1780584164986 0.8986405714964255 36
1780584180372 0.8883677017994416 37
1780584195354 0.8759578802646735 38
1780584210843 0.8753328995826917 39
1780584226358 0.8602187098600925 40
1780584242401 0.8535245183186654 41
1780584257939 0.8633215503814893 42
1780584273386 0.8417903994902586 43
1780584288916 0.8491110939245957 44
1780584304695 0.8352074027061462 45
