1779976162512 1.5281147146224976 1
1779976166057 1.0315877938270568 2
1779976169908 0.868340322971344 3
1779976173554 0.8221159815788269 4
1779976177115 0.7968323755264283 5
1779976180648 0.7773964309692383 6
1779976184156 0.7589409875869751 7
1779976187812 0.7407831478118897 8
1779976191434 0.7258928680419922 9
1779976195041 0.703865978717804 10
1779976198606 0.6924528741836548 11
1779976202130 0.6826445841789246 12
1779976218329 0.6636902284622193 13
1779976221908 0.653810248374939 14
1779976225484 0.6488436365127563 15
1779976229016 0.6329141187667847 16
1779976232518 0.6248590469360351 17
1779976236177 0.6087290120124816 18
1779976239789 0.6018508672714233 19
1779976243358 0.5965637636184692 20
1779976246936 0.5875233101844788 21
1779976250617 0.5845677804946899 22
1779976254293 0.5678601551055908 23
1779976257796 0.5608887004852295 24
1779976261343 0.560673520565033 25
1779976264886 0.5518770503997803 26
1779976268450 0.551312335729599 27
1779976271965 0.5328925573825836 28
1779976275441 0.5226272702217102 29
1779976279000 0.5196419203281403 30
1779976282648 0.5095779740810394 31
1779976286186 0.5087968730926513 32
1779976289695 0.5101044392585754 33
1779976293253 0.5022620582580566 34
1779976296942 0.4901053011417389 35
1779976300573 0.49353020906448364 36
1779976304181 0.482699328660965 37
1779976307830 0.4763165199756622 38
1779976311509 0.4701684355735779 39
1779976315175 0.4664757025241852 40
1779976318919 0.46342767238616944 41
1779976322498 0.45831700921058655 42
1779976326159 0.4449877321720123 43
1779976329685 0.44566098690032957 44
1779976333372 0.4419551706314087 45
