1782595831376 1.2402551449262178 1
1782595833563 1.1328715085983276 2
1782595835674 1.0782633194556603 3
1782595837873 1.0229306312707753 4
1782595840082 0.9767127999892602 5
1782595842086 0.930727312198052 6
1782595844116 0.8896648196073679 7
1782595846118 0.8541177052717942 8
1782595848115 0.8205777406692505 9
1782595850116 0.7822407438204839 10
1782595852140 0.7590046204053439 11
1782595854148 0.7279375424751868 12
1782595856239 0.7028884062400231 13
1782595858231 0.6736201414695153 14
1782595860298 0.654102412553934 15
1782595862292 0.6281527510056129 16
1782595864296 0.6112448481413034 17
1782595866290 0.5882893021290119 18
1782595868344 0.5750920314055222 19
1782595870441 0.5554384589195251 20
1782595872450 0.535837090932406 21
