1782687161190 1.5317375212907791 1
1782687164274 1.4390036314725876 2
1782687167315 1.3912487179040909 3
1782687170316 1.3600766509771347 4
1782687173344 1.3361119031906128 5
1782687176359 1.3166434913873672 6
1782687179349 1.29636712372303 7
1782687182330 1.2741588801145554 8
1782687185297 1.2477945685386658 9
1782687188316 1.2252922654151917 10
1782687191328 1.2076109647750854 11
1782687194360 1.1864485293626785 12
1782687197361 1.1714071333408356 13
1782687200515 1.1496863067150116 14
1782687203483 1.125507429242134 15
1782687206502 1.1103233098983765 16
1782687209533 1.0885608345270157 17
1782687212561 1.073064997792244 18
1782687215572 1.0628123730421066 19
1782687218564 1.0250891372561455 20
1782687221561 1.0438118055462837 21
1782687224577 1.0120015889406204 22
1782687227604 0.9823133498430252 23
1782687230658 0.9662324041128159 24
1782687233703 0.9466781839728355 25
1782687236757 0.9195680543780327 26
1782687239814 0.9130840823054314 27
1782687242868 0.8855079934000969 28
1782687245922 0.8736389502882957 29
1782687248907 0.8486652597784996 30
1782687251907 0.8388392627239227 31
1782687254927 0.8072710260748863 32
1782687257919 0.789470762014389 33
1782687260888 0.7838440760970116 34
1782687263908 0.7597949504852295 35
1782687266903 0.7589333206415176 36
1782687269902 0.7302349731326103 37
1782687272870 0.7150691673159599 38
1782687275854 0.6985299363732338 39
1782687278827 0.6721190437674522 40
1782687281821 0.659808062016964 41
1782687284845 0.6472954899072647 42
1782687287832 0.6374284029006958 43
1782687290807 0.627532459795475 44
1782687293884 0.6252927482128143 45
1782687296924 0.5992806851863861 46
