1781346356999 1.528114676475525 1
1781346360964 1.031596109867096 2
1781346364769 0.8685030174255371 3
1781346368599 0.8227438116073609 4
1781346372402 0.7971645259857177 5
1781346376158 0.7763815712928772 6
1781346379964 0.7554093670845031 7
1781346383789 0.7357609105110169 8
1781346387531 0.7312761878967285 9
1781346391283 0.7092621469497681 10
1781346395032 0.6961617660522461 11
1781346398764 0.6891359829902649 12
1781346402618 0.6704022336006165 13
1781346406444 0.6615828895568847 14
1781346410238 0.6483865356445313 15
1781346413962 0.6375254392623901 16
1781346417722 0.6355416464805603 17
1781346421437 0.6214108443260193 18
1781346425150 0.6078796672821045 19
1781346428924 0.6080619311332702 20
1781346432618 0.5933242797851562 21
1781346436276 0.5970696306228638 22
1781346439902 0.5768592882156373 23
1781346443554 0.566414635181427 24
1781346447444 0.5572593116760254 25
1781346451225 0.5516011571884155 26
1781346454884 0.5586175382137298 27
1781346458653 0.5341131484508514 28
1781346462357 0.5250544059276581 29
1781346466228 0.5216072654724121 30
1781346469820 0.5131627547740937 31
1781346473505 0.5086187958717346 32
1781346477206 0.5067140567302704 33
1781346480747 0.5097485280036926 34
1781346484396 0.5041183888912201 35
1781346488223 0.49157135605812075 36
1781346491863 0.4795519185066223 37
1781346495563 0.47505926609039306 38
1781346499402 0.4771374499797821 39
1781346503142 0.47587490200996396 40
1781346506704 0.46140604496002197 41
1781346510353 0.4578242528438568 42
1781346513974 0.45011542320251463 43
1781346522764 0.4459076154232025 44
1781346526444 0.437478164434433 45
1781346530050 0.4341932189464569 46
1781346533539 0.4305235588550568 47
1781346537100 0.4281016981601715 48
