1781963373891 1.3053222925235064 1
1781963395732 1.0666981477003832 2
1781963416270 1.0420936147371929 3
1781963437150 1.0248178641001384 4
1781963457783 1.0068557659784954 5
1781963478343 0.9990066794248728 6
1781963498944 0.9908918020052787 7
1781963519318 0.980364400606889 8
1781963539953 0.9728100360968174 9
1781963561147 0.9727374834892077 10
1781963581782 0.9687255284725091 11
1781963602587 0.9693374190575037 12
1781963623020 0.9669527014096578 13
1781963644811 0.9583276204573803 14
1781963665266 0.9645140858796927 15
1781963685799 0.9654769454246912 16
1781963706475 0.9558996573472635 17
1781963726857 0.954641328408168 18
1781963747322 0.9505317761347845 19
1781963767862 0.950026640525231 20
1781963788515 0.9488581067476517 21
1781963809227 0.9382763245166876 22
1781963829990 0.9347364459282312 23
1781963850785 0.937850860448984 24
1781963886016 0.9359453641451322 25
1781963906657 0.9243411727440662 26
1781963927431 0.9160006948006458 27
1781963947889 0.9040730870687045 28
1781963968556 0.8959207274974921 29
1781963988783 0.8824167052904764 30
1781964009966 0.8596552610397339 31
1781964031648 0.8522084722152123 32
1781964052331 0.8590099261357234 33
1781964072535 0.8243489586389982 34
1781964092993 0.8071655478232946 35
1781964113486 0.7681823036609552 36
1781964135641 0.7467734431609129 37
1781964156438 0.7184108128914466 38
1781964176857 0.6810651910610688 39
1781964197388 0.6695403426121442 40
1781964218693 0.6434628703655341 41
1781964240224 0.6398423314094543 42
1781964263319 0.596872424468016 43
1781964283944 0.5824053241656377 44
1781964304167 0.5782781472572913 45
1781964324398 0.5655719882402664 46
1781964344518 0.5609743266533582 47
1781964365735 0.5374754491524819 48
1781964386167 0.5450975849078252 49
1781964406289 0.5400631091533563 50
1781964426735 0.5263468646086179 51
1781964446757 0.521118741769057 52
1781964467292 0.5180966663054931 53
1781964487994 0.5095647397713784 54
1781964508316 0.5001240219825354 55
1781964528676 0.48612542412219906 56
1781964549289 0.4770998198252458 57
1781964571466 0.48421622545291215 58
1781964591914 0.4808420691734705 59
1781964612274 0.47739868057079804 60
1781964632529 0.45492588174648774 61
1781964653273 0.45451012635842347 62
1781964673474 0.4416834498063112 63
1781964694286 0.450296897154588 64
1781964714957 0.4346176576920045 65
1781964735540 0.44921404352554906 66
1781964756082 0.4538808335096408 67
1781964777475 0.43599840769400966 68
1781964797993 0.4299025604358086 69
1781964818347 0.4131011061179332 70
1781964838605 0.41576959154544735 71
1781964859032 0.39749537599392426 72
1781964879479 0.4080231113311572 73
