1782327613395 1.8178952932357788 1
1782327617746 1.7492853116989135 2
1782327622365 1.634563364982605 3
1782327626700 1.5935762357711791 4
1782327630715 1.5778929138183593 5
1782327635126 1.5476382398605346 6
1782327639482 1.4968693780899047 7
1782327643839 1.4632732772827148 8
1782327648063 1.4520847415924072 9
1782327652226 1.4217850017547606 10
1782327656392 1.3710894346237184 11
1782327660738 1.336346664428711 12
1782327665014 1.325568242073059 13
1782327669125 1.297173056602478 14
1782327673327 1.2430591487884521 15
1782327677750 1.2079214096069335 16
1782327682157 1.1969372701644898 17
1782327686649 1.1657280683517457 18
1782327690918 1.1139797258377075 19
1782327695261 1.0788796377182006 20
1782327699772 1.069159140586853 21
1782327704113 1.0397658228874207 22
1782327708358 0.9905363202095032 23
1782327712617 0.9576960706710815 24
1782327716920 0.9494738602638244 25
1782327721498 0.9221574378013611 26
1782327725779 0.877179024219513 27
1782327730119 0.8452816939353943 28
1782327734500 0.8363972592353821 29
1782327738819 0.8117073035240173 30
1782327743034 0.7709104871749878 31
1782327747308 0.7413273739814759 32
1782327751430 0.7313654017448425 33
1782327755753 0.7109131693840027 34
1782327760190 0.6724209117889405 35
1782327764418 0.6460939407348633 36
1782327768753 0.6368784427642822 37
1782327773142 0.6177750015258789 38
1782327777501 0.5928783273696899 39
1782327781750 0.5638244533538819 40
1782327786265 0.5546141576766968 41
1782327790872 0.5417919480800628 42
1782327795353 0.5144634485244751 43
1782327799804 0.49264069557189943 44
1782327804053 0.48553898096084597 45
1782327808295 0.4749834024906158 46
1782327813022 0.4511788058280945 47
1782327817411 0.43637737035751345 48
1782327821852 0.43043320536613466 49
1782327826220 0.42189192414283755 50
1782327830553 0.40789621233940127 51
1782327834814 0.39111942172050473 52
1782327839193 0.387570024728775 53
1782327843539 0.38191874146461485 54
1782327847923 0.3718840408325195 55
1782327852033 0.3594703590869904 56
1782327856389 0.35541917085647584 57
1782327860780 0.3558385139703751 58
1782327865009 0.3449653685092926 59
1782327869377 0.3350709354877472 60
1782327873626 0.3320517987012863 61
1782327878039 0.33334685385227203 62
1782327882569 0.336555278301239 63
1782327887055 0.3216646605730057 64
1782327891634 0.3141299843788147 65
