1782453890073 1.637116060256958 1
1782453894668 1.557272753715515 2
1782453899105 1.4895117712020873 3
1782453903415 1.4311293363571167 4
1782453907796 1.3696427822113038 5
1782453912002 1.3082304906845093 6
1782453916438 1.2477076435089112 7
1782453920712 1.188284478187561 8
1782453925064 1.1281794309616089 9
1782453929485 1.0701682472229004 10
1782453933815 1.017335810661316 11
1782453938394 0.9629573988914489 12
1782453942921 0.9093605518341065 13
1782453947604 0.862918586730957 14
1782453952163 0.8156112670898438 15
1782453956368 0.7763932728767395 16
1782453960906 0.7364647674560547 17
1782453965307 0.6993148636817932 18
1782453969830 0.6668039155006409 19
1782453974217 0.6373786282539368 20
1782453978711 0.6147227430343628 21
1782453983120 0.5918687605857849 22
1782453987520 0.5713659620285034 23
1782453991878 0.5557992804050446 24
1782453996512 0.5365903878211975 25
1782454001072 0.527734956741333 26
1782454005602 0.5177898132801055 27
1782454010032 0.5047693276405334 28
1782454014645 0.49689636945724486 29
1782454019450 0.48883769035339353 30
1782454023823 0.4832506287097931 31
1782454028358 0.4806051909923553 32
1782454032889 0.47196606993675233 33
1782454037367 0.46689904808998106 34
1782454041623 0.46058212995529174 35
1782454045911 0.45630157113075254 36
1782454050427 0.4546669030189514 37
1782454055080 0.4517278563976288 38
1782454059327 0.45193629145622255 39
1782454063544 0.44863559246063234 40
1782454067918 0.44184484004974367 41
1782454072333 0.4417298865318298 42
1782454076777 0.4389967942237854 43
1782454081279 0.4344618201255798 44
1782454085951 0.4366279900074005 45
1782454090286 0.43527409315109256 46
1782454094586 0.4370118236541748 47
1782454099014 0.42984461784362793 48
1782454103535 0.4300999188423157 49
1782454108181 0.43109079122543337 50
1782454118059 0.42555755853652955 51
1782454122407 0.4221335363388061 52
1782454126899 0.42115761041641236 53
1782454131525 0.42230637192726134 54
1782454136135 0.4198657512664795 55
1782454140930 0.42052505373954774 56
1782454145216 0.4214128577709198 57
1782454149762 0.4166750550270081 58
1782454154903 0.41483500123023986 59
1782454159404 0.4173420584201813 60
1782454163974 0.4197473061084747 61
1782454168610 0.4084872508049011 62
1782454173035 0.41235804438591006 63
1782454177804 0.4136404609680176 64
1782454182427 0.4119846272468567 65
1782454186743 0.4085335910320282 66
1782454191330 0.40559117913246157 67
1782454196218 0.40438161134719847 68
1782454200871 0.4044374287128448 69
1782454205284 0.41011250972747804 70
1782454209697 0.40826345324516294 71
1782454214367 0.40560850977897644 72
1782454218837 0.40296400666236876 73
1782454223149 0.4022495770454407 74
1782454227838 0.3996772015094757 75
1782454232132 0.4043306052684784 76
1782454236370 0.4017390763759613 77
1782454240984 0.40066468477249145 78
1782454245282 0.3990883469581604 79
1782454249677 0.40897353291511535 80
1782454254300 0.3999219036102295 81
1782454258831 0.4005536067485809 82
1782454263411 0.3935627281665802 83
