1782683490501 1.392449716726939 1
1782683491722 1.3220919569333394 2
1782683492957 1.2668974995613098 3
1782683494160 1.2018616994222004 4
1782683495311 1.1453884840011597 5
1782683496492 1.1083468198776245 6
1782683497738 1.0699974099795024 7
1782683498962 1.0401835044225056 8
1782683500162 1.0150870382785797 9
1782683501401 0.9884629348913828 10
1782683502600 0.9642232457796732 11
1782683503789 0.9374746282895406 12
1782683505013 0.9095155497392019 13
1782683506256 0.875840832789739 14
1782683507449 0.8401108682155609 15
1782683508650 0.799848477045695 16
1782683509866 0.7715165118376414 17
1782683511044 0.7550010879834493 18
1782683512251 0.7320115367571512 19
1782683513468 0.7116274535655975 20
1782683514685 0.6920929551124573 21
1782683515890 0.6765647629896799 22
1782683517069 0.6618844866752625 23
1782683518254 0.6358975072701772 24
1782683519466 0.6196468472480774 25
1782683520644 0.6020882924397787 26
1782683521822 0.5879025061925253 27
1782683522964 0.5730237166086832 28
1782683524140 0.5563496549924215 29
1782683525303 0.5406304895877838 30
1782683526502 0.5269499719142914 31
1782683527734 0.512014721830686 32
1782683528882 0.49639661610126495 33
1782683530143 0.49023692309856415 34
1782683531353 0.47283502916495007 35
1782683532574 0.4595891584952672 36
1782683533777 0.44655891756216687 37
1782683535012 0.4333824614683787 38
1782683536185 0.420669029156367 39
1782683537412 0.4111805409193039 40
1782683538653 0.400136594971021 41
1782683539863 0.3885980894168218 42
1782683541088 0.3793312261501948 43
1782683542278 0.3694946616888046 44
1782683543512 0.36175088584423065 45
1782683544693 0.34985806544621784 46
1782683559783 0.3394753883282344 47
1782683561025 0.33647099634011585 48
1782683562226 0.33003729581832886 49
1782683563443 0.31812803943951923 50
1782683564680 0.31397805611292523 51
1782683565886 0.3028350720802943 52
1782683567068 0.2977525591850281 53
1782683568296 0.29236037532488507 54
1782683569508 0.2838871081670125 55
1782683570691 0.2782841275135676 56
1782683571891 0.2719207728902499 57
1782683573091 0.2646026040116946 58
1782683574252 0.26061614354451496 59
1782683575477 0.2574165215094884 60
1782683576690 0.2526066650946935 61
1782683577886 0.25169440855582553 62
1782683579159 0.24601027617851892 63
1782683580428 0.23843692739804587 64
1782683581617 0.23424908022085825 65
1782683582834 0.2311154305934906 66
1782683584046 0.2295163944363594 67
1782683585282 0.22503264745076498 68
1782683586497 0.22204014162222543 69
1782683587714 0.21620659033457437 70
1782683588910 0.21562631179889044 71
1782683590140 0.21037469804286957 72
1782683591369 0.2082512304186821 73
1782683592620 0.20733733475208282 74
1782683593852 0.2034563049674034 75
1782683595067 0.1998095711072286 76
1782683596309 0.1938909962773323 77
1782683597477 0.1934231718381246 78
1782683598666 0.18833769112825394 79
1782683599828 0.18762559443712234 80
1782683601013 0.18588561316331229 81
1782683602231 0.1866511950890223 82
1782683603437 0.18141786505778631 83
1782683604595 0.17793448021014532 84
1782683605742 0.17823226501544318 85
1782683606942 0.1743649442990621 86
1782683608141 0.17323524008194605 87
1782683609314 0.17576845735311508 88
1782683610499 0.17169846842686334 89
1782683611675 0.1681350196401278 90
1782683612899 0.16706274698177973 91
