1782390287049 1.5368193197250366 1
1782390291457 1.4797002649307252 2
1782390295582 1.4058787870407103 3
1782390299858 1.3773861932754516 4
1782390304102 1.3669554376602173 5
1782390308261 1.3410595750808716 6
1782390312456 1.2993549823760986 7
1782390316739 1.2730180168151854 8
1782390321208 1.2649960660934447 9
1782390325751 1.242032389640808 10
1782390330210 1.2008399057388306 11
1782390334397 1.1719144296646118 12
1782390338652 1.16212899684906 13
1782390342799 1.136642198562622 14
1782390347265 1.089345898628235 15
1782390352147 1.057626986503601 16
1782390356475 1.0471454358100891 17
1782390360703 1.0217888855934143 18
1782390365110 0.9739192533493042 19
1782390369553 0.9411818146705627 20
1782390373822 0.9300696468353271 21
1782390378129 0.9042176175117492 22
1782390382792 0.8565613412857056 23
1782390387374 0.8245414662361145 24
1782390391693 0.8163728880882263 25
1782390396135 0.7943225455284119 26
1782390405564 0.7540522360801697 27
1782390410007 0.717959303855896 28
1782390414505 0.7077909278869629 29
1782390418781 0.6863938069343567 30
1782390423066 0.6503720235824585 31
1782390427345 0.6182920098304748 32
1782390431735 0.6080441498756408 33
1782390436042 0.5889767456054688 34
1782390440530 0.5542650365829468 35
1782390445011 0.528299617767334 36
1782390449296 0.5206862556934356 37
1782390453608 0.5086330473423004 38
1782390457978 0.48215106964111326 39
1782390462957 0.4582939302921295 40
1782390467447 0.4528010296821594 41
1782390476900 0.4436371743679047 42
1782390481313 0.4228153109550476 43
1782390485955 0.408775110244751 44
1782390490127 0.4007004761695862 45
1782390494434 0.3961977827548981 46
1782390498680 0.38401098251342775 47
1782390502994 0.3704617929458618 48
1782390507387 0.36370074868202207 49
1782390511644 0.36266212224960326 50
1782390516050 0.3539011919498444 51
1782390520318 0.34168492913246157 52
1782390524859 0.3365677809715271 53
1782390529112 0.33942538499832153 54
1782390533514 0.3354052138328552 55
1782390537903 0.32083180010318757 56
1782390542119 0.31912017464637754 57
1782390546414 0.3188651978969574 58
1782390550686 0.31204015135765073 59
1782390555189 0.30520690202713013 60
1782390559507 0.3038752591609955 61
1782390563796 0.30507123470306396 62
1782390568089 0.3045018005371094 63
1782390572410 0.29614138424396513 64
1782390576789 0.29151095867156984 65
