1782080530845 1.4953059577941894 1
1782080535701 1.0608174443244933 2
1782080540547 0.6478828191757202 3
1782080545362 0.5208720922470093 4
1782080550205 0.4948760175704956 5
1782080555058 0.4523353946208954 6
1782080559745 0.41202916741371154 7
1782080564301 0.37597281455993653 8
1782080568842 0.362788542509079 9
1782080573407 0.34742817223072053 10
1782080577924 0.34107879281044007 11
1782080582448 0.31430417239665986 12
1782080586997 0.30676164269447326 13
1782080591522 0.3010966682434082 14
1782080596047 0.29611326098442076 15
1782080600586 0.2821343767642975 16
1782080605106 0.2740599489212036 17
1782080609661 0.2787421554327011 18
1782080614196 0.27703230798244477 19
1782080618767 0.26326807498931887 20
1782080623307 0.26456759214401243 21
1782080627840 0.26168873548507693 22
1782080632385 0.2609142750501633 23
1782080636907 0.25269304156303407 24
1782080641440 0.25107190787792205 25
1782080646011 0.25373898684978485 26
1782080650539 0.25543064713478086 27
1782080655091 0.2480030196905136 28
1782080659638 0.24369877934455872 29
1782080664161 0.2446020221710205 30
1782080668715 0.24877229392528533 31
1782080673285 0.24281518936157226 32
1782080677847 0.23899648547172547 33
1782080682413 0.23968303740024566 34
1782080686932 0.24326936304569244 35
1782080691487 0.2383992826938629 36
1782080696004 0.23560388624668122 37
1782080700527 0.23879238307476044 38
1782080705114 0.23638502955436708 39
1782080709662 0.23355886042118074 40
1782080714235 0.23320494174957276 41
1782080718841 0.23900851011276245 42
1782080723492 0.24691623628139495 43
1782080734289 0.2365705054998398 44
1782080740505 0.2331861761212349 45
