1782663038917 1.1499545340444528 1
1782663045130 0.9161557999311709 2
1782663051239 0.7690485458748013 3
1782663057285 0.6324424165136674 4
1782663063332 0.511905174629361 5
1782663069415 0.412928289642521 6
1782663075668 0.34248044035013986 7
1782663086945 0.28516486754604414 8
1782663093188 0.2482892204733456 9
1782663099351 0.20950899492291844 10
1782663105507 0.18596657409387476 11
1782663111722 0.16591237719152488 12
1782663117839 0.15397317035525454 13
1782663123904 0.14340264247912987 14
1782663129972 0.12784874161668852 15
1782663136155 0.12527300548904083 16
1782663142256 0.12526935207493164 17
1782663148477 0.11893991892244302 18
1782663154623 0.11208390006247688 19
1782663160673 0.10769560918504116 20
1782663166865 0.10649300585774814 21
1782663173036 0.09876144575137719 22
1782663179104 0.09699869009793974 23
1782663185183 0.10505698869625728 24
1782663191543 0.092412937067303 25
1782663197747 0.0877747868790346 26
1782663203790 0.08305207040964388 27
1782663209842 0.08460275638921588 28
1782663216031 0.08279732454056833 29
1782663222145 0.08051812210503746 30
1782663228174 0.08861693769109015 31
1782663234207 0.08219029359957751 32
1782663240240 0.07779905557924625 33
