1782228982642 1.480373501777649 1
1782228986620 1.4153261804580688 2
1782228990669 1.0533559226989746 3
1782228994703 0.8630457758903504 4
1782228998850 0.8517096734046936 5
1782229003052 0.827039430141449 6
1782229007112 0.793930377960205 7
1782229011089 0.7813348531723022 8
1782229015475 0.7781787085533142 9
1782229019951 0.7699029207229614 10
1782229023956 0.755026957988739 11
1782229028025 0.7403226089477539 12
1782229032297 0.7334383201599121 13
1782229038357 0.713757803440094 14
1782229045546 0.6985324382781982 15
1782229051950 0.693926818370819 16
1782229059159 0.6922573566436767 17
1782229066022 0.6906007218360901 18
1782229072420 0.6857961797714234 19
1782229079812 0.682627329826355 20
1782229087070 0.6819838976860046 21
1782229094097 0.6812785744667054 22
1782229100377 0.6763353562355041 23
1782229106674 0.6737308502197266 24
1782229112156 0.6729152512550354 25
1782229118040 0.6712551641464234 26
1782229122496 0.6682966256141663 27
1782229127869 0.6643454384803772 28
1782229133190 0.663687424659729 29
1782229138512 0.6610665798187256 30
1782229143661 0.6570492887496948 31
1782229148840 0.6517821264266968 32
1782229153924 0.6500653576850891 33
1782229158986 0.645557701587677 34
1782229163844 0.6365830874443055 35
1782229169105 0.6235845899581909 36
1782229173244 0.6170566487312317 37
1782229177429 0.6058085465431213 38
1782229181490 0.5889130806922913 39
1782229185631 0.5759855389595032 40
1782229189817 0.5744138050079346 41
1782229193901 0.5712491369247437 42
1782229198840 0.5652257919311523 43
1782229208354 0.5596296572685242 44
1782229212444 0.5584533953666687 45
1782229216445 0.5566352987289429 46
1782229220646 0.5513514947891235 47
1782229224815 0.5469403672218323 48
1782229229047 0.5448246479034424 49
1782229233038 0.5468861019611359 50
1782229237182 0.546410071849823 51
1782229241375 0.5418773055076599 52
1782229245458 0.5388366591930389 53
1782229249559 0.5411429607868194 54
1782229253857 0.5378829073905945 55
1782229257979 0.5348873662948609 56
1782229262030 0.5317108333110809 57
1782229266121 0.5332042586803436 58
1782229270198 0.5303952050209045 59
1782229274423 0.5270861780643463 60
1782229278530 0.5249046194553375 61
1782229282958 0.5277059376239777 62
1782229287059 0.5264194524288177 63
1782229291242 0.52190593957901 64
1782229295339 0.5219652271270752 65
1782229299406 0.5213850951194763 66
1782229303445 0.5231704592704773 67
1782229307724 0.5194398486614227 68
1782229311766 0.5175923907756805 69
1782229315682 0.5188761186599732 70
1782229319850 0.5203525984287262 71
1782229323955 0.5134601640701294 72
1782229328094 0.5115951156616211 73
1782229332244 0.5141342115402222 74
1782229336377 0.522654366493225 75
1782229340462 0.5106792366504669 76
1782229344561 0.5110432589054108 77
1782229348613 0.5104161190986634 78
1782229352571 0.5088935124874115 79
1782229356714 0.5067828536033631 80
1782229363777 0.5054946660995483 81
1782229367856 0.5089412057399749 82
1782229371786 0.5089635729789734 83
1782229376008 0.505435973405838 84
1782229380009 0.5041535031795502 85
1782229384216 0.5043447768688202 86
1782229388249 0.5034642779827118 87
1782229392491 0.5014479243755341 88
1782229396442 0.5005447971820831 89
1782229400691 0.5008469176292419 90
1782229404891 0.49993364095687864 91
1782229409307 0.4967083501815796 92
1782229413557 0.4955965781211853 93
1782229417631 0.4974063968658447 94
1782229421718 0.4984339356422424 95
1782229425734 0.4941227972507477 96
1782229429676 0.4939810609817505 97
1782229433490 0.49504087209701536 98
1782229441407 0.49766658067703246 99
1782229445641 0.49249831199645994 100
