1783457376181 1.4396887578462298 1
1783457381224 1.32494035206343 2
1783457386225 1.2264965992224843 3
1783457391291 1.1641780890916522 4
1783457396365 1.1456289134527509 5
1783457401326 1.0901092243821997 6
1783457406508 0.9989958029044302 7
1783457411635 0.9389159240220722 8
1783457416731 0.9185879936343745 9
1783457421770 0.8685981835189619 10
1783457426845 0.782394351143586 11
1783457432022 0.7217471568207992 12
1783457437136 0.7061474025249481 13
1783457442220 0.6685823029593417 14
1783457447252 0.5832551874612507 15
1783457452353 0.530542539138543 16
1783457457478 0.5137918277790672 17
1783457462574 0.4750505842660603 18
1783457467741 0.4162891154226504 19
1783457472925 0.3746959818036933 20
1783457478099 0.36014265527850703 21
1783457483270 0.3320641886246832 22
1783457488311 0.29342407615561233 23
1783457493425 0.2634624713345578 24
1783457498615 0.2555611259058902 25
1783457508564 0.24012519340766103 26
1783457513668 0.21536630823423988 27
1783457518816 0.19835394738536133 28
1783457523857 0.1917928025910729 29
1783457528974 0.18662909261490168 30
1783457534047 0.18085543772107676 31
1783457539173 0.16464651846571973 32
1783457544272 0.16173931328873886 33
1783457549307 0.1561639963796264 34
1783457554352 0.15163155507884526 35
1783457559458 0.14250721115815013 36
1783457564503 0.1390218826893129 37
1783457569558 0.14035986559955696 38
