1783496590664 2.4010720948378244 1
1783496598626 2.2507556676864624 2
1783496606355 2.098118543624878 3
1783496614076 1.9454544534285863 4
1783496621810 1.8005239615837734 5
1783496630205 1.6526316950718563 6
1783496638513 1.5041944235563278 7
1783496646103 1.3573768089214961 8
1783496654178 1.221348226070404 9
1783496662709 1.096739575266838 10
1783496670263 0.9867239048083624 11
1783496678960 0.88909995307525 12
1783496686889 0.804153266052405 13
1783496695035 0.7299725264310837 14
1783496703229 0.6596776942412058 15
1783496711378 0.5978548154234886 16
1783496719871 0.5338987844685713 17
1783496727281 0.4788813019792239 18
1783496735544 0.4273753762245178 19
1783496743735 0.38283485795060795 20
1783496751940 0.3395799919962883 21
1783496759854 0.3056398170689742 22
1783496767999 0.2809750661253929 23
1783496776379 0.25821138732135296 24
1783496784650 0.23480210887889066 25
1783496792901 0.21670528501272202 26
1783496800424 0.20374747924506664 27
1783496808349 0.19877136995395026 28
1783496816740 0.1854819357395172 29
1783496824560 0.17965146775046983 30
1783496832780 0.17209068344285092 31
1783496840832 0.16260459770758948 32
1783496849376 0.16015811450779438 33
1783496857427 0.1560410630578796 34
1783496865620 0.15053745359182358 35
1783496874264 0.143201674024264 36
1783496882443 0.14392622094601393 37
1783496890624 0.14112102799117565 38
1783496898912 0.14216781531771025 39
1783496907000 0.13843235683937868 40
1783496915064 0.13390035492678484 41
1783496923251 0.12997767080863318 42
1783496931533 0.12979360483586788 43
1783496939634 0.12649639261265597 44
1783496948063 0.12403095389405887 45
1783496955867 0.12122813394914071 46
1783496963892 0.11994259928663571 47
1783496972327 0.11830966143558423 48
