1783457791002 1.6708502092144706 1
1783457797332 1.374651315537366 2
1783457803869 1.1521760875528508 3
1783457810317 1.0360826145518909 4
1783457816716 0.9968410202048041 5
1783457823144 0.9140413240952925 6
1783457829606 0.784356333992698 7
1783457836273 0.70641067488627 8
1783457842629 0.6835261163386431 9
1783457849123 0.6351440982385115 10
1783457855562 0.5529279180548408 11
1783457862052 0.49667406285350973 12
1783457868458 0.47981086441061715 13
1783457874950 0.45149182799187576 14
1783457881273 0.3951903771270405 15
1783457887779 0.35159810429269617 16
1783457894110 0.33917115357789124 17
1783457900609 0.3192398175597191 18
1783457906977 0.28174653378399933 19
1783457913345 0.24551871418952942 20
1783457919809 0.23584676466204904 21
1783457926201 0.22730822590264407 22
1783457932625 0.20130855319174853 23
1783457938966 0.173496793278239 24
1783457945280 0.16569156538356433 25
1783457951754 0.160558360544118 26
1783457958217 0.14951840991323645 27
1783457964508 0.12947021221572702 28
1783457970957 0.12501009062609889 29
1783457977289 0.12674947726455602 30
1783457983824 0.12221144258298657 31
1783457990233 0.1064481647177176 32
1783457996714 0.10190745070576668 33
1783458009394 0.10520485314455899 34
1783458015751 0.10139236514541236 35
1783458022175 0.09089496985755184 36
1783458028583 0.08607595650987192 37
1783458035066 0.09323149631646546 38
1783458041480 0.09293375452133742 39
1783458047980 0.08101319064470855 40
1783458054495 0.07679562067443674 41
1783458060782 0.08482329852201721 42
1783458067209 0.08335315029729497 43
1783458073571 0.07344575107774952 44
1783458079988 0.07090463650158861 45
1783458086294 0.07501743242821911 46
1783458092603 0.07780936580489982 47
1783458098999 0.06821507003835657 48
1783458105466 0.06520938212898644 49
1783458111892 0.07231365813111718 50
1783458118389 0.07521312192759731 51
1783458124848 0.06433899819173595 52
1783458131242 0.061602748168463055 53
1783458137502 0.06899733155627143 54
