1782602436924 1.823551869392395 1
1782602438013 1.5516804695129394 2
1782602439070 1.4575018167495728 3
1782602440105 1.4004379987716675 4
1782602441144 1.3537458181381226 5
1782602442210 1.326492428779602 6
1782602443301 1.2851012468338012 7
1782602444375 1.2495954751968383 8
1782602445437 1.2136300325393676 9
1782602446482 1.165781831741333 10
1782602447623 1.1298982620239257 11
1782602448675 1.091527032852173 12
1782602449801 1.059421420097351 13
1782602450859 1.0426323175430299 14
1782602451945 1.0095094680786132 15
1782602452972 0.9982637643814087 16
1782602454056 0.9726394176483154 17
1782602455102 0.9361109614372254 18
1782602456141 0.9105432868003845 19
1782602457189 0.8906398415565491 20
1782602458252 0.8672550082206726 21
1782602459330 0.8379215955734253 22
1782602460409 0.8251550197601318 23
1782602461486 0.8037315130233764 24
1782602462527 0.7730864763259888 25
1782602463583 0.7596539974212646 26
1782602464664 0.7362040281295776 27
1782602465713 0.7205038905143738 28
1782602466757 0.695315682888031 29
1782602467806 0.6806015491485595 30
1782602468882 0.6584784507751464 31
1782602469979 0.6422077655792237 32
1782602471014 0.6158897876739502 33
1782602472051 0.5960084438323975 34
1782602473118 0.581453514099121 35
1782602474146 0.5633562326431274 36
1782602475199 0.555618691444397 37
1782602476292 0.5378969430923461 38
1782602477403 0.5192974209785461 39
1782602478479 0.5069476664066315 40
1782602479511 0.5006217002868653 41
1782602480541 0.4738488674163818 42
1782602481635 0.4693440437316895 43
1782602482728 0.45538602471351625 44
1782602483788 0.4340966403484344 45
1782602484848 0.430423367023468 46
1782602485889 0.4159990966320038 47
1782602486985 0.40935030579566956 48
1782602488031 0.3979948878288269 49
1782602489048 0.3890445172786713 50
1782602490078 0.37371411323547366 51
1782602491118 0.3662697434425354 52
