1783495756384 1.2376148058817937 1
1783495758698 1.131990909576416 2
1783495760989 1.0723099341759315 3
1783495763321 1.0201853697116559 4
1783495765662 0.972605416407952 5
1783495768005 0.9304896822342505 6
1783495770315 0.8899561854509207 7
1783495772595 0.8534973813937261 8
1783495774981 0.8172583075670096 9
1783495777393 0.7815338785831745 10
1783495779728 0.7575768965941209 11
1783495781970 0.7342471663768475 12
1783495784365 0.7055462552950933 13
1783495786643 0.6761867587382977 14
1783495788976 0.6549400641367986 15
1783495791304 0.6305925479302039 16
1783495793542 0.6064492418215826 17
1783495795904 0.5835365836436932 18
1783495798290 0.5691689940599295 19
1783495800591 0.547931405214163 20
1783495804259 0.5306993883389693 21
1783495806842 0.515661033300253 22
1783495809164 0.506519982447991 23
1783495811452 0.48590835470419663 24
1783495813667 0.46863635228230405 25
1783495815912 0.45573464035987854 26
1783495818249 0.45251951997096723 27
1783495820650 0.44824464504535383 28
1783495822841 0.44076643311060393 29
1783495825026 0.42662861943244934 30
1783495827257 0.41878377015774065 31
1783495829559 0.4039958119392395 32
1783495831985 0.39765957914865935 33
1783495834278 0.3813805809387794 34
