1782654224897 1.391613571267379 1
1782654229976 1.2137120679805153 2
1782654234968 1.1161191055649204 3
1782654240043 1.0226570995230424 4
1782654245050 0.9306908720418027 5
1782654250102 0.8400699527640092 6
1782654255147 0.7523999935702274 7
1782654260165 0.6648271052460921 8
1782654265217 0.5909948145088396 9
1782654270318 0.5279931567217174 10
1782654275327 0.4628692112470928 11
1782654280263 0.400060111754819 12
1782654285262 0.3470474983516492 13
1782654290367 0.30076417483781515 14
1782654295420 0.26676819983281586 15
1782654300535 0.2375986744698725 16
1782654305589 0.22026745504454562 17
1782654310656 0.19707258280954862 18
1782654315724 0.18446274180161326 19
1782654320800 0.16782855713053754 20
1782654325798 0.1599254737559118 21
1782654330854 0.1543623401146186 22
1782654335873 0.14553975588396975 23
1782654340915 0.138902999852833 24
1782654345925 0.13783072405739835 25
1782654351017 0.1352642996138648 26
1782654356092 0.12828475472174192 27
1782654361124 0.12482364436513499 28
1782654366140 0.12208521522973713 29
1782654371380 0.12251167646364163 30
1782654376515 0.12155813861050103 31
