1782229449928 1.5516823148727417 1
1782229454053 1.495904107093811 2
1782229458243 1.11215425491333 3
1782229462454 0.8557237768173218 4
1782229466363 0.8432991862297058 5
1782229470533 0.8164097118377686 6
1782229474796 0.7835912394523621 7
1782229479056 0.7736054396629334 8
1782229483406 0.77111257314682 9
1782229487615 0.7688725662231445 10
1782229491656 0.7591593527793884 11
1782229495603 0.7544648146629334 12
1782229499449 0.7522797107696533 13
1782229503408 0.7454488849639893 14
1782229507270 0.7315782809257507 15
1782229511597 0.7173147535324097 16
1782229515694 0.7131821727752685 17
1782229519781 0.7047899651527405 18
1782229523791 0.6918685555458068 19
1782229527770 0.6864743328094483 20
1782229531933 0.685371835231781 21
1782229536188 0.6831365346908569 22
1782229540189 0.6791307902336121 23
1782229544540 0.67656813621521 24
1782229548504 0.6743146109580994 25
1782229552672 0.6727601289749146 26
1782229556793 0.6684027791023255 27
1782229561087 0.6657286620140076 28
1782229565287 0.6648163318634033 29
1782229569767 0.6633786487579346 30
1782229574110 0.6606733894348145 31
1782229578297 0.6574620223045349 32
1782229582597 0.6555467534065247 33
1782229586894 0.6543940448760986 34
1782229591199 0.6519431447982789 35
1782229595446 0.6476886343955993 36
1782229599584 0.6482831835746765 37
1782229604087 0.6470615220069885 38
1782229608332 0.6465464854240417 39
1782229612623 0.6388872575759887 40
1782229616834 0.6393892383575439 41
1782229626519 0.6402386856079102 42
1782229630672 0.6351042294502258 43
1782229634743 0.6283721613883972 44
1782229638950 0.6246306586265564 45
1782229643105 0.6196778249740601 46
1782229647318 0.6033540558815003 47
1782229651350 0.5845354843139648 48
1782229655278 0.5835780620574951 49
1782229659272 0.5762234258651734 50
1782229663476 0.5625837397575378 51
1782229667480 0.5563623642921448 52
1782229671440 0.556076979637146 53
1782229675522 0.5562886035442353 54
1782229679712 0.5504725635051727 55
1782229683884 0.545489820241928 56
1782229688017 0.5430442774295807 57
1782229692066 0.5431088149547577 58
1782229696322 0.5413490164279938 59
1782229700974 0.5355652332305908 60
1782229704942 0.5351352369785309 61
1782229709061 0.5439508163928986 62
1782229713285 0.5389280009269715 63
1782229717408 0.5326796400547028 64
1782229721482 0.529952427148819 65
1782229725488 0.5308611488342285 66
1782229729487 0.5310971212387084 67
1782229733410 0.5266404223442077 68
1782229737741 0.523783597946167 69
1782229742523 0.5287359428405761 70
1782229746517 0.521599737405777 71
1782229750571 0.519771717786789 72
1782229754952 0.5193471586704255 73
1782229759231 0.5199932873249054 74
1782229763569 0.5175097668170929 75
1782229767679 0.5151918590068817 76
1782229771890 0.5150424420833588 77
1782229776167 0.5151763308048248 78
1782229780164 0.5151786601543427 79
1782229784118 0.5125088012218475 80
1782229788062 0.5089601063728333 81
1782229792013 0.5110812175273896 82
1782229796109 0.5102218806743621 83
1782229800586 0.5065909028053284 84
1782229805477 0.5040740549564362 85
1782229809516 0.5052171933650971 86
1782229813479 0.5031655168533326 87
1782229817401 0.5033071398735046 88
1782229821664 0.5016065907478332 89
1782229825575 0.5015223824977875 90
1782229829508 0.5031954431533814 91
1782229833473 0.49845688819885253 92
1782229837585 0.4971826493740082 93
1782229841648 0.5005894255638123 94
1782229845847 0.4994563627243042 95
1782229849869 0.49499275207519533 96
1782229854072 0.49408846139907836 97
1782229858150 0.49635565400123594 98
1782229862064 0.49568606734275816 99
1782229866105 0.4925136148929596 100
