1783457386723 1.7733361152085392 1
1783457393050 1.4906292530623348 2
1783457399366 1.2319127592173489 3
1783457405542 1.0998158319429918 4
1783457411971 1.0607493303038857 5
1783457418248 0.967680192806504 6
1783457424572 0.8126463090831583 7
1783457431067 0.7209518646652048 8
1783457437456 0.6929397135972977 9
1783457443759 0.6354623409834775 10
1783457450000 0.5349370071833784 11
1783457456277 0.47114260494709015 12
1783457462485 0.4512347477403554 13
1783457468839 0.41580624268813565 14
1783457475158 0.3558471372181719 15
1783457481389 0.30780927633697336 16
1783457487721 0.29331790723583917 17
1783457494132 0.27234440500086005 18
1783457508570 0.23360251940109514 19
1783457514970 0.2022971131584861 20
1783457521415 0.19235843487761237 21
1783457527779 0.18448389253833078 22
1783457534245 0.16572885113683614 23
1783457540497 0.14477280628952113 24
1783457546830 0.13719438219612295 25
1783457553099 0.13862842372195286 26
1783457559406 0.13289479809728535 27
1783457565676 0.11391069215129722 28
1783457572044 0.10897787795825438 29
1783457578406 0.11324615437876094 30
1783457584807 0.1126233588226817 31
1783457591256 0.09607828459279104 32
1783457597651 0.09164910272441128 33
1783457604056 0.0970744306052273 34
1783457610409 0.09634367291900245 35
1783457616728 0.08533181758089499 36
1783457623201 0.08075931126421149 37
1783457629477 0.08604405464773829 38
1783457635887 0.08637267046354034 39
1783457642264 0.07743087190796029 40
1783457648692 0.07327142273160545 41
1783457654946 0.07919226146557114 42
1783457661377 0.08253766410052776 43
1783457667773 0.07106333454562859 44
1783457674102 0.06755140305242756 45
1783457680402 0.07467007112096656 46
1783457686793 0.07940532013096592 47
1783457693286 0.06706885688684204 48
1783457699756 0.06392117022452029 49
1783457706065 0.06964128007265655 50
1783457712442 0.07207226270640438 51
1783457718768 0.06298081830821255 52
1783457725180 0.06001297367567366 53
1783457731549 0.0674585218287327 54
1783457738029 0.0706037116998976 55
1783457744372 0.06047512658617713 56
1783457750622 0.0579291982576251 57
1783457756980 0.06498487496917899 58
1783457763348 0.06843542222949592 59
1783457769791 0.05776415960016576 60
1783457776102 0.05526980876245282 61
1783457782633 0.061474432576109066 62
