1778192891851 1.346155643939972 1
1778192975767 1.0657904829978944 2
1778193059783 0.906309118270874 3
1778193143715 0.6491831064224243 4
1778193227640 0.5156609826087951 5
1778193311637 0.4499974355697632 6
1778193396105 0.4000412993431091 7
1778193480820 0.3622220132350922 8
1778193591697 0.3326309922337532 9
1778193676045 0.33483330643177034 10
1778193760164 0.29743529587984086 11
1778193845134 0.27676994174718855 12
1778193930181 0.2600305525660515 13
1778194014608 0.2491088063120842 14
1778194098712 0.23808112621307373 15
