1781910674305 1.4459532652145777 1
1781910695136 1.3337635688292675 2
1781910715667 1.2468589422030327 3
1781910736396 1.1695106426874797 4
1781910756799 1.0890823083046155 5
1781910777250 1.0108279524705348 6
1781910797679 0.9272186603301611 7
1781910818222 0.8566561035620861 8
1781910838915 0.7824758566342868 9
1781910859483 0.7158778187556144 10
1781910880056 0.6686143340208591 11
1781910900607 0.6228926548591027 12
1781910921185 0.5841807142282144 13
1781910942388 0.541577642544722 14
1781910962752 0.5241765265281384 15
1781910983379 0.5035416392179636 16
1781911004037 0.47546577300780857 17
1781911024821 0.4622145440333929 18
1781911045704 0.4308328529198964 19
1781911066383 0.4146569860287202 20
1781911086972 0.40825588886554426 21
1781911107658 0.3961807145522191 22
1781911128476 0.3799427564327533 23
1781911149171 0.3914764240766183 24
1781911169512 0.378060091764499 25
1781911190022 0.3599840142788031 26
1781911210965 0.3395532606503902 27
1781911231474 0.3470347959261674 28
1781911252277 0.33432767062615126 29
1781911272744 0.32210725240218335 30
1781911293442 0.3160286117822696 31
1781911313872 0.3101968765258789 32
1781911334508 0.3023626479582909 33
1781911354931 0.29293988721492964 34
1781911375373 0.28871723283559847 35
1781911396296 0.27444841005863285 36
1781911416810 0.27137457522062153 37
1781911437842 0.27648301116931134 38
1781911458526 0.26309833083397305 39
1781911478970 0.25714249985340315 40
1781911499625 0.25180127376165146 41
1781911520392 0.2466902717565879 42
1781911541383 0.23555109554376358 43
1781911561972 0.23629361849564773 44
1781911582767 0.2210851579140394 45
1781911604561 0.22258968498462287 46
1781911625498 0.22234769050891584 47
1781911646480 0.21911305112716478 48
1781911668669 0.2018970713401452 49
1781911689172 0.1951893369356791 50
1781911711644 0.2039840878584446 51
1781911732074 0.20324490391291106 52
1781911758113 0.20557607251864213 53
1781911778605 0.1907270936629711 54
1781911798941 0.19148794962809637 55
1781911822541 0.18863159379897973 56
1781911842925 0.1860736371614994 57
1781911863736 0.19083790748547286 58
