1779917667577 1.5281147289276122 1
1779917671321 1.0315845036506652 2
1779917675071 0.8686629247665405 3
1779917678776 0.8228394556045532 4
1779917682518 0.7968567252159119 5
1779917686281 0.7771050882339477 6
1779917689996 0.757333824634552 7
1779917693736 0.7331472659111022 8
1779917697451 0.721514835357666 9
1779917701166 0.7124701309204101 10
1779917704955 0.6997011780738831 11
1779917708924 0.6831774497032166 12
1779917712777 0.6710610866546631 13
1779917716602 0.6604219722747803 14
1779917720442 0.6482056927680969 15
1779917724309 0.642098891735077 16
1779917728121 0.627028558254242 17
1779917731936 0.615909743309021 18
1779917735763 0.609700870513916 19
1779917739628 0.5983825945854186 20
