1782653659601 2.4187287917503943 1
1782653664615 2.32898002404433 2
1782653669763 2.2462663650512695 3
1782653674567 2.182978630065918 4
1782653679219 2.118275238917424 5
1782653684092 2.0585909439967227 6
1782653688543 1.9883114466300378 7
1782653693163 1.9181751562998846 8
1782653697781 1.8573993077644935 9
1782653702615 1.7800624370574951 10
1782653707492 1.693186457340534 11
1782653712399 1.6169466513853807 12
1782653717305 1.5360268354415894 13
1782653722437 1.4561762809753418 14
1782653727332 1.3780222580983088 15
1782653732220 1.311364769935608 16
1782653736749 1.252820876928476 17
1782653741631 1.1879902619581957 18
1782653746545 1.1288206485601573 19
1782653751442 1.0735771380938017 20
1782653756237 1.0291246542563806 21
1782653760907 0.981410393348107 22
1782653765552 0.9455834168654221 23
1782653770259 0.9070576887864333 24
1782653775124 0.8788504692224356 25
1782653779753 0.847085599715893 26
1782653784663 0.8181630510550278 27
1782653789476 0.7969759381734408 28
1782653794119 0.7762024265069228 29
1782653798906 0.7545603330318744 30
1782653803668 0.7249772044328543 31
1782653808403 0.6926754392110385 32
1782653813016 0.6681449780097375 33
1782653818020 0.6489220307423518 34
1782653822867 0.6258450792385981 35
1782653827506 0.6102238893508911 36
1782653832198 0.6003430027228135 37
1782653836807 0.5817072941706731 38
1782653841462 0.5787213903207046 39
1782653846266 0.5659940334466788 40
1782653850962 0.5507453725888178 41
1782653855861 0.5326692714140966 42
1782653860568 0.5308132011156815 43
1782653865368 0.5195848987652705 44
1782653870163 0.510767407142199 45
1782653874746 0.503193912597803 46
1782653879357 0.49048062241994417 47
1782653884017 0.48586456363017744 48
1782653888787 0.4807864335867075 49
1782653893891 0.47217562794685364 50
1782653898947 0.4701515482022212 51
1782653903682 0.4594904023867387 52
1782653908361 0.4592262964982253 53
1782653913114 0.45677238473525417 54
1782653917957 0.4504545720723959 55
1782653922745 0.45177545226537263 56
1782653927472 0.44482073875573963 57
1782653932200 0.44677215585341823 58
1782653936899 0.45196232428917515 59
1782653941627 0.44697125599934506 60
1782653946387 0.4318869205621573 61
1782653951606 0.4367835888495812 62
