1782653829278 1.356995375532853 1
1782653834199 1.2340167196173417 2
1782653839310 1.1286817098918713 3
1782653844281 1.018873039044832 4
1782653849152 0.9093120349080939 5
1782653854122 0.797725930025703 6
1782653858999 0.6948152059002927 7
1782653863849 0.5953641157401236 8
1782653868841 0.5060810219300421 9
1782653873769 0.4257917074780715 10
1782653878647 0.36130832292531667 11
1782653883507 0.2994769811630249 12
1782653888568 0.26030518545916204 13
1782653893656 0.2665442102833798 14
1782653898550 0.21527568603816785 15
1782653903412 0.1847809172774616 16
1782653908301 0.16777940055257395 17
1782653913220 0.1553860643976613 18
1782653918191 0.14989475749040904 19
1782653923179 0.14039337889928566 20
1782653928081 0.13361102832775368 21
1782653933158 0.12885858687131027 22
1782653938298 0.12478897916643243 23
1782653943359 0.12273555347009708 24
1782653948236 0.12243256129716572 25
1782653953151 0.11892151911007731 26
1782653958130 0.11435434614357196 27
1782653963177 0.1117580758505746 28
1782653968239 0.11164479290968493 29
1782653973361 0.1095138419615595 30
1782653978386 0.10923952079917255 31
1782653983438 0.10807609734566588 32
1782653988393 0.1095971149441443 33
1782653993355 0.10349596095712561 34
1782653998389 0.10287713377099288 35
1782654003372 0.10438527970721848 36
1782654008282 0.10351498366186493 37
1782654013487 0.10415281649482877 38
1782654023244 0.10325506623638303 39
1782654028305 0.10178961840115096 40
1782654033461 0.09819684118816727 41
1782654038492 0.1161137403626191 42
1782654043678 0.10838812373970684 43
1782654048697 0.10124411982925315 44
1782654053633 0.09759148445568587 45
