1782651121859 1.356995375532853 1
1782651126824 1.2340167196173417 2
1782651131827 1.1286817098918713 3
1782651136804 1.018873039044832 4
1782651141745 0.9093120349080939 5
1782651146727 0.797725930025703 6
1782651151674 0.6948152059002927 7
1782651156614 0.5953641157401236 8
1782651161698 0.5060810219300421 9
1782651166621 0.4257917074780715 10
1782651171639 0.36130832292531667 11
1782651176579 0.2994769811630249 12
1782651181706 0.26030518545916204 13
1782651186788 0.2665442102833798 14
1782651191785 0.21527568603816785 15
1782651196853 0.1847809172774616 16
1782651201907 0.16777940055257395 17
1782651206897 0.1553860643976613 18
1782651211906 0.14989475749040904 19
1782651216961 0.14039337889928566 20
1782651222014 0.13361102832775368 21
1782651226973 0.12885858687131027 22
1782651232109 0.12478897916643243 23
1782651237142 0.12273555347009708 24
1782651242140 0.12243256129716572 25
1782651247286 0.11892151911007731 26
1782651252430 0.11435434614357196 27
1782651261907 0.1117580758505746 28
1782651266941 0.11164479290968493 29
1782651271873 0.1095138419615595 30
1782651276926 0.10923952079917255 31
1782651281910 0.10807609734566588 32
1782651286937 0.1095971149441443 33
1782651291980 0.10349596095712561 34
1782651297073 0.10287713377099288 35
1782651302163 0.10438527970721848 36
1782651307140 0.10351498366186493 37
1782651312113 0.10415281649482877 38
1782651317283 0.10325506623638303 39
1782651322416 0.10178961840115096 40
1782651327383 0.09819684118816727 41
1782651332354 0.1161137403626191 42
1782651337402 0.10838812373970684 43
1782651342445 0.10124411982925315 44
1782651347610 0.09759148445568587 45
