1782600919659 2.103178381919861 1
1782600927538 1.9514617671569188 2
1782600935776 1.8455011894305546 3
1782600943529 1.7354197800159454 4
1782600951441 1.6142866611480713 5
1782600959012 1.4890392820040386 6
1782600966593 1.37002332508564 7
1782600974522 1.2577451666196187 8
1782600982456 1.150283694267273 9
1782600990167 1.0527090405424435 10
1782600998247 0.9647549018263817 11
1782601005851 0.8872809012730917 12
1782601013645 0.8134636829296747 13
1782601021829 0.7481054415305456 14
1782601029782 0.6837814077734947 15
1782601037663 0.6300486673911413 16
1782601045482 0.5716548189520836 17
1782601052977 0.5218231131633123 18
1782601060938 0.47624174878001213 19
1782601068490 0.43332195778687793 20
1782601075909 0.39437130838632584 21
1782601101494 0.35529573758443195 22
1782601109766 0.32329285765687626 23
1782601117531 0.2979616733888785 24
1782601125250 0.2811826417843501 25
1782601132958 0.25696782146890956 26
1782601140566 0.23865144761900106 27
1782601148394 0.22440097915629545 28
1782601155771 0.2137503090004126 29
1782601163629 0.2063274315247933 30
1782601170983 0.19946016681691012 31
1782601178913 0.18740136300524077 32
1782601186893 0.17725976866980395 33
1782601194966 0.17528311163187027 34
1782601203898 0.16544558045764765 35
1782601215190 0.16032846768697104 36
1782601223087 0.15816929812232652 37
1782601231345 0.15305194475998482 38
1782601239248 0.14989563450217247 39
1782601247552 0.14452183370788893 40
1782601255359 0.1450034867351254 41
1782601262877 0.1406660731881857 42
1782601270502 0.1377858246366183 43
1782601278162 0.13532966872056326 44
1782601286115 0.1323512326925993 45
1782601293971 0.1330338160817822 46
1782601302047 0.13179406244307756 47
1782601309772 0.130885548889637 48
1782601318105 0.12666315554330745 49
1782601325807 0.1250809170305729 50
