1782601333431 2.4014679888884225 1
1782601341361 2.252469817797343 2
1782601349183 2.1010396083196006 3
1782601356941 1.9463881850242615 4
1782601364638 1.7998748421669006 5
1782601372976 1.651687001188596 6
1782601380933 1.5059580554564793 7
1782601388978 1.3647583375374477 8
1782601396757 1.2363324761390686 9
1782601404572 1.117650975783666 10
1782601412147 1.0105058352152507 11
1782601419980 0.9150184889634451 12
1782601427596 0.8299115101496378 13
1782601435523 0.7546335433920225 14
1782601443551 0.6846062143643697 15
1782601451034 0.6193554674585661 16
1782601459177 0.5559373100598654 17
1782601467494 0.5008600689470768 18
1782601475511 0.44829588507612544 19
1782601483135 0.3978636326889197 20
1782601491327 0.35331326598922413 21
1782601498916 0.3157564327120781 22
1782601511230 0.2939226857076089 23
1782601519415 0.26787180329362553 24
1782601527373 0.2427146229892969 25
1782601535733 0.22592934841910997 26
1782601543552 0.2112772905578216 27
1782601551348 0.20289088040590286 28
1782601559387 0.18833045413096747 29
1782601566786 0.18048105450967947 30
1782601575040 0.17413907932738462 31
1782601582589 0.16657690703868866 32
1782601590767 0.16061259309450784 33
1782601598760 0.1535214747612675 34
1782601606108 0.14865343117465576 35
1782601614643 0.14279681940873465 36
1782601622384 0.14335146949936947 37
1782601629883 0.13978795955578485 38
1782601637749 0.13716360988716284 39
1782601645138 0.133609834437569 40
1782601652649 0.13108381411681572 41
1782601660536 0.12991935045768818 42
1782601668850 0.12898864193509021 43
1782601676189 0.12429410095016162 44
1782601683868 0.12361119501292706 45
1782601691869 0.12360232789069414 46
