1782404391918 1.5993333053588867 1
1782404396613 1.5341132020950317 2
1782404401578 1.4538366508483886 3
1782404406546 1.3800556182861328 4
1782404411382 1.3133537149429322 5
1782404416485 1.2482740020751952 6
1782404421053 1.1842985916137696 7
1782404426336 1.125490198135376 8
1782404431120 1.0665173578262328 9
1782404436007 1.0103930950164794 10
1782404440827 0.9553422713279724 11
1782404445704 0.906393768787384 12
1782404450509 0.8590007042884826 13
1782404455633 0.8154969453811646 14
1782404460356 0.7778385639190674 15
1782404465280 0.7366924333572388 16
1782404470183 0.7027186346054077 17
1782404475217 0.676522409915924 18
1782404480272 0.6439526748657226 19
1782404484876 0.6212026882171631 20
1782404489616 0.5985462248325348 21
1782404502663 0.5791782069206238 22
1782404507720 0.5687079632282257 23
1782404512701 0.5497471499443054 24
1782404517991 0.5413916099071503 25
1782404522777 0.5290488636493683 26
1782404527420 0.5173508381843567 27
1782404532192 0.5110647630691528 28
1782404537347 0.5174528551101685 29
1782404541960 0.49819950103759764 30
1782404546674 0.4929795169830322 31
1782404551330 0.48629335522651673 32
1782404555877 0.4806148648262024 33
1782404560730 0.4754307401180267 34
1782404565479 0.47648860931396486 35
1782404570402 0.47340379118919373 36
1782404575323 0.4699099016189575 37
1782404579934 0.4643020963668823 38
1782404584499 0.4591975140571594 39
1782404589494 0.46188482999801633 40
1782404595051 0.4578227174282074 41
1782404599947 0.45504907608032225 42
1782404604773 0.4469835543632507 43
1782404609612 0.4445454978942871 44
1782404614709 0.44621228337287905 45
1782404620321 0.4455116999149322 46
