1782761607132 2.391829637380747 1
1782761611482 2.2581838094271145 2
1782761615895 2.1803185756389913 3
1782761620497 2.1161680955153246 4
1782761624917 2.0467267770033617 5
1782761629627 1.976145285826463 6
1782761633912 1.9127842279580922 7
1782761638461 1.8452903490800123 8
1782761642983 1.7709155541199904 9
1782761647577 1.7034503313211293 10
1782761652324 1.6331600225888765 11
1782761657116 1.5638996362686157 12
1782761661586 1.5029669724977934 13
1782761666066 1.4372966839716985 14
1782761670471 1.365957260131836 15
1782761675134 1.3064390329214244 16
1782761680170 1.246701900775616 17
1782761684917 1.1917753036205585 18
1782761689769 1.151006056712224 19
1782761696947 1.0984145586307232 20
1782761701708 1.0638660009090717 21
1782761706215 1.0219570306631236 22
1782761710850 0.9829918788029597 23
1782761715710 0.9560132943666898 24
1782761720228 0.9067462682723999 25
1782761724905 0.8846958371309134 26
1782761729453 0.854999656860645 27
1782761734330 0.8230546208528372 28
1782761739215 0.785897855575268 29
1782761743753 0.7591684323090774 30
1782761748493 0.7367421801273639 31
1782761753020 0.7065090537071228 32
1782761757890 0.6843150533162631 33
1782761762405 0.666754309947674 34
1782761766868 0.6484493063046382 35
1782761771549 0.628556815477518 36
1782761776284 0.6133780112633338 37
1782761780961 0.6054574021926293 38
1782761785870 0.5910319273288434 39
1782761790354 0.5740262728471023 40
1782761794942 0.5557043965046222 41
1782761799638 0.5434219516240634 42
1782761804536 0.5423889343555157 43
1782761809483 0.5281067742751195 44
1782761814320 0.513934272986192 45
1782761818911 0.49848366471437305 46
1782761824198 0.5009459463449625 47
1782761829076 0.4964279807530917 48
1782761833711 0.4984339429781987 49
1782761838382 0.47832186405475324 50
1782761842921 0.46828309618509734 51
1782761847462 0.4648003669885489 52
1782761851983 0.456434414936946 53
1782761856457 0.4430369505515465 54
1782761860908 0.4435874338333423 55
1782761865877 0.44240302535203785 56
1782761870470 0.44195422530174255 57
1782761875408 0.43934079775443446 58
1782761880166 0.4257789598061488 59
1782761884738 0.4323079219231239 60
1782761889474 0.427332552579733 61
1782761894557 0.4065402379402748 62
1782761899251 0.4153192387177394 63
1782761904114 0.41337844958672154 64
1782761908827 0.41267162790665257 65
1782761913512 0.40909337997436523 66
1782761918106 0.40234098526147694 67
1782761922784 0.4017939384167011 68
1782761927340 0.39849669887469363 69
1782761932092 0.4007996847996345 70
1782761937016 0.399709926201747 71
1782761941884 0.4023219301150395 72
1782761946623 0.3999613385934096 73
1782761951047 0.39001750029050386 74
1782761955478 0.3989396874721234 75
