1782662425612 1.2796915219380305 1
1782662427866 1.188014369744521 2
1782662429990 1.1358325939912062 3
1782662432134 1.0913509864073534 4
1782662434319 1.0587211205409124 5
1782662436535 1.0189046263694763 6
1782662438737 0.9787812874867365 7
1782662440954 0.9411202210646409 8
1782662443191 0.9186114577146677 9
1782662445398 0.8842889758256766 10
1782662447608 0.8496239093633798 11
1782662449789 0.8114776106981131 12
1782662451959 0.7896355803196247 13
1782662454046 0.7583115375958956 14
1782662456261 0.732329377761254 15
1782662458367 0.7081993680733901 16
1782662460486 0.6786399162732638 17
1782662462666 0.6554714624698346 18
1782662464884 0.6280394746707036 19
1782662467079 0.616334658402663 20
1782662469270 0.5851208109122056 21
1782662471457 0.5854721894631019 22
1782662473638 0.5531334051719079 23
1782662475811 0.5252970525851617 24
1782662478005 0.5113144287696252 25
1782662480166 0.4989338585963616 26
1782662482320 0.4895644967372601 27
1782662484499 0.47373174933286816 28
1782662486730 0.47274514115773714 29
1782662488917 0.45340225329765904 30
1782662491044 0.44854713861758894 31
1782662493119 0.4362662686751439 32
1782662495320 0.4335882319853856 33
1782662497594 0.42096155881881714 34
1782662499791 0.4040752947330475 35
1782662501923 0.3955450768654163 36
1782662504063 0.39543453317422134 37
1782662506263 0.37689783022953915 38
1782662508368 0.3858752686243791 39
1782662510510 0.38904788860907924 40
1782662512778 0.3611723024111528 41
1782662515030 0.36178743151518017 42
1782662517122 0.366655361193877 43
1782662519372 0.363497264110125 44
1782662521579 0.3479935366373796 45
1782662523812 0.3486891526442308 46
1782662525993 0.33919013234285206 47
1782662528116 0.3308848234323355 48
1782662530274 0.33857783675193787 49
1782662532519 0.33041624610240644 50
1782662534797 0.3270730949365176 51
1782662537018 0.323074425642307 52
1782662539117 0.3251613538998824 53
1782662541330 0.3183427842763754 54
1782662543583 0.3229873042840224 55
1782662545712 0.33148301106232864 56
1782662547899 0.32112356103383577 57
1782662550097 0.32815635892061085 58
1782662552193 0.3150651248601767 59
1782662554417 0.3088108690885397 60
1782662556621 0.3289877405533424 61
1782662558832 0.3335895652954395 62
1782662561076 0.31351738021923947 63
