1781981540221 1.4572391571142735 1
1781981560989 1.3298712632594965 2
1781981581798 1.2392957302240224 3
1781981603616 1.1717564967962413 4
1781981624995 1.1113125758293347 5
1781981645690 1.0541182634158013 6
1781981666904 1.0027000613701649 7
1781981687918 0.9533194807859567 8
1781981709014 0.9037223397157131 9
1781981729706 0.8582999278337528 10
1781981750625 0.8178533086409936 11
1781981771597 0.7823413320076771 12
1781981792576 0.7508282371056385 13
1781981831092 0.7251702776321998 14
1781981860047 0.6909555945640955 15
1781981881165 0.6724051359372262 16
1781981902278 0.6523264035200461 17
1781981923801 0.6318343220612942 18
1781981944598 0.6120434770217309 19
1781981965409 0.600274573533963 20
1781981986234 0.5848376139616355 21
1781982012688 0.5742255831376101 22
1781982033313 0.5658997396628062 23
1781982054274 0.554478950989552 24
1781982074858 0.5469264395726032 25
1781982095896 0.5347551367221735 26
1781982121780 0.5306809162482237 27
1781982142409 0.5245114587820493 28
1781982167586 0.514449315957534 29
1781982188540 0.5122982385831002 30
1781982209618 0.503734276844905 31
1781982230516 0.4981398230943924 32
1781982253246 0.4872460342370547 33
1781982275057 0.49168204879149413 34
1781982296119 0.4783643766855582 35
1781982316924 0.47888334210102373 36
1781982337306 0.46542577407298946 37
1781982357797 0.46493531725345516 38
1781982378625 0.4660676022370656 39
1781982399558 0.46509095491507113 40
1781982420225 0.4580399967156924 41
1781982440771 0.45993930101394653 42
1781982461287 0.44808314931698334 43
1781982482255 0.44794436525075865 44
1781982503319 0.4450574998672192 45
1781982523808 0.44108913342158 46
1781982544646 0.43932269016901654 47
1781982565357 0.4395096126275185 48
1781982586215 0.4377072377082629 49
1781982606850 0.4355808580533052 50
1781982627576 0.43575366185261655 51
1781982648212 0.42961133749057084 52
1781982668978 0.42413394726239717 53
1781982689998 0.4215006621984335 54
1781982710997 0.42276919957918996 55
1781982732012 0.4191194169032268 56
1781982752851 0.4128043078459226 57
1781982774809 0.41378291447957355 58
1781982797065 0.40876559874950313 59
1781982817887 0.4065350767893669 60
1781982838341 0.411129212532288 61
1781982859094 0.4063625320410117 62
1781982880969 0.4037268864802825 63
1781982901564 0.40702139949187255 64
1781982922176 0.3983858670943823 65
1781982942858 0.39146070908277464 66
1781982963840 0.39792857873134124 67
1781982984927 0.3941611548264821 68
1781983007519 0.4028520079759451 69
1781983029021 0.38961882927478886 70
1781983049823 0.3933579723040263 71
1781983070642 0.39826093728725726 72
1781983091222 0.3866263910745963 73
