1782338309619 1.5601150751113892 1
1782338314054 0.9421871709823608 2
1782338318280 0.7998281908035278 3
1782338322610 0.7598697161674499 4
1782338327024 0.7154220080375672 5
1782338331334 0.6603855443000793 6
1782338335517 0.5909604287147522 7
1782338339767 0.5519188821315766 8
1782338344262 0.527943698167801 9
1782338348486 0.5144360959529877 10
1782338352924 0.48495195746421815 11
1782338357325 0.4707482540607452 12
1782338361809 0.46237117528915406 13
1782338366348 0.44039828300476075 14
1782338370863 0.43679121613502503 15
1782338375332 0.41357858061790465 16
1782338379748 0.41589389443397523 17
1782338384122 0.402800087928772 18
1782338388534 0.39415993094444274 19
1782338393240 0.38656683325767516 20
1782338397831 0.38997899651527407 21
1782338403239 0.3795256698131561 22
1782338407726 0.37887039899826047 23
1782338412014 0.3689633584022522 24
1782338416411 0.36233187675476075 25
1782338420582 0.35781214118003846 26
1782338425025 0.349664962887764 27
1782338429444 0.3433780324459076 28
1782338433709 0.3440235245227814 29
1782338437959 0.3454153573513031 30
1782338442204 0.3401457118988037 31
1782338446512 0.32793987035751343 32
1782338450920 0.3300610041618347 33
1782338455140 0.32295787453651426 34
1782338459587 0.3159798324108124 35
1782338464005 0.3164823704957962 36
1782338468497 0.3130958300828934 37
1782338472931 0.31306154489517213 38
1782338477397 0.30861468136310577 39
1782338481950 0.30535571694374086 40
1782338486287 0.3030902427434921 41
1782338490779 0.30905322313308714 42
1782338495193 0.30367178440093995 43
1782338499516 0.2962152224779129 44
1782338504183 0.3212721598148346 45
1782338508481 0.302444326877594 46
1782338512849 0.2910864293575287 47
1782338517153 0.2849787551164627 48
1782338521593 0.2835936862230301 49
1782338525915 0.287791206240654 50
1782338530253 0.2876368510723114 51
1782338534576 0.27988620579242707 52
1782338539029 0.2796210014820099 53
1782338543295 0.2826929998397827 54
1782338547699 0.28186574816703797 55
1782338551966 0.27711444079875946 56
1782338556133 0.27551683723926546 57
1782338560422 0.28201692759990693 58
1782338564669 0.27622870802879335 59
1782338568989 0.2771244305372238 60
1782338573268 0.2683734238147736 61
1782338577723 0.26554591417312623 62
1782338582160 0.2643332576751709 63
1782338586520 0.2648665624856949 64
1782338590846 0.2736573612689972 65
1782338595091 0.26984755039215086 66
1782338599396 0.2661856532096863 67
1782338603752 0.2650956147909164 68
1782338608047 0.2690807884931564 69
1782338612506 0.2689769721031189 70
1782338616831 0.2628355693817139 71
1782338621164 0.25920661926269534 72
1782338625502 0.2589394462108612 73
1782338629877 0.25823176562786104 74
1782338634414 0.25777314126491546 75
1782338639120 0.25763647496700287 76
1782338643293 0.2593005758523941 77
1782338647548 0.25917361974716185 78
1782338651813 0.2581645405292511 79
1782338656157 0.2620329910516739 80
