1782602565398 1.7979366540908814 1
1782602566481 1.6123032093048095 2
1782602567520 1.5312795877456664 3
1782602568681 1.4533527135848998 4
1782602569757 1.3900248050689696 5
1782602570825 1.3308476209640503 6
1782602571872 1.2812851190567016 7
1782602572937 1.2401785373687744 8
1782602573995 1.2151511192321778 9
1782602575022 1.1814504623413087 10
1782602576097 1.1425880908966064 11
1782602577158 1.1073903560638427 12
1782602578225 1.0767587661743163 13
1782602579336 1.045512843132019 14
1782602580386 1.0271831274032592 15
1782602581428 0.9857675433158875 16
1782602582469 0.9743692994117736 17
1782602583525 0.9416235089302063 18
1782602584579 0.9098554015159607 19
1782602585618 0.8887193322181701 20
1782602586663 0.861256217956543 21
1782602587724 0.8343559980392456 22
1782602588749 0.8053451657295227 23
1782602589824 0.7871976137161255 24
1782602590906 0.7630692601203919 25
1782602591948 0.7311930179595947 26
1782602593028 0.7092895627021789 27
1782602594054 0.6869733929634094 28
1782602595101 0.6593050479888916 29
1782602596141 0.6390784382820129 30
1782602597282 0.6245847344398499 31
1782602598343 0.6041564106941223 32
1782602599378 0.582938289642334 33
1782602600422 0.5685695528984069 34
1782602601476 0.5548198223114014 35
1782602602520 0.5416211128234864 36
1782602603586 0.5275334239006042 37
1782602604629 0.5067139208316803 38
1782602605727 0.4840408444404602 39
1782602606819 0.46310133934020997 40
1782602607894 0.46800270676612854 41
1782602608985 0.4436650574207306 42
1782602610034 0.42915844917297363 43
