1782662927074 1.305654227733612 1
1782662931835 1.1216124672638743 2
1782662936678 1.0138283607206846 3
1782662941457 0.9179860494638744 4
1782662946254 0.8189547908933539 5
1782662950955 0.7255509166341079 6
1782662955754 0.637608423044807 7
1782662960509 0.5632205558450598 8
1782662965317 0.4721654833931672 9
1782662970164 0.4071594955105531 10
1782662975050 0.3447348255860178 11
1782662979773 0.29181836349399465 12
1782662984532 0.25689874589443207 13
1782662989366 0.22972125756113151 14
1782662994110 0.20088027849009163 15
1782662998856 0.18913446915777107 16
1782663003617 0.1720251268462131 17
1782663008382 0.15915411946020627 18
1782663013200 0.15320991940404238 19
1782663017938 0.1428692509469233 20
1782663022776 0.13669109658191078 21
1782663027474 0.13271920814325935 22
1782663032120 0.12799604472361112 23
1782663036885 0.12665522157361633 24
1782663041723 0.12994566795073056 25
1782663046535 0.1194500805515992 26
1782663051289 0.11721554986740414 27
1782663056160 0.11281668630085494 28
1782663060895 0.11248485881247018 29
1782663065790 0.11244705868394751 30
1782663070630 0.1095923132410175 31
