1779385337286 0.754201147377491 1
1779385389009 0.35473855715990066 2
1779385443316 0.30553181001544 3
1779385495737 0.26453577756881713 4
1779385552146 0.2561350619792938 5
1779385605487 0.24289267280697824 6
1779385659256 0.22602556197345255 7
1779385711801 0.21296377930045127 8
1779385763615 0.2113114182204008 9
1779385815902 0.20511639630794526 10
1779385869145 0.2080276730656624 11
1779385927484 0.194935906291008 12
1779385978222 0.1934146717712283 13
1779386029702 0.1909261048436165 14
1779386085466 0.18655754332244395 15
1779386137596 0.18617473495006562 16
1779386189369 0.18417554430663585 17
1779386238960 0.18119601979851724 18
1779386287518 0.1813181976675987 19
1779386339592 0.1833608781248331 20
