1782595775288 1.556029200553894 1
1782595776743 1.450973317027092 2
1782595778192 1.4076087772846222 3
1782595779678 1.3804757446050644 4
1782595781121 1.365971326828003 5
1782595782584 1.343041256070137 6
1782595784036 1.3220898360013962 7
1782595785440 1.3056848794221878 8
1782595786966 1.2962061911821365 9
1782595788474 1.2904081642627716 10
1782595789927 1.2610531002283096 11
1782595791472 1.2438633888959885 12
1782595792971 1.2253426611423492 13
1782595794349 1.2121149152517319 14
1782595795769 1.212574228644371 15
1782595797522 1.1968164891004562 16
1782595799029 1.1749673187732697 17
1782595800547 1.164857104420662 18
1782595801989 1.1432164758443832 19
1782595806941 1.135786533355713 20
1782595808411 1.1543751955032349 21
1782595809835 1.123280793428421 22
1782595811308 1.1124285459518433 23
1782595812814 1.0897494554519653 24
1782595814332 1.0674307346343994 25
1782595815844 1.0609532371163368 26
1782595817367 1.0350797474384308 27
1782595818841 1.0339600071310997 28
1782595820291 1.0080910623073578 29
1782595821851 1.0041621178388596 30
1782595823247 0.9941447004675865 31
1782595824661 0.9754756912589073 32
1782595826118 0.9544407054781914 33
1782595827610 0.9499933943152428 34
1782595829156 0.938612088561058 35
1782595830696 0.929038017988205 36
1782595832065 0.9220166206359863 37
1782595833502 0.8960810080170631 38
1782595834975 0.883017398416996 39
1782595836445 0.8863710761070251 40
1782595837992 0.8787573352456093 41
1782595839455 0.8694745972752571 42
1782595840889 0.846579059958458 43
1782595842371 0.8529406040906906 44
1782595843794 0.8232167735695839 45
1782595845199 0.8071672916412354 46
1782595846634 0.7932655438780785 47
1782595848026 0.806229442358017 48
1782595849398 0.7834873273968697 49
1782595850830 0.7968956455588341 50
1782595852297 0.7624110132455826 51
1782595853767 0.7532188221812248 52
1782595855194 0.747065581381321 53
1782595856622 0.7326177284121513 54
1782595858100 0.7339548692107201 55
1782595859555 0.716286338865757 56
1782595861108 0.7048501372337341 57
1782595862574 0.7058908566832542 58
1782595864080 0.696428582072258 59
1782595865569 0.6838077455759048 60
1782595866966 0.6682941243052483 61
1782595868420 0.6737540662288666 62
1782595869980 0.6617017909884453 63
1782595871451 0.6570366621017456 64
1782595872852 0.6462158411741257 65
1782595874306 0.6332151517271996 66
1782595875754 0.6375976949930191 67
1782595877179 0.6312105506658554 68
1782595878726 0.6263546347618103 69
1782595880303 0.6225015744566917 70
