1782651220232 1.3519786871396577 1
1782651222601 1.239320764174828 2
1782651224891 1.1946096328588633 3
1782651227244 1.15313026538262 4
1782651229518 1.1176092532964854 5
1782651231783 1.0844725691355193 6
1782651234076 1.0621259487592256 7
1782651236350 1.0353053945761461 8
1782651238665 1.0095988878837 9
1782651241020 0.9846329138829157 10
1782651243349 0.962221833375784 11
1782651245678 0.937978982925415 12
1782651248020 0.9187690523954538 13
1782651250269 0.8930585888715891 14
1782651252591 0.8785885526583745 15
1782651254880 0.8661415301836454 16
1782651261850 0.8489984549008883 17
1782651264176 0.8241829046836266 18
1782651266493 0.8027849197387695 19
1782651268831 0.7877471217742333 20
1782651271108 0.7755292470638568 21
1782651273416 0.7609686759802011 22
1782651275728 0.7373895461742694 23
1782651278029 0.7250805818117582 24
1782651280356 0.7148430668390714 25
1782651282744 0.6989641281274649 26
1782651285096 0.6844295171590952 27
1782651287439 0.6735353607397813 28
1782651289785 0.6638510410602276 29
1782651292042 0.6436070799827576 30
1782651294398 0.6304698036267207 31
1782651296745 0.6269126580311701 32
1782651299030 0.6210821546041049 33
