1782655571020 2.717600362054233 1
1782655586861 2.482638753693679 2
1782655602154 2.2903447315610688 3
1782655617714 2.091847695153335 4
1782655633602 1.893675261530383 5
1782655649183 1.7036945285468266 6
1782655665048 1.5255640169669842 7
1782655681165 1.3630434767953281 8
1782655696714 1.2326230468421147 9
1782655711623 1.127604184479549 10
1782655727217 1.0443436071790497 11
1782655743267 0.9775789421180199 12
1782655759733 0.9215137732440027 13
1782655776063 0.877719614012488 14
1782655791529 0.8337810162840218 15
1782655807150 0.7980287445002588 16
1782655823201 0.7672092195214897 17
1782655838398 0.7358542598527054 18
1782655854149 0.7095657648711369 19
1782655869722 0.6885811316555944 20
1782655885350 0.6701671912752348 21
1782655901080 0.6484672529944058 22
