1776806982732 1.4487322244644165 1
1776807065315 1.1139667325019837 2
1776807147890 0.9153842368125915 3
1776807230560 0.5516171569824219 4
1776807312747 0.30367627477645875 5
1776807396304 0.2525130931735039 6
1776807479111 0.23408534634113312 7
1776807561393 0.22611307433247566 8
1776807643576 0.2144189904630184 9
1776807725963 0.2127214145064354 10
1776807808418 0.2086531740128994 11
1776807890852 0.20673705711960794 12
1776807973231 0.20246977716684342 13
1776808055669 0.20072453278303146 14
1776808138023 0.1972021419405937 15
