1782663091937 2.3358125388622284 1
1782663099556 2.1772897044817605 2
1782663106989 2.0646445751190186 3
1782663115053 1.9587292522192001 4
1782663122620 1.8475214739640553 5
1782663130205 1.7228326102097828 6
1782663137808 1.5812585999568303 7
1782663145204 1.448380654056867 8
1782663153329 1.3100483616193135 9
1782663161240 1.1729162633419037 10
1782663168623 1.0524578094482422 11
1782663176501 0.9517154395580292 12
1782663184071 0.8623358805974325 13
1782663191320 0.7883850435415903 14
1782663199222 0.7170710588494936 15
1782663206753 0.6532033880551656 16
1782663214185 0.5922160496314367 17
1782663221985 0.5401088545719782 18
1782663229332 0.4883246533572674 19
1782663237811 0.4403146679202716 20
1782663245217 0.4039115918179353 21
1782663252753 0.36723238974809647 22
1782663260056 0.3357601749400298 23
1782663267691 0.30757449318965274 24
1782663275681 0.28464533512790996 25
1782663282813 0.2638571262359619 26
1782663290882 0.2439988615612189 27
1782663298277 0.2284298079709212 28
1782663305481 0.22010446029404798 29
1782663313285 0.211094930768013 30
1782663320729 0.20044129838546118 31
1782663328101 0.19334964205821356 32
1782663335100 0.18404126601914564 33
1782663342386 0.17698881216347218 34
1782663349793 0.17175190026561418 35
1782663356990 0.16759426270922026 36
1782663364142 0.1634641302128633 37
1782663372537 0.15625207188228765 38
1782663380449 0.15220368839800358 39
1782663387629 0.1482071029022336 40
1782663395434 0.14842910567919412 41
1782663403129 0.1437890687957406 42
1782663410358 0.14110678310195604 43
1782663417660 0.13881440026064715 44
1782663424935 0.1358548408995072 45
1782663432331 0.13371842975417772 46
1782663439837 0.1321284178023537 47
1782663446957 0.1328534067918857 48
1782663454272 0.13387526602794728 49
1782663461325 0.133348290498058 50
