1782695284606 3.454827776976994 1
1782695316809 3.2789351855005537 2
1782695351729 3.093007709298815 3
1782695396180 2.896561179842268 4
1782695441983 2.682887690407889 5
1782695477267 2.4538629736219133 6
1782695519065 2.2110983644212996 7
1782695555053 1.974568200962884 8
1782695590436 1.7699017865317208 9
1782695626019 1.5923801532813482 10
1782695671567 1.4571722149848938 11
1782695710293 1.3564771498952592 12
1782695746203 1.2881512769630976 13
1782695783605 1.2362552072320665 14
1782695819117 1.2032614137445177 15
1782695855148 1.1709427280085427 16
1782695889719 1.1536642185279302 17
1782695926490 1.1409436081136977 18
1782695966368 1.122639047248023 19
1782696002989 1.110750628369195 20
1782696038080 1.0984662004879542 21
1782696076072 1.0919886912618364 22
1782696120365 1.0814402060849326 23
1782696155559 1.0751215943268366 24
1782696198242 1.0730270913669042 25
1782696248255 1.0639727924551283 26
