1783008333222 1.1575188762263249 1
1783008338368 0.9892115655698275 2
1783008343473 0.8968818344567951 3
1783008348671 0.8066772206833488 4
1783008353769 0.7167176682698099 5
1783008358803 0.6292062542940441 6
1783008363861 0.5469324627989217 7
1783008369011 0.4765527389551464 8
1783008374119 0.4090878367424011 9
1783008379144 0.347344823573765 10
1783008385358 0.2974840175164373 11
1783008390391 0.2582424753590634 12
1783008395417 0.22381250834778735 13
1783008400599 0.20786630205417933 14
1783008405728 0.18420357649263583 15
1783008410822 0.16474094555566185 16
1783008415857 0.15681979432702065 17
1783008421085 0.14553555101156235 18
1783008426261 0.13859206987054726 19
1783008431400 0.1373458339979774 20
1783008436525 0.12940261983557752 21
1783008441579 0.12588007238350415 22
1783008446747 0.12271933453647714 23
1783008451988 0.12029071328671355 24
1783008457161 0.12168100280197043 25
1783008462291 0.11875261307546967 26
1783008467527 0.12305449635574692 27
1783008472612 0.115102012494677 28
1783008477659 0.10930706717466053 29
1783008482773 0.10891509193338846 30
1783008487897 0.10881344758366283 31
1783008493092 0.10713896076930196 32
1783008504216 0.10941072965138837 33
1783008509303 0.10877412479174764 34
1783008514419 0.10450278595089912 35
1783008519441 0.10363026963252771 36
1783008524579 0.10344862114442022 37
1783008529799 0.10280112981011993 38
1783008534972 0.09819320981439791 39
1783008540083 0.10019188060572273 40
1783008545196 0.0993737131357193 41
1783008550313 0.09749217194161917 42
1783008555332 0.09762130854161162 43
1783008560394 0.10184829701718531 44
1783008565415 0.10282453816188009 45
1783008570509 0.0974342550494169 46
1783008575504 0.09663008329899687 47
1783008580602 0.09763389041549281 48
1783008585841 0.0949382521212101 49
1783008590982 0.09447477953998666 50
1783008596142 0.09424354116383352 51
1783008601310 0.09569472525464862 52
1783008606408 0.0963005076505636 53
1783008611475 0.0936195711164098 54
1783008616672 0.09656523599436409 55
1783008621736 0.09608955838178333 56
1783008626924 0.09566231679759528 57
1783008632138 0.09503952119695513 58
1783008637473 0.09824562778598384 59
1783008642504 0.09821262739990887 60
1783008647535 0.09197943775277388 61
1783008652609 0.09203772325264781 62
