1781110937067 1.6170648431777954 1
1781110941267 1.5945811462402344 2
1781110945555 1.496415557861328 3
1781110949873 1.2042364931106568 4
1781110954128 1.057000026702881 5
1781110958377 1.0273343229293823 6
1781110962604 1.0143215370178222 7
1781110967009 1.0071037530899047 8
1781110971031 1.0029283142089844 9
1781110975960 1.0004961395263672 10
1781110980917 0.998966703414917 11
1781110985464 0.9980480098724365 12
1781110990044 0.9970797228813172 13
1781110994811 0.9964449429512023 14
1781110999537 0.9953860545158386 15
1781111003957 0.9941527938842774 16
1781111008851 0.9934496998786926 17
1781111013345 0.9921470069885254 18
1781111018232 0.9908635878562927 19
1781111023065 0.9892713809013367 20
1781111027713 0.9873493266105652 21
1781111032380 0.9850654006004333 22
1781111037001 0.9826185226440429 23
1781111043870 0.9796066117286683 24
1781111048705 0.97625164270401 25
1781111053301 0.9726375675201416 26
1781111057775 0.9689273738861084 27
1781111062539 0.9641310381889343 28
1781111066906 0.9584316825866699 29
1781111071524 0.9514951705932617 30
1781111075915 0.9442103481292725 31
1781111080656 0.9389196729660034 32
1781111085047 0.9348847270011902 33
1781111089636 0.9320913481712342 34
1781111094359 0.9295528841018676 35
1781111098963 0.9270668029785156 36
1781111103591 0.9247817397117615 37
1781111108188 0.9227619409561157 38
1781111112949 0.9209323620796204 39
1781111117753 0.9190923380851745 40
1781111122312 0.9175601434707642 41
1781111127195 0.9160486555099487 42
1781111131525 0.9152436017990112 43
1781111136292 0.9141575860977172 44
1781111140876 0.9135592746734619 45
1781111145428 0.9124592685699463 46
1781111149915 0.9116574764251709 47
1781111154423 0.9108851194381714 48
1781111158948 0.9100885629653931 49
1781111163861 0.9094063997268677 50
1781111168211 0.9090440893173217 51
1781111172747 0.908085105419159 52
1781111176679 0.9074641847610474 53
1781111181191 0.9066925525665284 54
1781111185733 0.9065365290641785 55
1781111190262 0.9054837846755981 56
1781111194551 0.9051258015632629 57
1781111199405 0.904737515449524 58
1781111204009 0.9039750647544861 59
1781111208757 0.9035807800292969 60
1781111213492 0.903023419380188 61
1781111218468 0.9025664019584656 62
1781111223176 0.9021830081939697 63
1781111227934 0.9017632412910461 64
1781111232847 0.9009873032569885 65
1781111237388 0.9006386971473694 66
1781111241766 0.9002197527885437 67
1781111246232 0.8995936751365662 68
1781111250498 0.8991872715950012 69
1781111255013 0.8988976645469665 70
1781111259384 0.8981739807128907 71
1781111264133 0.897666380405426 72
1781111268561 0.8972692370414734 73
1781111273427 0.8968448829650879 74
1781111277853 0.8959317231178283 75
1781111282794 0.8953686833381653 76
1781111287494 0.8946698665618896 77
1781111292335 0.8940083432197571 78
1781111297147 0.8931709933280945 79
1781111301709 0.8927911734580993 80
1781111306245 0.8922062039375305 81
1781111311182 0.8910722804069519 82
1781111315775 0.8905506253242492 83
1781111320450 0.8901450777053833 84
1781111325101 0.8891310691833496 85
1781111329653 0.8888411045074462 86
1781111334241 0.8886929965019226 87
1781111338916 0.8878835654258728 88
1781111343638 0.887507209777832 89
1781111350315 0.8877588796615601 90
1781111356298 0.8862337851524353 91
1781111360785 0.8858121252059936 92
1781111365533 0.8856346607208252 93
1781111370058 0.8849870848655701 94
1781111374907 0.8843967723846435 95
1781111379719 0.8837137842178344 96
1781111384234 0.8835363507270813 97
1781111388958 0.8835615420341492 98
1781111393520 0.8828885722160339 99
1781111397955 0.8819106531143188 100
