1780861287664 1.3053260888808813 1
1780861310347 1.0662538363383367 2
1780861333036 1.0411764918229518 3
1780861355106 1.022942677522317 4
1780861377102 1.006205908763103 5
1780861399229 0.9947694112093021 6
1780861421299 0.9883275780922327 7
1780861443681 0.9779965877532959 8
1780861466509 0.9718563526104658 9
1780861488895 0.9720863516514118 10
1780861511137 0.9686224903815832 11
1780861533881 0.969075436775501 12
1780861556250 0.9686482946077982 13
1780861578851 0.9584137063760024 14
1780861601383 0.9610602198502957 15
1780861624147 0.957329762287629 16
1780861647007 0.9489952004872836 17
1780861669274 0.9438359080216824 18
1780861692448 0.9349971046814551 19
1780861714679 0.9310255768971566 20
1780861737186 0.9098531833061805 21
1780861760048 0.9059324050560976 22
1780861782687 0.8952353718953255 23
1780861805247 0.8935312919127636 24
1780861828418 0.8930565409171276 25
1780861851341 0.8752077053754758 26
1780861873680 0.8591772761100378 27
1780861895968 0.8574793201226455 28
1780861918227 0.8484521477650373 29
1780861940445 0.8345047953801278 30
1780861962849 0.8215740552315345 31
1780861984955 0.8263379365969927 32
1780862007239 0.8108803675724909 33
1780862029985 0.808429799018762 34
1780862053000 0.7800832253236037 35
1780862076587 0.7612684812301245 36
1780862100585 0.751080986780998 37
1780862123264 0.7394316685505402 38
1780862145995 0.7296431844051068 39
1780862168258 0.7107387016981076 40
1780862192011 0.699478588043115 41
1780862215304 0.6862500065412277 42
1780862238629 0.6720073895576673 43
1780862261856 0.6607723037401835 44
1780862284333 0.657672568773612 45
1780862307211 0.6379330219366611 46
1780862330434 0.6397525469462076 47
1780862352541 0.6084829950943972 48
1780862375384 0.6307990291179755 49
1780862397380 0.5950002716137812 50
1780862421308 0.6093492492651328 51
1780862443661 0.6161840191254249 52
1780862466397 0.5801529739147577 53
1780862488984 0.5738923855316944 54
1780862510928 0.5772394285752223 55
1780862533787 0.5562222034503252 56
1780862556265 0.5451557506353427 57
1780862579286 0.5482285412458273 58
1780862602000 0.5384160127395239 59
1780862623963 0.5553470146961701 60
