1782759040882 2.717600362054233 1
1782759060326 2.4826387865790007 2
1782759076593 2.2903447480037293 3
1782759091947 2.0918477074853303 4
1782759107302 1.8936752820837086 5
1782759123601 1.7036945367681569 6
1782759139348 1.525564008745654 7
1782759155049 1.3630434562420022 8
1782759170912 1.2326230468421147 9
1782759186814 1.1276041885902142 10
1782759202091 1.0443436195110452 11
1782759217578 0.9775789523946827 12
1782759232379 0.9215137752993353 13
1782759248337 0.8777196222338183 14
1782759266030 0.8337810101180241 15
1782759281295 0.7980287403895937 16
1782759296539 0.7672092154108244 17
1782759312277 0.7358542660187031 18
1782759327302 0.7095657607604717 19
1782759342189 0.6885811296002619 20
1782759357350 0.6701671933305675 21
1782759372900 0.6484672509390732 22
1782759389330 0.626312699811212 23
1782759405254 0.6070784946967815 24
1782759421128 0.5845656066105284 25
1782759436159 0.5667767093099397 26
1782759452833 0.5575625711473925 27
1782759469938 0.5439872823912522 28
1782759486278 0.5340255159756233 29
1782759512154 0.5239977785225572 30
1782759528796 0.5163083107307039 31
1782759545131 0.5124714199838967 32
1782759561057 0.5077956709368475 33
1782759577668 0.5040764520908224 34
1782759593259 0.49596075765017805 35
1782759615461 0.49418534595390845 36
1782759630702 0.48795232485080586 37
1782759646334 0.48479820428223447 38
1782759661886 0.48130604830281487 39
1782759678093 0.4780886759018076 40
1782759693855 0.4795675267433298 41
1782759709757 0.4800035059452057 42
1782759724744 0.4757101176113918 43
1782759739702 0.4732782624918839 44
1782759754893 0.46998510484037725 45
1782759770055 0.47190192855637647 46
1782759785103 0.4690367014243685 47
1782759800047 0.4633869282130537 48
1782759815775 0.461108528334519 49
1782759831466 0.4642885522595767 50
1782759846320 0.46436283197896233 51
1782759861976 0.46008251042201603 52
1782759877101 0.4593404757565466 53
1782759892561 0.4572140708051879 54
1782759907676 0.45598225346926985 55
1782759927135 0.45698951338899546 56
1782759942659 0.45655539631843567 57
1782759961942 0.45492370786338016 58
1782759978018 0.4523654456796317 59
1782759993500 0.45386956580753984 60
1782760009139 0.4507582547335789 61
1782760024985 0.45511337087072173 62
1782760040782 0.4520423402046335 63
1782760056667 0.4502735723709238 64
1782760072205 0.448775138320594 65
1782760087784 0.44565537469140415 66
1782760103165 0.44840786683148354 67
1782760117866 0.44746471273488014 68
1782760134901 0.44664153662221184 69
1782760149819 0.4483251787465194 70
