1782602277322 1.322674953020536 1
1782602279414 1.1906194320091834 2
1782602281464 1.1114408052884615 3
1782602283600 1.067882125194256 4
1782602285721 1.0209183647082403 5
1782602287888 0.9844835171332726 6
1782602289996 0.9561323798619784 7
1782602292131 0.9246645019604609 8
1782602294381 0.8881572530819819 9
1782602296712 0.8566581927813016 10
1782602298836 0.8224314267818744 11
1782602300906 0.7934582416827862 12
1782602303070 0.7627889376420242 13
1782602305238 0.7412110291994535 14
1782602307466 0.7129588723182678 15
1782602309567 0.6922557858320383 16
1782602311682 0.6655933994513291 17
1782602313753 0.6492080642626836 18
1782602315922 0.630354995910938 19
1782602318065 0.6071505133922284 20
1782602320185 0.5906960184757526 21
1782602322354 0.5799757173428168 22
1782602324498 0.5528221497168908 23
1782602326693 0.5275081052229955 24
1782602328871 0.5100393639161036 25
1782602331014 0.4976751185380496 26
1782602333095 0.48258269750154936 27
1782602335260 0.47274423104066116 28
1782602337442 0.4553879155562474 29
1782602339597 0.45011258583802444 30
1782602341768 0.44996495888783383 31
1782602343828 0.43555423617362976 32
1782602346016 0.42657990409777713 33
