1782329378438 1.5135031652450561 1
1782329382824 1.4697697591781616 2
1782329387264 1.4099892616271972 3
1782329391974 1.3724825859069825 4
1782329396279 1.3614379835128785 5
1782329400733 1.331958794593811 6
1782329406471 1.2816924285888671 7
1782329410962 1.2499060773849486 8
1782329417481 1.239317774772644 9
1782329421965 1.2105573844909667 10
1782329426583 1.1599378776550293 11
1782329431033 1.127688250541687 12
1782329435600 1.1172643041610717 13
1782329439947 1.0888893175125123 14
1782329444196 1.041036434173584 15
1782329448719 1.0099787139892578 16
1782329453655 0.9995364880561829 17
1782329458261 0.974861478805542 18
1782329462797 0.9298162078857422 19
1782329467107 0.8998775243759155 20
1782329471475 0.8903270792961121 21
1782329475924 0.8648444747924805 22
1782329480840 0.8233299493789673 23
1782329494882 0.7959070062637329 24
1782329499085 0.7880229473114013 25
1782329503316 0.7653252601623535 26
1782329507712 0.7307159113883972 27
1782329512338 0.7062695813179016 28
1782329516527 0.6963986015319824 29
1782329520797 0.6777597546577454 30
1782329525178 0.6476738929748536 31
1782329529675 0.6260979914665222 32
1782329534042 0.6190676045417786 33
1782329538542 0.6047211074829102 34
1782329543025 0.5819521021842956 35
1782329547246 0.5626370787620545 36
1782329551679 0.5575310695171356 37
1782329556097 0.5484278416633606 38
1782329560242 0.526307418346405 39
1782329564422 0.5138204443454742 40
1782329568551 0.5118581354618073 41
1782329572947 0.5019165933132171 42
1782329577477 0.4920532727241516 43
1782329581848 0.47934139966964723 44
1782329586232 0.474650958776474 45
1782329590773 0.46898247599601744 46
1782329595197 0.463472421169281 47
1782329599794 0.45343138933181765 48
1782329604477 0.44951400279998777 49
1782329608824 0.44831950902938844 50
1782329613447 0.4402424395084381 51
1782329617486 0.4339826416969299 52
1782329622049 0.4321937096118927 53
1782329626609 0.43296185493469236 54
1782329630928 0.4280984055995941 55
1782329635369 0.42321165204048156 56
1782329639851 0.41698835968971254 57
1782329644414 0.41397891044616697 58
1782329648715 0.4171863794326782 59
1782329652829 0.40648690819740296 60
1782329657312 0.405130912065506 61
1782329661695 0.4062169623374939 62
1782329666215 0.40139777898788453 63
1782329670601 0.39767341017723085 64
1782329674944 0.39376123547554015 65
1782329679190 0.3977867388725281 66
1782329683576 0.39639784216880797 67
1782329688116 0.39088181018829343 68
1782329692531 0.3861545205116272 69
1782329697134 0.3893178308010101 70
1782329701338 0.3917465567588806 71
1782329705791 0.38428274273872376 72
1782329710233 0.38123562693595886 73
1782329715051 0.38632517218589785 74
1782329729348 0.38526887536048887 75
1782329733775 0.37993295192718507 76
1782329738133 0.381037300825119 77
1782329742260 0.3822506475448608 78
