1781907534879 1.4050482205855541 1
1781907555305 1.3080795942208705 2
1781907575743 1.2348166153981135 3
1781907596250 1.1625777635818872 4
1781907616631 1.090420594582191 5
1781907637177 1.0297316328073158 6
1781907657557 0.9695986234224759 7
1781907678080 0.9219726706162478 8
1781907698421 0.8703558628375714 9
1781907718930 0.8317392942232963 10
1781907739401 0.7928902965325576 11
1781907759805 0.7573275963465372 12
1781907780408 0.7280101806689532 13
1781907800775 0.7051202211624537 14
1781907821463 0.6746290494234134 15
1781907842046 0.6575859999045347 16
1781907862621 0.6392972897260617 17
1781907883155 0.625862703873561 18
1781907903217 0.6081180373827616 19
1781907924688 0.5942904337858542 20
1781907945088 0.5821499671691504 21
1781907965456 0.578392451390242 22
1781907985785 0.566306974643316 23
1781908006162 0.5566731653152368 24
1781908026682 0.5419886715901203 25
1781908047117 0.5418749382862678 26
1781908067638 0.5328940046139252 27
1781908088449 0.5280367372891842 28
1781908110640 0.5233209408246554 29
1781908131682 0.5130096108485491 30
1781908152394 0.5063440027909402 31
1781908172667 0.5091808377168118 32
1781908193109 0.4963772533795772 33
1781908216335 0.49134495013799423 34
1781908240054 0.48588981613134724 35
1781908260777 0.4841200992082938 36
1781908287109 0.4733149500993582 37
1781908324584 0.468496683316353 38
1781908345360 0.470800097936239 39
1781908366186 0.4677619307469099 40
1781908386468 0.4619215482320541 41
1781908406795 0.4598359106442867 42
1781908427581 0.4580164597584651 43
1781908447945 0.4543369702803783 44
1781908478598 0.4551418171479152 45
1781908501736 0.44698517215557587 46
1781908523516 0.4451292470479623 47
