1779917907086 1.4452762746810912 1
1779917911032 1.0341384673118592 2
1779917914902 0.8909512948989868 3
1779917918707 0.8059484601020813 4
1779917922461 0.7208946633338928 5
1779917926320 0.6877104210853576 6
1779917930171 0.6661786031723023 7
1779917933951 1.1791000270843506 8
1779917937690 0.7575226902961731 9
1779917941541 0.7292019724845886 10
1779917945368 0.7174000787734985 11
1779917954518 0.7051740503311157 12
1779917958326 0.6938025856018066 13
1779917962034 0.6809507942199707 14
1779917965987 0.6749523115158081 15
1779917969776 0.6617160129547119 16
1779917973618 0.6502117085456848 17
1779917977491 0.6374936723709106 18
1779917981254 0.6350216102600098 19
1779917985028 0.6276083159446716 20
1779917988808 0.6232831072807312 21
1779917992651 0.6188206052780152 22
1779917996455 0.615874502658844 23
1779918000256 0.6107372093200684 24
1779918004100 0.6052907252311707 25
1779918007979 0.5924605250358581 26
1779918011839 0.5962820601463318 27
1779918015585 0.5897035813331604 28
1779918019359 0.5829272246360779 29
1779918023141 0.5756700336933136 30
