1782668149369 1.5409071066162803 1
1782668156290 1.2918275513432242 2
1782668162965 1.0273477760228245 3
1782668169502 0.825317079370672 4
1782668176187 0.673822978680784 5
1782668182621 0.560863809152083 6
1782668189077 0.46942016075957904 7
1782668195819 0.39287867735732684 8
1782668202228 0.3316501927646724 9
1782668208707 0.28411479260433803 10
1782668215304 0.2506741664626382 11
1782668221747 0.2204030074856498 12
1782668228126 0.20420925217595967 13
1782668234482 0.18928561054847456 14
1782668241048 0.17835915596647697 15
1782668247570 0.17084863578731363 16
1782668253947 0.16303014755249023 17
1782668260285 0.156884643164548 18
1782668266689 0.15120680460875685 19
1782668273280 0.14701330170712687 20
1782668279729 0.14315370114689524 21
1782668286326 0.13905931602824817 22
1782668292755 0.13793939470567487 23
1782668299249 0.13514021851799704 24
1782668305737 0.13305200890383936 25
1782668312265 0.12947226451201874 26
1782668318602 0.12743208726698702 27
1782668325059 0.12369592216881839 28
1782668331544 0.12588610263033348 29
1782668338050 0.12238995324481618 30
1782668344417 0.12004201131110842 31
1782668350999 0.11916013163599101 32
1782668357368 0.11620576425709507 33
1782668363715 0.11752818270840427 34
1782668370275 0.11646227199922908 35
1782668376653 0.11429068971086633 36
1782668383311 0.11175245859406212 37
1782668389580 0.11055662533776327 38
1782668396097 0.11192486536773769 39
1782668402467 0.11067398078739643 40
1782668408829 0.10924717005003583 41
1782668415138 0.10979922606863758 42
1782668421441 0.10686705007471821 43
1782668427792 0.10557233203541148 44
1782668434254 0.10513854788785632 45
1782668440733 0.10587728260592981 46
1782668447278 0.10325906662778421 47
1782668453857 0.10559009557420557 48
1782668460267 0.10319378260861743 49
1782668466900 0.1017927634106441 50
1782668473329 0.10180183313786983 51
1782668479699 0.10106624256480824 52
1782668486319 0.10118192518976601 53
1782668492867 0.09858873063190417 54
1782668499418 0.09886171804233031 55
1782668505834 0.09702166728675365 56
1782668512333 0.09767949919808995 57
1782668518974 0.09625286778265779 58
1782668525656 0.09640367142856121 59
1782668532100 0.09626773016696627 60
1782668538807 0.09529481574215672 61
1782668545297 0.09508039616048336 62
1782668551787 0.09402436576783657 63
1782668558313 0.09426483511924744 64
1782668564758 0.09455904686315493 65
1782668571411 0.09495431337166917 66
