1782082561315 1.5866512060165405 1
1782082565411 1.239935314655304 2
1782082569502 0.538218160867691 3
1782082573563 0.4361330556869507 4
1782082577639 0.4178977203369141 5
1782082581743 0.4026915729045868 6
1782082585847 0.3771266424655914 7
1782082590003 0.3415217053890228 8
1782082594172 0.3379081130027771 9
1782082598330 0.3296380066871643 10
1782082602543 0.3283102262020111 11
1782082606700 0.298901863694191 12
1782082610829 0.291535524725914 13
1782082614991 0.2961114031076431 14
1782082619198 0.3066467374563217 15
1782082623473 0.2882675564289093 16
1782082627666 0.27664117991924286 17
1782082631797 0.28437903702259065 18
1782082635950 0.2826301419734955 19
1782082639989 0.26721382439136504 20
1782082644098 0.2646721202135086 21
1782082648221 0.2670170456171036 22
1782082652388 0.2678864651918411 23
1782082656544 0.25901191651821137 24
1782082660676 0.25580005288124086 25
1782082664838 0.25791762948036195 26
1782082668971 0.25486684262752535 27
1782082673083 0.2490389686822891 28
1782082677265 0.2472598969936371 29
1782082681378 0.25343895018100737 30
1782082685515 0.2596110951900482 31
1782082689617 0.24841967105865478 32
1782082693807 0.24336664974689484 33
1782082697908 0.24680487632751466 34
1782082702016 0.2502066594362259 35
1782082706176 0.24422735154628752 36
1782082710308 0.23823022782802583 37
1782082714397 0.24053405344486237 38
1782082718549 0.25716743409633636 39
1782082722711 0.24267759919166565 40
1782082726880 0.23704680025577546 41
1782082731073 0.24529898405075073 42
1782082735353 0.24143890380859376 43
1782082739561 0.23605338275432586 44
1782082743680 0.23364919006824494 45
1782082748004 0.2350428056716919 46
1782082752139 0.24712762355804443 47
1782082756240 0.24058727860450746 48
1782082760393 0.23479766964912416 49
1782082764476 0.24162353098392486 50
