1782651805341 2.4014693399270377 1
1782651813714 2.252472629149755 2
1782651822314 2.1009823977947235 3
1782651831343 1.9462906221548717 4
1782651844827 1.7997283538182576 5
1782651853394 1.651691863934199 6
1782651861858 1.505864794055621 7
1782651870387 1.364752213160197 8
1782651878921 1.2362495909134548 9
1782651887156 1.117224246263504 10
1782651896906 1.0102645556132 11
1782651905650 0.9155529886484146 12
1782651913849 0.8304237822691599 13
1782651921902 0.7557779004176458 14
1782651929637 0.6846130887667338 15
1782651937942 0.619112141430378 16
1782651946641 0.556697778403759 17
1782651955064 0.501134105026722 18
1782651963126 0.45023104424277943 19
1782651971835 0.40403298785289127 20
1782651980013 0.3543006554245949 21
1782651988035 0.3162209900716941 22
1782651996310 0.29337553555766743 23
1782652005452 0.2664009841779868 24
1782652013846 0.24318434856832027 25
1782652022431 0.22465388352672258 26
1782652031848 0.21031579996148744 27
1782652043249 0.20303908362984657 28
1782652053056 0.19015362982948622 29
1782652062165 0.18401458052297434 30
1782652071276 0.17355658548573652 31
1782652080497 0.1640381688872973 32
1782652089751 0.15912840453286967 33
1782652098169 0.15226831628630558 34
1782652106303 0.14872173064698777 35
1782652114992 0.14468832996984324 36
1782652122863 0.14359132014214993 37
1782652131455 0.13912266679108143 38
1782652139600 0.13638846265772978 39
1782652148459 0.13297783148785433 40
1782652157830 0.13154079609860977 41
1782652165868 0.13122639060020447 42
1782652174743 0.13095071570326886 43
1782652183029 0.1278137331828475 44
