1781193806700 1.2045554698459686 1
1781193823877 1.0304671242123558 2
1781193838246 1.0033337133271354 3
1781193853437 0.775073113895598 4
1781193869110 0.5721011242223164 5
1781193886017 0.5195544276918683 6
1781193901774 0.44963596169910736 7
1781193917291 0.41134478411977254 8
1781193932311 0.40085270007451373 9
1781193948525 0.3824922617465731 10
1781193964078 0.3627103382632846 11
1781193979041 0.36391978888284593 12
1781193995414 0.34368642833497787 13
1781194011218 0.323472840918435 14
1781194027002 0.31361689051938435 15
1781194042788 0.311818361518875 16
1781194058919 0.303778439050629 17
1781194076176 0.2852062292042233 18
1781194091217 0.2779623754913845 19
1781194106779 0.2815577851401435 20
1781194122841 0.2745434372198014 21
1781194138612 0.2725767039117359 22
1781194156070 0.25917539047816446 23
1781194171000 0.2576460079068229 24
1781194186820 0.2507094047845356 25
1781194201616 0.24396847330388569 26
1781194216301 0.24850200329508101 27
1781194231500 0.23997303867150868 28
1781194246465 0.2483805070320765 29
1781194263589 0.24146373073259988 30
1781194279620 0.23343292493668813 31
1781194293958 0.23570310974877978 32
1781194310089 0.22793264758019222 33
1781194325331 0.2336419950875025 34
1781194340222 0.22983510532076395 35
1781194356150 0.2300059911277559 36
1781194373043 0.22724296176244344 37
1781194388281 0.2202432963346678 38
1781194403236 0.22504969296001254 39
1781194418445 0.2298980215712199 40
1781194434860 0.22958671053250632 41
1781194449010 0.22148472094346608 42
1781194464475 0.21707212877652002 43
1781194480679 0.22172402909823827 44
1781194495710 0.21682171570876288 45
1781194510516 0.22373237945730723 46
1781194526133 0.20915983605479438 47
1781194542389 0.21021867886422171 48
1781194557417 0.2097015068644569 49
1781194574011 0.20939848158094618 50
1781194588542 0.21318881402886103 51
1781194603746 0.20874731467356758 52
1781194618707 0.20778703287480368 53
1781194632809 0.20548238995529355 54
1781194647180 0.21742639442284903 55
1781194664786 0.2107849395464337 56
1781194679187 0.20434702861876713 57
1781194695545 0.20261957200746689 58
1781194711382 0.20104981320244925 59
1781194727755 0.19804123576198304 60
1781194743245 0.19695345111309537 61
1781194758269 0.1990797088023216 62
1781194772839 0.19529798047410118 63
1781194796429 0.19723717679107 64
1781194813031 0.20097733773882426 65
1781194827598 0.19925140542170358 66
1781194842197 0.19674146648437257 67
1781194857913 0.20701030204220425 68
1781194872809 0.19405996740337403 69
1781194887981 0.2190733944612836 70
1781194902934 0.1945526313687128 71
1781194919100 0.1917859474344859 72
1781194933415 0.20218326671729012 73
1781194949337 0.1959507552877305 74
1781194964151 0.19494735910778954 75
1781194979559 0.1888048913743761 76
1781194994555 0.18699342319889675 77
1781195009623 0.1894375705529773 78
1781195024877 0.18885828057924905 79
1781195039054 0.19650633952447347 80
1781195053240 0.19070184396372902 81
1781195068508 0.18974775371570435 82
1781195084249 0.18487597292377836 83
1781195099130 0.18896608456732736 84
1781195113666 0.19188086901392257 85
1781195129960 0.18212541713128014 86
1781195145901 0.18474330930482774 87
1781195161233 0.18825350914682662 88
1781195175514 0.18978183208003876 89
1781195190637 0.1872296105065043 90
1781195206513 0.18264780737577924 91
1781195222796 0.1821500195397271 92
1781195238048 0.1894692156522993 93
1781195254083 0.18095965683460236 94
1781195269095 0.18253834037080643 95
1781195284312 0.1795900511363196 96
1781195299117 0.18619721406509007 97
1781195317028 0.17763194820237538 98
1781195331430 0.18118427291749015 99
1781195348424 0.17933657587993712 100
