1782395262614 1.523174753189087 1
1782395267158 1.3864220762252808 2
1782395271808 1.2772538948059082 3
1782395276401 1.2082694482803344 4
1782395280949 1.1448873615264892 5
1782395285536 1.0893361520767213 6
1782395290037 1.0309080386161804 7
1782395294616 0.9750908279418945 8
1782395299179 0.9218583035469056 9
1782395303759 0.8714312505722046 10
1782395308395 0.8202649307250977 11
1782395313032 0.7702320671081543 12
1782395317662 0.7235638499259949 13
1782395322202 0.6782893443107605 14
1782395326811 0.6342035007476806 15
1782395331363 0.5890138101577759 16
1782395336053 0.5500068187713623 17
1782395340825 0.5144782292842865 18
1782395345509 0.48094351053237916 19
1782395350163 0.45550293564796446 20
1782395355164 0.42937438368797304 21
1782395360093 0.4019374883174896 22
1782395365056 0.3785708773136139 23
1782395370028 0.36164281725883485 24
1782395375134 0.3489835774898529 25
1782395380250 0.33990082144737244 26
1782395385238 0.32361952304840086 27
1782395390061 0.31503069162368774 28
1782395394870 0.30308426678180694 29
1782395399579 0.2949611872434616 30
1782395404313 0.28899472653865815 31
1782395409058 0.28447914600372315 32
