1782603944570 2.2394939936124363 1
1782603949595 2.0489768340037418 2
1782603954235 1.9810678500395555 3
1782603958911 1.9188793989328237 4
1782603963676 1.8623078878109272 5
1782603968242 1.7996375927558312 6
1782603972707 1.7422067110355084 7
1782603977274 1.6761795740861158 8
1782603985276 1.6165871345079863 9
1782603990178 1.5487681810672467 10
1782603994932 1.4873612568928645 11
1782603999754 1.4239512498562152 12
1782604004560 1.359811782836914 13
1782604009069 1.298592677483192 14
1782604013672 1.243967368052556 15
1782604018553 1.181295083119319 16
1782604024981 1.1221948862075806 17
1782604029600 1.0823763058735774 18
1782604034197 1.0823615789413452 19
1782604038941 1.0241515453045185 20
1782604043339 0.9845954042214614 21
1782604048362 0.9518484381529001 22
1782604053359 0.9240800188137934 23
1782604058037 0.8881860696352445 24
1782604062753 0.8610207071671119 25
1782604067639 0.8378165593514075 26
1782604072626 0.8133436808219323 27
1782604077632 0.7964697159253634 28
1782604082147 0.7784830927848816 29
1782604086763 0.7628990090810336 30
1782604091483 0.7427356013884912 31
1782604096078 0.732987078336569 32
1782604100722 0.7184264247234051 33
1782604106076 0.7043876327001132 34
1782604110594 0.6956141270123996 35
1782604115210 0.6778907500780545 36
1782604119586 0.667194834122291 37
1782604123938 0.6590946775216323 38
1782604128719 0.6556288462418777 39
1782604133768 0.6423774178211505 40
1782604138455 0.6498616475325364 41
1782604143242 0.6126489226634686 42
1782604147750 0.5913310142663809 43
1782604152344 0.5868746225650494 44
1782604156977 0.5779107533968412 45
1782604161530 0.556488607938473 46
1782604166198 0.5485239670826838 47
