1782653947205 1.6384307765960693 1
1782653951563 1.4957854747772217 2
1782653956202 1.4350954723358154 3
1782653960722 1.3817101955413817 4
1782653965113 1.3262588310241699 5
1782653969493 1.2741105461120605 6
1782653973730 1.2171947240829468 7
1782653978187 1.1643930387496948 8
1782653982772 1.10756760597229 9
1782653987261 1.0531641125679017 10
1782653991975 0.9974423909187317 11
1782653996245 0.9520077633857728 12
1782654000804 0.894956488609314 13
1782654005465 0.8448251533508301 14
1782654009875 0.7959041905403137 15
1782654023399 0.7502727389335633 16
1782654028076 0.710438859462738 17
1782654032780 0.6682630801200866 18
1782654037066 0.6306164121627807 19
1782654041399 0.5916050028800964 20
1782654045987 0.5529727184772492 21
1782654050570 0.5214129543304443 22
1782654055134 0.49407385230064393 23
1782654059417 0.4705501627922058 24
1782654064004 0.4399378263950348 25
1782654068503 0.4168068242073059 26
1782654073146 0.39453948974609376 27
1782654078006 0.37905919551849365 28
1782654083057 0.3620056045055389 29
1782654087947 0.35007057547569276 30
1782654092616 0.33830649971961974 31
1782654097411 0.33037917196750644 32
1782654102124 0.3200941377878189 33
1782654106661 0.3142451524734497 34
1782654111186 0.3057686537504196 35
1782654115821 0.3124628233909607 36
1782654120645 0.2983056527376175 37
1782654125438 0.2935362386703491 38
1782654129910 0.28424162209033965 39
1782654134334 0.27690414428710936 40
1782654138834 0.2749504429101944 41
1782654143283 0.27372327983379363 42
1782654147947 0.26849043130874634 43
1782654152665 0.2718367451429367 44
1782654157445 0.26931430101394654 45
1782654162137 0.26049850046634676 46
1782654166670 0.25503192901611327 47
1782654171425 0.25235706865787505 48
1782654175806 0.25113619983196256 49
