1781968610168 1.2083293523788452 1
1781968676620 1.0379275765419007 2
1781968740530 1.034171450614929 3
1781968804856 0.9707546155452729 4
1781968870789 0.925407309770584 5
1781968934970 0.8464933352470398 6
1781968999253 0.744773148059845 7
1781969060993 0.693225840806961 8
1781969136131 0.6759880077838898 9
1781969209305 0.6613976409435273 10
1781969275221 0.6518648126125336 11
1781969341563 0.6450428514480591 12
1781969406470 0.6367912137508392 13
1781969469262 0.6288331844806672 14
1781969543019 0.6235253603458405 15
1781969606388 0.6207405865192414 16
1781969668077 0.6139998369216919 17
1781969732805 0.6081265752315521 18
1781969798439 0.6044393680095672 19
1781969861839 0.5991373181343078 20
1781969924288 0.592635369181633 21
1781969986898 0.5898153027296066 22
1781970051413 0.5844769542217254 23
1781970121956 0.5793909583091735 24
1781970199873 0.5728666467666625 25
1781970266175 0.5692980380058289 26
1781970331349 0.5642423479557037 27
1781970395770 0.5590881749391555 28
1781970458957 0.5550066859722137 29
1781970525363 0.5516339200735092 30
1781970592282 0.5470190891027451 31
1781970655998 0.5436899070739746 32
1781970721863 0.5402811243534088 33
1781970782425 0.5367652940750122 34
1781970843970 0.533553368806839 35
1781970903494 0.5313430539369584 36
1781970967150 0.5275512833595276 37
1781971031302 0.5253159662485123 38
1781971100565 0.5200779613256454 39
1781971165253 0.5174257051944733 40
1781971229696 0.5137115050554275 41
1781971293925 0.5099843739271164 42
1781971363592 0.5065408531427383 43
1781971427309 0.5039623409509659 44
1781971492118 0.5013858817815781 45
1781971555480 0.49814184296131137 46
1781971619000 0.4955130776166916 47
1781971681543 0.4914816159009934 48
1781971744902 0.4900088701248169 49
1781971817760 0.48846568930149076 50
1781971893117 0.4850374917984009 51
1781971959543 0.4826860421895981 52
1781972024236 0.48049653339385984 53
1781972099425 0.4782174233198166 54
1781972164759 0.47640200817584993 55
1781972229689 0.47577546095848083 56
1781972294787 0.47249156260490416 57
1781972361451 0.4710761743783951 58
1781972428578 0.469559443116188 59
1781972492973 0.46649024403095246 60
1781972558777 0.4658887392282486 61
1781972625527 0.46435014259815216 62
1781972689440 0.4633743209838867 63
1781972754431 0.4612885229587555 64
1781972817721 0.46064344441890714 65
1781972882812 0.4582762762308121 66
1781972945392 0.4569864718914032 67
1781973012066 0.45777781879901885 68
1781973075316 0.4560272604227066 69
1781973149866 0.4549278302192688 70
1781973214941 0.4540622665882111 71
1781973278286 0.45078410756587983 72
1781973338686 0.4508102868795395 73
1781973407828 0.44944820368289945 74
1781973475178 0.44796309542655943 75
1781973538901 0.4489966572523117 76
1781973603406 0.44660649156570437 77
1781973670974 0.44499163138866427 78
1781973737015 0.44517252016067504 79
1781973800881 0.4448346375226975 80
1781973866442 0.44468368232250216 81
1781973932566 0.44224235153198244 82
1781973996752 0.44260358679294587 83
1781974059808 0.44054917299747465 84
1781974125640 0.44023231863975526 85
1781974190944 0.4387987420558929 86
1781974270263 0.4378510204553604 87
1781974336767 0.4374994934797287 88
1781974401103 0.4371085147857666 89
1781974463044 0.4374676915407181 90
1781974530333 0.4362751706838608 91
1781974596780 0.43525341737270357 92
1781974663667 0.43491675293445586 93
1781974737911 0.4361544531583786 94
1781974812378 0.43298891282081603 95
1781974879469 0.43293026101589205 96
1781974944441 0.433528279542923 97
1781975012006 0.431879030585289 98
1781975080127 0.4319571485519409 99
1781975144911 0.43177111887931824 100
