1782602241361 1.5707450319420209 1
1782602247115 1.275067080150951 2
1782602252877 1.0645346600900998 3
1782602258646 0.882719642736695 4
1782602264449 0.7265264933759515 5
1782602270158 0.591542206027291 6
1782602276113 0.48364694010127673 7
1782602281891 0.3900685588067228 8
1782602287537 0.31916420432654297 9
1782602293177 0.2604448517615145 10
1782602298977 0.21385507150129837 11
1782602304727 0.18298284032128073 12
1782602310537 0.16133567623116754 13
1782602316276 0.14568644016981125 14
1782602322172 0.13053284483877095 15
1782602327781 0.12095318294384262 16
1782602333388 0.1114194007082419 17
1782602339052 0.10496921176937493 18
1782602344619 0.10133878581903198 19
1782602350355 0.0974561677060344 20
1782602355888 0.09544501165774735 21
1782602361486 0.090174734253775 22
1782602366894 0.08758075941692699 23
1782602372396 0.0847279763018543 24
1782602377902 0.0839410051703453 25
1782602383281 0.07995544915849512 26
1782602388668 0.07921803945844824 27
1782602394376 0.07650772634554993 28
1782602399994 0.07579802433875474 29
1782602405543 0.07234896821054546 30
1782602411016 0.07424698837778786 31
1782602416558 0.07357930900021033 32
1782602422038 0.06932925839315761 33
1782602427570 0.06801012039861896 34
1782602433315 0.06717577051709998 35
1782602439264 0.06698666089637713 36
1782602444882 0.06866713706403971 37
1782602450401 0.06516082296994599 38
1782602456211 0.06490270183845 39
1782602461785 0.06270885882391171 40
1782602467303 0.06309090182185173 41
1782602472870 0.06337735243141651 42
1782602478554 0.06050034451552413 43
1782602484242 0.06115415319800377 44
1782602489966 0.05987502600659023 45
1782602495620 0.061089993877844376 46
1782602501193 0.061307662589983505 47
1782602506833 0.05940421526743607 48
1782602512425 0.059978332963179455 49
1782602517904 0.05749113129621202 50
1782602523798 0.05898331097242507 51
