1781991521213 1.4884923696517944 1
1781991542070 1.2753478502615905 2
1781991563365 1.0746995241214068 3
1781991584949 1.0615575833198352 4
1781991606041 1.0593822308075733 5
1781991626857 1.0586920884939341 6
1781991647941 1.058160656537765 7
1781991670873 1.0571967424490514 8
1781991693329 1.0563583007225623 9
1781991714380 1.0558279752731323 10
1781991735788 1.055020237580324 11
1781991756466 1.0545566479365032 12
1781991777635 1.0544346509835658 13
1781991798696 1.052704435128432 14
1781991819570 1.0517925574229314 15
1781991840380 1.050182541211446 16
1781991861586 1.0510192926113422 17
1781991883598 1.0489127727655263 18
1781991904442 1.0480239788691204 19
1781991925512 1.0477407024456904 20
1781991946540 1.0474862379905505 21
1781991967500 1.047548132065015 22
1781991988476 1.0470787256191938 23
1781992009901 1.046060207562569 24
1781992031218 1.0460693775079188 25
1781992052474 1.0459647866395803 26
1781992073426 1.0453887352576623 27
1781992094622 1.0442323959790742 28
1781992116207 1.0438836843539507 29
1781992137171 1.0435403784116108 30
1781992158037 1.043215776101137 31
1781992180108 1.042896649776361 32
1781992201023 1.0425495184384859 33
1781992222073 1.0429896513621013 34
1781992243296 1.0426406157322419 35
1781992264638 1.0420017028466249 36
1781992285834 1.041762073834737 37
1781992308243 1.0411647879160368 38
1781992329414 1.0408931023035295 39
1781992350523 1.04027464450934 40
1781992371758 1.0396143809342995 41
1781992393357 1.040445544780829 42
1781992414402 1.039579687974392 43
1781992435350 1.0384090191278703 44
1781992456086 1.037945576203175 45
1781992477221 1.0380585132501063 46
1781992498682 1.0370137645648076 47
1781992519972 1.0367621916991014 48
1781992542267 1.0369745569351392 49
1781992563299 1.037067243686089 50
1781992584165 1.0372927036040869 51
1781992605459 1.0361630488664677 52
1781992626142 1.035347009316469 53
1781992647350 1.0353918044995039 54
1781992668343 1.0357844600310693 55
1781992690197 1.0355870769574091 56
1781992711094 1.0347683215752626 57
1781992732969 1.033997615178426 58
1781992753877 1.0340323891395178 59
1781992775403 1.0340540286822197 60
1781992797749 1.0328876360868797 61
