1782662802708 1.1915635197770362 1
1782662809150 0.9649543014227175 2
1782662815552 0.8069503447588753 3
1782662821760 0.6661973899486018 4
1782662828041 0.5462205036013734 5
1782662834270 0.4358862118393767 6
1782662840478 0.35227592318665746 7
1782662846752 0.2948162263514949 8
1782662852989 0.2519758603736466 9
1782662859221 0.22770286161525577 10
1782662865491 0.20035245634761512 11
1782662871801 0.17085952969158397 12
1782662878217 0.16031196085261365 13
1782662884539 0.15048609805457733 14
1782662890959 0.1414620420512031 15
1782662897288 0.1297134980559349 16
1782662903633 0.1231564071540739 17
1782662910053 0.11941082775592804 18
1782662916430 0.11156142590677037 19
1782662922789 0.11152804818223505 20
1782662929137 0.11094539729403514 21
1782662935394 0.09925731855864618 22
1782662941704 0.09911577359718435 23
1782662947955 0.09806909529017467 24
1782662954257 0.09318871153335945 25
