1782690727790 1.326127446614779 1
1782690732487 1.2178883919349084 2
1782690737296 1.1743880602029653 3
1782690742089 1.1297237506279578 4
1782690746705 1.0887370659754827 5
1782690751330 1.0578982004752526 6
1782690755995 1.0124059777993422 7
1782690760581 0.9820779607846186 8
1782690765329 0.9446608607585614 9
1782690770103 0.9139116223041828 10
1782690774761 0.8740748258737417 11
1782690779432 0.8463592254198514 12
1782690784302 0.8259242268709036 13
1782690788962 0.7951846443689786 14
1782690793593 0.7599645394545335 15
1782690798356 0.7401932111153235 16
1782690803120 0.7096106639275184 17
1782690807845 0.6864224626467779 18
1782690812562 0.6672927737236023 19
1782690817248 0.6375453059489911 20
1782690821968 0.6107630729675293 21
1782690826615 0.596343049636254 22
1782690831345 0.57833914573376 23
1782690836009 0.5507522981900436 24
1782690840695 0.5350894607030429 25
1782690845368 0.5101932447690231 26
1782690850037 0.500169561459468 27
1782690854750 0.4976678513563596 28
1782690859499 0.4859118048961346 29
1782690864203 0.46469789055677563 30
1782690868901 0.46243931696965146 31
1782690873618 0.45229092240333557 32
1782690878316 0.4405754048090715 33
1782690883026 0.4297431271809798 34
1782690887773 0.4098650881877312 35
1782690892455 0.4086335255549504 36
1782690897194 0.40029630752710194 37
