1781347585652 1.3751507663726807 1
1781347589533 1.2200170946121216 2
1781347593469 1.153236093521118 3
1781347597383 1.0982864284515381 4
1781347601354 1.047963330745697 5
1781347605253 0.9940663623809814 6
1781347609160 0.9482251858711243 7
1781347613044 0.9038449645042419 8
1781347616948 0.8570998358726502 9
1781347620808 0.8143350887298584 10
1781347624703 0.772521436214447 11
1781347628587 0.7305790543556213 12
1781347632475 0.6930142235755921 13
1781347636387 0.6569969511032104 14
1781347640308 0.6196531796455383 15
1781347644271 0.5867423915863037 16
1781347648249 0.5560233354568481 17
1781347652226 0.525612735748291 18
1781347661273 0.4952631616592407 19
1781347665183 0.4721992635726929 20
1781347669112 0.44978624224662783 21
1781347673109 0.4289322507381439 22
1781347677003 0.4055578696727753 23
1781347680928 0.3914689588546753 24
1781347684860 0.3733231639862061 25
1781347688791 0.3588074254989624 26
1781347692722 0.3585837405920029 27
1781347696723 0.3436177349090576 28
1781347700676 0.32533985137939453 29
1781347704675 0.31473747313022615 30
1781347708683 0.3075542289018631 31
1781347712717 0.30461917698383334 32
1781347716762 0.2968841278553009 33
1781347720697 0.29063260555267334 34
1781347724640 0.28962856709957124 35
1781347728582 0.2962785840034485 36
1781347732561 0.28921751618385316 37
1781347736511 0.2788808226585388 38
1781347740419 0.276959308385849 39
