1782726568426 1.8187195685776798 1
1782726582836 1.555599789727818 2
1782726597328 1.2976323935118588 3
1782726611823 1.0699255872856488 4
1782726626328 0.8863646658984098 5
1782726640784 0.7512392957102169 6
1782726655074 0.657400903376666 7
1782726669600 0.5847466588020325 8
1782726684141 0.5278100113977086 9
1782726698565 0.4740700437264009 10
1782726713271 0.42815507677468384 11
1782726727753 0.38645239445296203 12
1782726742110 0.3473736528645862 13
1782726756660 0.3127126023173332 14
1782726771077 0.27286164598031476 15
1782726785593 0.23741742325100032 16
1782726800093 0.20596025748686356 17
1782726814557 0.17385362325744194 18
1782726829108 0.15302615375681358 19
1782726843757 0.1343468984758312 20
1782726858265 0.12246488441120494 21
1782726872864 0.11198833957314491 22
1782726887539 0.10646811449392275 23
1782726902181 0.10012730244885791 24
1782726916764 0.0960940650918267 25
1782726931396 0.0931956038217653 26
1782726945902 0.08824243616651405 27
1782726960417 0.0856982081789862 28
1782726974952 0.08126842501488599 29
1782726989518 0.08161635646088557 30
1782727003951 0.07757581177760255 31
1782727018398 0.07674742998047308 32
1782727032967 0.07295154170556502 33
1782727047419 0.07215221564878117 34
1782727062027 0.07134794054383581 35
1782727076521 0.0692464682188901 36
1782727091224 0.06914733968336474 37
1782727105591 0.0675337433137677 38
1782727120014 0.06620174663310702 39
1782727134576 0.06587871519679372 40
1782727149285 0.0654341924766248 41
1782727163729 0.06262281147593801 42
1782727178273 0.06374323918399485 43
1782727192661 0.06335211663760922 44
1782727207020 0.06020834830335595 45
1782727221483 0.0586188616739078 46
1782727236008 0.059736548753624615 47
1782727250322 0.059535821815106 48
1782727264691 0.057382595386694775 49
1782727279039 0.05844844759187915 50
1782727293617 0.058083961717784405 51
1782727308221 0.05586099802431735 52
1782727322777 0.05577845981513912 53
1782727337293 0.05868105167015032 54
1782727351793 0.054881895130330864 55
1782727366288 0.05517021676694805 56
1782727380924 0.055375221354717556 57
1782727395497 0.05531061694703319 58
1782727410062 0.05252851495011286 59
1782727424508 0.05227089842612093 60
1782727439075 0.05164388728074052 61
