1782603912884 2.4335764944553375 1
1782603920952 2.2768605649471283 2
1782603928423 2.1643304427464805 3
1782603936258 2.0345679422219596 4
1782603943925 1.9028191814819972 5
1782603951645 1.7675604869922001 6
1782603960186 1.6441759020090103 7
1782603967907 1.5094689428806305 8
1782603975293 1.3700488011042278 9
1782603986288 1.2365841418504715 10
1782603994364 1.1265428066253662 11
1782604002541 1.0068612868587177 12
1782604009840 0.8979423344135284 13
1782604017558 0.8129094069202741 14
1782604027702 0.7371884261568388 15
1782604035573 0.6652184029420217 16
1782604043390 0.6002464393774668 17
1782604050991 0.5457271623114744 18
1782604058284 0.49321620414654416 19
1782604065741 0.44309330234924954 20
1782604074520 0.404087096452713 21
1782604081827 0.3629591166973114 22
1782604089994 0.33192557469010353 23
1782604097810 0.3083015096684297 24
1782604106612 0.2778207442412774 25
1782604114004 0.26374339560667676 26
1782604121653 0.24924120803674063 27
1782604129457 0.2296568596114715 28
1782604137451 0.2141862908999125 29
1782604145221 0.20753609761595726 30
1782604152961 0.19648394795755544 31
1782604160407 0.1901551280170679 32
1782604168186 0.18050362976888815 33
