1782691274686 1.8187195387753574 1
1782691289119 1.5555998086929321 2
1782691303531 1.2976323908025569 3
1782691317851 1.0699255899949507 4
1782691332157 0.8863646753809669 5
1782691346429 0.751239305192774 6
1782691360637 0.657400906085968 7
1782691375051 0.5847466628659855 8
1782691389302 0.5278100100430575 9
1782691403640 0.47407004508105194 10
1782691418111 0.42815507880666037 11
1782691432458 0.386452393098311 12
1782691446874 0.3473736569285393 13
1782691461264 0.31271260570396076 14
1782691475817 0.2728616463189775 15
1782691490172 0.23741742460565132 16
1782691504539 0.20596025748686356 17
1782691518870 0.17385362122546544 18
1782691533059 0.15302615375681358 19
1782691547402 0.1343468977985057 20
1782691561929 0.12246488271789117 21
1782691576521 0.11198833838782528 22
1782691591258 0.1064681148325855 23
1782691605888 0.10012730261818929 24
1782691620439 0.09609406559982082 25
1782691635083 0.09319560331377116 26
1782691649693 0.08824243565851991 27
1782691664229 0.0856982081789862 28
1782691678721 0.08126842399889772 29
1782691693270 0.08161635595289143 30
1782691707767 0.07757581110027703 31
1782691721932 0.07674743082712997 32
1782691736281 0.07295154068957675 33
1782691750831 0.07215221505612135 34
1782691765184 0.07134794088249857 35
1782691779570 0.06924646686423909 36
1782691793984 0.06914734095335007 37
1782691808353 0.06753374238244512 38
1782691822712 0.0662017481570894 39
1782691837255 0.06587871502746236 40
1782691851628 0.06543419298461893 41
1782691865994 0.06262281096794388 42
1782691880194 0.06374324053864587 43
1782691894741 0.06335211689160629 44
1782691909245 0.060208347626030445 45
1782691923623 0.05861886209723624 46
1782691937972 0.059736549092287365 47
1782691952407 0.05953582147644325 48
1782691966913 0.057382596148685974 49
1782691981353 0.05844844784587622 50
1782691995898 0.05808396070179614 51
1782692010323 0.05586099650033496 52
1782692024706 0.05577845981513912 53
1782692039148 0.0586810526014729 54
1782692053564 0.0548818948763338 55
1782692067899 0.05517021676694805 56
1782692082256 0.055375221354717556 57
1782692096604 0.05531061626970768 58
1782692111091 0.052528515542772686 59
1782692125328 0.05227089944210919 60
1782692139486 0.05164388736540621 61
