1783495551606 2.360993911822637 1
1783495559401 2.2472383280595145 2
1783495567704 2.155845989783605 3
1783495575251 2.052025189002355 4
1783495582884 1.9394851227601368 5
1783495593242 1.814287895957629 6
1783495601834 1.677903950214386 7
1783495609401 1.5458086381355922 8
1783495617195 1.4038295944531758 9
1783495624884 1.2589307129383087 10
1783495632919 1.1364741176366806 11
1783495640325 1.0399440477291744 12
1783495647982 0.9552295282483101 13
1783495655556 0.8767531017462412 14
1783495664184 0.8083912208676338 15
1783495671721 0.7457257757584254 16
1783495679444 0.6923285846908888 17
1783495686869 0.6345456192890803 18
1783495694762 0.5729191650946935 19
1783495702682 0.5102500145634016 20
1783495710399 0.46516495818893117 21
1783495718534 0.42123693724473316 22
1783495726185 0.38404320925474167 23
1783495735006 0.348252775768439 24
1783495743088 0.3131578130026658 25
1783495751766 0.2888810032357772 26
1783495759961 0.2708843598763148 27
1783495768194 0.2500311527401209 28
1783495776094 0.23269900679588318 29
1783495784796 0.21972980660696825 30
1783495792833 0.2057319823652506 31
1783495801629 0.19909313383201757 32
1783495813195 0.19215142043928304 33
1783495821442 0.1865243905534347 34
1783495829558 0.17650275491178036 35
1783495838019 0.17032611556351185 36
1783495846260 0.16359910679360232 37
1783495854163 0.1601467179134488 38
1783495862522 0.15204457317789397 39
1783495870927 0.14926712742696205 40
1783495879435 0.14663061064978442 41
1783495887759 0.14538044513513645 42
1783495896164 0.1456685814385613 43
1783495904276 0.1409088335931301 44
1783495911768 0.1380761762460073 45
1783495920697 0.1376307069634398 46
1783495928470 0.13319707537690798 47
1783495936437 0.1323356752594312 48
1783495944093 0.13063570950180292 49
1783495951995 0.1318937949836254 50
1783495959882 0.12753835320472717 51
1783495968339 0.12764665763825178 52
1783495976787 0.12654946527133384 53
1783495984797 0.12474709594001372 54
1783495992158 0.12524365602682033 55
1783496000011 0.12560784382124743 56
1783496008164 0.12174752727150917 57
1783496015989 0.12072358497728904 58
1783496023682 0.11816957003126542 59
1783496031535 0.11551949940621853 60
1783496039103 0.11867226070413987 61
1783496047135 0.11651698375741641 62
1783496055015 0.11495241429656744 63
1783496062640 0.11316951954116423 64
1783496070397 0.11373027910788854 65
1783496077774 0.11247357788185279 66
1783496085712 0.11189405713230371 67
1783496093756 0.10967687393228213 68
1783496102136 0.10977392209072907 69
