1781042389569 1.5286463529635699 1
1781042446172 1.4148464508545704 2
1781042503889 1.083756963411967 3
1781042560123 1.0629344995205219 4
1781042616389 1.0616566615226941 5
1781042673453 1.060551255177229 6
1781042730072 1.059956437502152 7
1781042786568 1.0591320043955095 8
1781042842890 1.0576552886229296 9
1781042899468 1.0556887235396948 10
1781042956870 1.0545469155678382 11
1781043013484 1.0532544667904193 12
1781043070630 1.0520068896122468 13
1781043127634 1.0499502756656744 14
1781043184598 1.049170087545346 15
1781043241854 1.049493704086695 16
1781043298523 1.0484956044417162 17
1781043355227 1.0478717975127392 18
1781043412016 1.048351804415385 19
1781043468851 1.0476202078354664 20
1781043524943 1.048089929116078 21
1781043581022 1.0475226243336995 22
1781043637297 1.046549482223315 23
1781043693269 1.046134040905879 24
1781043749584 1.0459293677256658 25
1781043807587 1.0460842022529016 26
1781043863888 1.04568166916187 27
1781043920200 1.044855264516977 28
1781043976234 1.0451155748122778 29
1781044032536 1.0453301347219026 30
1781044088925 1.044363727936378 31
1781044144884 1.0441969235738118 32
1781044200844 1.0437639707174056 33
1781044256794 1.0433700237518702 34
1781044312943 1.042764351918147 35
1781044369156 1.0420531309567964 36
1781044425241 1.0425877708655138 37
1781044481220 1.042111532810407 38
1781044537242 1.0423937409352033 39
1781044593137 1.0419076803403022 40
1781044649217 1.0419060924114325 41
1781044705180 1.0409979713268769 42
1781044761499 1.0404229087707324 43
1781044818220 1.041082562544407 44
1781044875746 1.0409266948699951 45
1781044932206 1.040648639202118 46
1781044989119 1.0399406323066125 47
1781045046223 1.0396987719413562 48
1781045102819 1.0395780618374164 49
1781045158981 1.0394150599455223 50
1781045214968 1.0388121910584278 51
1781045271094 1.0383838843076656 52
1781045327312 1.0389278454658313 53
1781045383154 1.0381064307995331 54
1781045438989 1.0382138398977427 55
1781045495033 1.0388624026225164 56
1781045550907 1.0376530839846685 57
1781045607134 1.0369642820113745 58
1781045663393 1.0370378402563243 59
1781045719253 1.03676610879409 60
1781045775494 1.036354783253792 61
1781045831255 1.0359360117178698 62
1781045887536 1.035558813657516 63
1781045943801 1.036284761551099 64
1781045999794 1.0364206509712415 65
1781046055606 1.0348447744662945 66
1781046111503 1.0349428623150556 67
1781046167705 1.034723060253339 68
1781046223650 1.0340232528173006 69
1781046279668 1.034684636653998 70
1781046335585 1.0344699850449195 71
1781046391721 1.0334898477945573 72
1781046447346 1.0333346862059374 73
1781046503231 1.0333118423437462 74
1781046559984 1.0330827694672804 75
1781046616706 1.0333018791981232 76
1781046673002 1.0322948052332952 77
1781046729310 1.0324598642495961 78
1781046785827 1.0327035723588405 79
1781046842101 1.0319800957655296 80
1781046898700 1.031741542693896 81
1781046954838 1.0315374028988373 82
1781047010651 1.0313903735234187 83
1781047066604 1.0310755570729573 84
1781047122607 1.0309183872663057 85
1781047179073 1.0298490615991445 86
1781047234932 1.030212674385462 87
1781047290936 1.0306031826214912 88
1781047347651 1.0307769500292265 89
1781047404305 1.029896624577351 90
1781047460811 1.0296205572592907 91
1781047517575 1.0293866197268169 92
1781047573885 1.0295717013187897 93
1781047629905 1.0291112034748762 94
1781047686430 1.0284822843013666 95
1781047742587 1.0287448442899263 96
1781047799179 1.0284563455826197 97
1781047856365 1.0280712751241832 98
1781047912710 1.027456054320702 99
1781047968625 1.027660188002464 100
