1783495945931 1.5555834621191025 1
1783495947559 1.4471332877874374 2
1783495949165 1.4051823019981384 3
1783495950850 1.3820629268884659 4
1783495952484 1.3633157014846802 5
1783495954127 1.3415670692920685 6
1783495955787 1.3211568146944046 7
1783495957399 1.304230585694313 8
1783495958989 1.2945192903280258 9
1783495960601 1.2881982922554016 10
1783495962201 1.2582205682992935 11
1783495963850 1.2412453889846802 12
1783495965496 1.2211560606956482 13
1783495967135 1.2088169753551483 14
1783495968782 1.2094015032052994 15
1783495970376 1.1941724717617035 16
1783495972037 1.1725793182849884 17
1783495973666 1.1618726998567581 18
1783495975317 1.1382168978452682 19
1783495976981 1.1322197765111923 20
1783495978703 1.1511202305555344 21
1783495980376 1.100324735045433 22
1783495981994 1.097184181213379 23
1783495983655 1.0785658359527588 24
1783495985268 1.059984765946865 25
1783495986905 1.0530034005641937 26
1783495988542 1.0273173823952675 27
1783495990194 1.0262491181492805 28
1783495991854 1.0013469010591507 29
1783495993475 0.999988742172718 30
1783495995072 0.9893515184521675 31
1783495996712 0.9717304781079292 32
1783495998369 0.9505805894732475 33
1783496000014 0.9441981688141823 34
1783496001673 0.9342755675315857 35
1783496003289 0.9239059314131737 36
1783496004907 0.9146681278944016 37
1783496006528 0.889254555106163 38
1783496008162 0.8777484968304634 39
1783496009797 0.8814257010817528 40
1783496011450 0.8760293200612068 41
1783496013048 0.8615400716662407 42
1783496014688 0.8402722030878067 43
1783496016355 0.8469501957297325 44
1783496017986 0.8166062012314796 45
1783496019603 0.8013420477509499 46
