1781756524842 1.5040025680493085 1
1781756544157 1.3764614233603845 2
1781756561915 1.2864220142364502 3
1781756579736 1.2125433805661323 4
1781756595762 1.1476387824767675 5
1781756612396 1.090420282804049 6
1781756629484 1.0398213252043114 7
1781756647229 0.9890379294370993 8
1781756665378 0.945000980144892 9
1781756684231 0.9056345927409637 10
1781756702057 0.8711655155206338 11
1781756718395 0.8400418788958819 12
1781756735527 0.8073112215751257 13
1781756752522 0.7835273742675781 14
1781756770020 0.7579801602241321 15
1781756788508 0.7338637602634919 16
1781756806420 0.7231305669515561 17
1781756829113 0.7103834778834612 18
1781756845699 0.6924882286634201 19
1781756862849 0.6740723145313752 20
1781756880356 0.662318182297242 21
1781756897989 0.6516437163719764 22
1781756915847 0.6453946477327591 23
1781756933550 0.6364804231203519 24
1781756951297 0.6301397788218963 25
1781756967723 0.624414174984663 26
1781756984651 0.6104447001065963 27
1781757001694 0.6000147370191721 28
1781757021658 0.5984391906322577 29
1781757039098 0.5957949772859231 30
1781757056146 0.5914434683628571 31
1781757073888 0.5795624668781574 32
1781757089842 0.5735674989529145 33
1781757106246 0.5782078397579682 34
1781757125094 0.5685283404130203 35
1781757142131 0.5622294193659073 36
1781757159744 0.5580781484261538 37
1781757177587 0.5563959013193082 38
1781757194750 0.5534424797082559 39
1781757211975 0.5401486158370972 40
1781757228222 0.5376130006252191 41
1781757245510 0.5398020408092401 42
1781757263006 0.5394203754571768 43
1781757280473 0.5255710559013562 44
1781757298074 0.521880838351372 45
1781757316516 0.5353240378392048 46
1781757334631 0.5260329368786935 47
1781757351253 0.5165161948937637 48
1781757368368 0.5139427911012601 49
1781757385729 0.5154044009172 50
1781757403432 0.5088838438193003 51
1781757421289 0.5011594647016281 52
1781757439157 0.49822481244038314 53
1781757456839 0.503756657624856 54
1781757473913 0.4946706829926906 55
1781757491199 0.4905452819970938 56
1781757508243 0.4945096236008864 57
1781757525588 0.4897917249263861 58
1781757543714 0.481921720963258 59
1781757561069 0.486455323604437 60
1781757578869 0.47447363153482097 61
1781757595514 0.47911625642042893 62
1781757611975 0.47681604822476703 63
1781757629480 0.47741504968741 64
1781757646311 0.4720531824307564 65
1781757663593 0.47898711531590193 66
