1782692983332 1.2557607293128967 1
1782692985591 1.0049854119618733 2
1782692987877 0.920460561911265 3
1782692990174 0.8778983950614929 4
1782692992420 0.8483392198880514 5
1782692994662 0.8198332091172537 6
1782692996869 0.7958615720272064 7
1782692999099 0.7752199868361155 8
1782693001332 0.7526626288890839 9
1782693003966 0.7380250096321106 10
1782693008743 0.7189693550268809 11
1782693010980 0.6956580380598704 12
1782693013252 0.674958070119222 13
1782693015489 0.662477562824885 14
1782693017739 0.6421531538168589 15
1782693019970 0.6287099023660024 16
1782693022217 0.6065863569577535 17
1782693024477 0.5936648150285085 18
1782693026723 0.5770466427008311 19
1782693029008 0.55975741147995 20
1782693031273 0.5480612317721049 21
1782693033540 0.5303322970867157 22
1782693035809 0.5185382068157196 23
1782693038106 0.5037913670142492 24
1782693040354 0.49245429039001465 25
1782693042610 0.4790649513403575 26
1782693044872 0.4643008808294932 27
1782693047130 0.45561986168225604 28
1782693049415 0.4401046385367711 29
1782693051703 0.42797328035036725 30
1782693054000 0.42140144606431323 31
1782693056269 0.4118223836024602 32
1782693058553 0.4024760226408641 33
1782693060813 0.4018559455871582 34
1782693063097 0.38301315903663635 35
1782693065341 0.37247586250305176 36
1782693067649 0.3608883122603099 37
