1782602763115 1.6843169385736638 1
1782602768809 1.3407195779410275 2
1782602774428 1.085295637900179 3
1782602779951 0.8858372271060944 4
1782602785548 0.72510449859229 5
1782602791107 0.6085867786949332 6
1782602796877 0.5040828680450266 7
1782602802450 0.42606654356826434 8
1782602808086 0.36139769039370795 9
1782602813740 0.302435159005902 10
1782602819207 0.25558422844518314 11
1782602824895 0.2159191942350431 12
1782602830671 0.18751863288608464 13
1782602836233 0.15825026617808777 14
1782602842199 0.1392140371555632 15
1782602847762 0.1286890713328665 16
1782602853455 0.11960027468475429 17
1782602859149 0.11099208366464484 18
1782602864572 0.10433804040605371 19
1782602870394 0.09900884110141885 20
1782602876104 0.09462496655231173 21
1782602881726 0.09261699647388676 22
1782602887205 0.08848846686834638 23
1782602892555 0.08388157561421394 24
1782602898273 0.08124801482666623 25
1782602903761 0.07946860857985237 26
1782602909503 0.0767076365988363 27
1782602915477 0.07564372603188861 28
1782602921244 0.07405767793005164 29
1782602927109 0.0737286259166219 30
1782602932808 0.07215729660608551 31
1782602938509 0.06938876389441165 32
1782602944334 0.07176560595292937 33
1782602949880 0.07161029766906392 34
1782602955399 0.06915910203348506 35
1782602961016 0.06673038742420348 36
1782602966499 0.06770135411484675 37
1782602972272 0.06725752158937129 38
1782602977812 0.0643142709847201 39
1782602983253 0.06275657200339166 40
1782602988758 0.06316469321874055 41
1782602994129 0.06214812423356555 42
1782602999826 0.06297173681245609 43
1782603006883 0.06243575144220482 44
1782603012439 0.061330188743092796 45
1782603017970 0.05907137167047371 46
1782603023287 0.0589457769793543 47
1782603028856 0.05869001056998968 48
1782603034441 0.058019252070649105 49
1782603039885 0.059999296865002674 50
