1782389024626 1.6632202339172364 1
1782389028892 1.6180644750595092 2
1782389033245 1.5512553691864013 3
1782389037598 1.508917236328125 4
1782389042213 1.4919378328323365 5
1782389046609 1.439492063522339 6
1782389051033 1.3666140842437744 7
1782389055389 1.327513484954834 8
1782389059739 1.3152787685394287 9
1782389063957 1.2862391042709351 10
1782389068327 1.237073998451233 11
1782389072809 1.1993562936782838 12
1782389077388 1.186898069381714 13
1782389081749 1.158278875350952 14
1782389086219 1.1091143369674683 15
1782389090648 1.0747112083435058 16
1782389095194 1.0631824874877929 17
1782389099511 1.03553875207901 18
1782389103889 0.9880475211143493 19
1782389108517 0.9577570009231567 20
1782389113083 0.9449300479888916 21
1782389117355 0.9192839217185974 22
1782389121882 0.8748655319213867 23
1782389126301 0.843073444366455 24
1782389130714 0.8324469590187072 25
1782389135130 0.8113339686393738 26
1782389139768 0.7711829400062561 27
1782389144420 0.7415988373756409 28
1782389148666 0.7304016256332397 29
1782389153226 0.7077722311019897 30
1782389157713 0.6736619138717651 31
1782389162163 0.644816734790802 32
1782389166695 0.6351994633674621 33
1782389171087 0.6153093767166138 34
1782389175395 0.5837476181983948 35
1782389179662 0.5592442429065705 36
1782389189365 0.5519085252285003 37
1782389193813 0.5358506536483765 38
1782389198107 0.5097726023197174 39
1782389202447 0.4915505349636078 40
1782389206851 0.48149795293807984 41
1782389211141 0.4717796361446381 42
1782389215512 0.45289198994636537 43
1782389219806 0.4344317090511322 44
1782389224301 0.42741355538368225 45
