1782691812354 1.333949653725875 1
1782691824413 1.1736954983912016 2
1782691836388 1.08744741427271 3
1782691848319 1.0076227831213098 4
1782691860356 0.9279321400742782 5
1782691872404 0.8535369665999162 6
1782691884397 0.777074258578451 7
1782691896422 0.6987307463821611 8
1782691908384 0.6361839143853438 9
1782691925515 0.5652022432339819 10
1782691937465 0.4978694100128977 11
1782691949422 0.4349963108175679 12
1782691961362 0.3853985102553117 13
1782691973380 0.3420372032805493 14
1782691985443 0.3048867465634095 15
1782691997455 0.2701071269418064 16
1782692009444 0.24438309747921794 17
1782692021399 0.2181159167697555 18
1782692033377 0.19964105243745603 19
1782692045455 0.18333183777959725 20
1782692057626 0.17219932847901395 21
1782692069778 0.16537759100136004 22
1782692081789 0.15688821242043846 23
1782692093792 0.14778884147342883 24
1782692105860 0.14171959793097094 25
1782692118940 0.13622081769924416 26
1782692131069 0.1347622612589284 27
1782692143160 0.13278726057002418 28
1782692155288 0.12746738171891162 29
1782692167465 0.12869695476011225 30
1782692179529 0.12082599162271149 31
1782692191539 0.11698373230664354 32
1782692203536 0.11698838833131288 33
1782692215546 0.11375727092749194 34
1782692227539 0.11041234374830597 35
1782692239577 0.11054740865763865 36
1782692251607 0.10823262816196993 37
1782692263548 0.1089194005257205 38
1782692275599 0.11646141817695216 39
1782692287573 0.10853898093888634 40
1782692299640 0.10514267416376817 41
1782692311658 0.10451464766734525 42
1782692323631 0.10638515866900745 43
1782692335614 0.10331686997884199 44
1782692347730 0.09987055490675725 45
