1782667379138 1.5226197689771652 1
1782667380762 1.4329393357038498 2
1782667382330 1.3582557886838913 3
1782667384004 1.2908266484737396 4
1782667385602 1.2275865077972412 5
1782667387244 1.1759391576051712 6
1782667388945 1.1401353031396866 7
1782667390609 1.1178472638130188 8
1782667392247 1.104471817612648 9
1782667393915 1.0658112689852715 10
1782667395491 1.0677796378731728 11
1782667397114 1.0358873009681702 12
1782667398694 1.0155896842479706 13
1782667408814 0.9946518912911415 14
1782667410449 0.9800769984722137 15
1782667412025 0.9780063405632973 16
1782667413643 0.9552992731332779 17
1782667415220 0.9396350681781769 18
1782667416832 0.921190120279789 19
1782667418420 0.9138332605361938 20
1782667420082 0.9010504856705666 21
1782667421696 0.8921213075518608 22
1782667423379 0.8796380758285522 23
1782667425019 0.8660251870751381 24
1782667426616 0.8364470973610878 25
1782667428200 0.8128290772438049 26
1782667429769 0.8045004829764366 27
1782667431354 0.7939159795641899 28
1782667432951 0.7766312956809998 29
1782667434631 0.7671775743365288 30
1782667436243 0.7436815872788429 31
1782667437892 0.7316379621624947 32
1782667439517 0.7190445214509964 33
1782667441118 0.703263409435749 34
1782667442778 0.6841060221195221 35
1782667444376 0.6842497959733009 36
1782667445962 0.6708665937185287 37
1782667447645 0.6622380018234253 38
1782667449303 0.6476762443780899 39
1782667450964 0.6308671608567238 40
1782667452581 0.6250030398368835 41
1782667454195 0.6088760420680046 42
1782667455788 0.5973796248435974 43
1782667457383 0.5924979597330093 44
1782667459093 0.5715105906128883 45
1782667460769 0.5668120160698891 46
1782667462433 0.5541181415319443 47
1782667464077 0.552693173289299 48
1782667465725 0.5268282070755959 49
1782667467372 0.5289422161877155 50
1782667469010 0.5089410059154034 51
1782667470623 0.495101198554039 52
1782667472205 0.4909025877714157 53
1782667473835 0.4775269441306591 54
1782667475500 0.4643046259880066 55
1782667477177 0.4519626908004284 56
1782667478854 0.46296847239136696 57
1782667480450 0.4414878189563751 58
1782667482097 0.4285016320645809 59
1782667483707 0.4232133589684963 60
1782667485334 0.41282837465405464 61
1782667487013 0.40015004575252533 62
1782667488669 0.38878580555319786 63
1782667490320 0.3766679912805557 64
1782667491971 0.38581405207514763 65
1782667493575 0.37468278408050537 66
1782667495209 0.3636125288903713 67
1782667496859 0.3507054075598717 68
1782667498532 0.35730521753430367 69
1782667500164 0.3560272455215454 70
1782667501821 0.33933012560009956 71
1782667503421 0.3379158787429333 72
1782667505093 0.32309602573513985 73
1782667506694 0.31856057792901993 74
1782667508281 0.3063057251274586 75
1782667509925 0.30552470684051514 76
1782667511548 0.30578599125146866 77
1782667513135 0.29971950501203537 78
1782667514745 0.29206495732069016 79
1782667516336 0.28581201657652855 80
1782667517926 0.2860874868929386 81
1782667519492 0.28284013643860817 82
1782667521059 0.28418662399053574 83
1782667522647 0.276868112385273 84
1782667524220 0.27673816680908203 85
1782667525826 0.2740529589354992 86
1782667527403 0.27210952527821064 87
1782667528956 0.2642360273748636 88
