1782651596163 1.391613571267379 1
1782651601052 1.2137120679805153 2
1782651610322 1.1161191055649204 3
1782651615152 1.0226570995230424 4
1782651620076 0.9306908720418027 5
1782651624930 0.8400699527640092 6
1782651629970 0.7523999935702274 7
1782651635035 0.6648271052460921 8
1782651639972 0.5909948145088396 9
1782651645066 0.5279931567217174 10
1782651649986 0.4628692112470928 11
1782651654950 0.400060111754819 12
1782651659886 0.3470474983516492 13
1782651664872 0.30076417483781515 14
1782651669855 0.26676819983281586 15
1782651674905 0.2375986744698725 16
1782651680001 0.22026745504454562 17
1782651685094 0.19707258280954862 18
1782651690059 0.18446274180161326 19
1782651695118 0.16782855713053754 20
1782651700179 0.1599254737559118 21
1782651705211 0.1543623401146186 22
1782651710269 0.14553975588396975 23
1782651715245 0.138902999852833 24
1782651720269 0.13783072405739835 25
1782651725318 0.1352642996138648 26
1782651730378 0.12828475472174192 27
1782651735369 0.12482364436513499 28
1782651740611 0.12208521522973713 29
1782651745713 0.12251167646364163 30
1782651750707 0.12155813861050103 31
