1780585026263 1.2889673159672663 1
1780585042009 1.0643958281248043 2
1780585057796 1.0576873436952248 3
1780585073881 1.0450676587911754 4
1780585090082 1.0169489612946143 5
1780585105993 1.0132324206523406 6
1780585121741 0.996542465992463 7
1780585137690 0.9859545093316299 8
1780585153621 0.971506783595452 9
1780585169230 0.9561280226096128 10
1780585185016 0.9511282612115909 11
1780585200657 0.9373167172456399 12
1780585222554 0.9262664669599289 13
1780585238300 0.9238516443814987 14
1780585253761 0.9041022444382693 15
1780585269334 0.8992079358834487 16
1780585285003 0.8918207272505149 17
1780585300719 0.8818674683570862 18
1780585316072 0.8681799509586432 19
1780585331967 0.8520478040744097 20
1780585347666 0.8446341080543323 21
1780585363305 0.8291019338827866 22
1780585378827 0.8138936727474897 23
1780585394426 0.8141243090996375 24
1780585410011 0.7961790378277118 25
1780585425944 0.7829355887877636 26
1780585441456 0.7758936912585528 27
1780585457233 0.7680964057262127 28
1780585477341 0.789736121128767 29
1780585493418 0.7593989907166897 30
1780585508982 0.7410687559690231 31
1780585524791 0.7222567903689849 32
1780585540107 0.6999589800834656 33
1780585555600 0.7223060253338937 34
1780585571425 0.7089169331085987 35
1780585587564 0.6859879447863653 36
1780585603300 0.6792583817090744 37
1780585618844 0.6788341815655048 38
1780585634786 0.6600803213241773 39
1780585650545 0.6688151497107285 40
1780585666165 0.6508346245839045 41
1780585682016 0.643635344810975 42
1780585697630 0.6367494861284891 43
1780585713121 0.6187656537080423 44
1780585729031 0.6182975921875391 45
