1781980027476 1.7374619459494567 1
1781980048368 1.5820169693384416 2
1781980069322 1.5279699380581195 3
1781980090490 1.4903989082727678 4
1781980112910 1.4541890070988581 5
1781980134012 1.419563956749745 6
1781980171370 1.3853253645774646 7
1781980194561 1.3530360185183012 8
1781980218106 1.3190743862054286 9
1781980238750 1.285200406343509 10
1781980259340 1.2519949338374994 11
1781980289797 1.2172128481742663 12
1781980311315 1.1790833901136348 13
1781980333264 1.1412773590821486 14
1781980354105 1.1066895631643443 15
1781980374632 1.0720529861939259 16
1781980395448 1.0387603716972547 17
1781980416401 1.0052449642083583 18
1781980437994 0.9740170515500582 19
1781980458837 0.9456371359336071 20
1781980479552 0.913187135488559 21
1781980500711 0.8872256477673849 22
1781980521635 0.8579780459403992 23
1781980542232 0.8328824180823106 24
1781980563024 0.8063945128367498 25
1781980583675 0.785825021756001 26
1781980604457 0.763268055059971 27
1781980624849 0.7407620014288486 28
1781980645269 0.7169857162695664 29
1781980665987 0.6986050254259354 30
1781980686806 0.6763525345386603 31
1781980707586 0.6643422230696067 32
1781980728580 0.6523972016114455 33
1781980749524 0.6330889142476596 34
1781980770170 0.6179539912786239 35
1781980791083 0.6043824645189139 36
1781980811824 0.5908993008809212 37
1781980832754 0.5766054009779905 38
1781980853901 0.5675150499894068 39
1781980874466 0.5638483220185989 40
1781980896181 0.5518024968795288 41
1781980916655 0.546410974019613 42
1781980937515 0.5295436810224484 43
1781980958011 0.5360141236048478 44
1781980978643 0.5161785781383514 45
1781981000485 0.5125464904002655 46
1781981021192 0.5043866664935381 47
1781981041661 0.4961871222043649 48
1781981062072 0.49721568593612087 49
1781981082458 0.4981156220802894 50
1781981102960 0.4859735591289325 51
1781981123442 0.47788382111451566 52
1781981143491 0.47539533330843997 53
1781981164018 0.47499852914076585 54
1781981184776 0.4644030042183705 55
1781981205473 0.45977652837068606 56
1781981226088 0.461067266189135 57
1781981247560 0.45086736480395 58
1781981268273 0.4525567033351996 59
1781981289095 0.4503924349943797 60
1781981310106 0.4448213286888905 61
1781981330863 0.4495784166531685 62
1781981351840 0.4368368486563365 63
1781981373008 0.42997685838968325 64
1781981394311 0.4315102490094992 65
1781981414991 0.4286061708743756 66
1781981435424 0.4241429483279204 67
1781981456290 0.4210959092164651 68
1781981477134 0.4133854844631293 69
1781981497539 0.41433670276250595 70
1781981518823 0.42037031589410245 71
