1783496080231 1.4742808883840388 1
1783496086614 1.1695832447572188 2
1783496093077 0.9726924828507684 3
1783496099492 0.8146925270557404 4
1783496105988 0.679215436631983 5
1783496112666 0.5699043517762964 6
1783496119049 0.47768193754282867 7
1783496125461 0.40079199455001135 8
1783496131815 0.3388594375415282 9
1783496138163 0.28305384381250903 10
1783496144565 0.2387377924539826 11
1783496151086 0.2034388706088066 12
1783496157306 0.17175342684442346 13
1783496163611 0.15003666484897787 14
1783496169989 0.13514949279752644 15
1783496176352 0.1251692363823002 16
1783496182822 0.1153841470791535 17
1783496189292 0.10512375035746531 18
1783496195561 0.09882881407710639 19
1783496201754 0.09515677019953728 20
1783496207959 0.09051126698878678 21
1783496214273 0.08847845294936137 22
1783496220630 0.08259058371186256 23
1783496227127 0.08161553740501404 24
1783496233488 0.07881789722225883 25
1783496239852 0.07739252630959857 26
1783496246117 0.07742501710626212 27
1783496252596 0.07326570525765419 28
1783496258951 0.07171615890481255 29
1783496265019 0.06902547849511559 30
1783496271507 0.06920516228472645 31
1783496277886 0.06912581876597622 32
1783496284273 0.0655975705859336 33
1783496290639 0.06615641653876413 34
1783496296946 0.06418350415134971 35
1783496303163 0.0643383687023412 36
1783496309334 0.061925069174983284 37
1783496315620 0.06330010845241221 38
1783496321925 0.062307352454147556 39
1783496328125 0.061264678412540394 40
