1782601797790 3.146936005559461 1
1782601813625 2.9324122050712846 2
1782601828478 2.7468616551366347 3
1782601843758 2.5459823197331923 4
1782601859901 2.3425557120092986 5
1782601874943 2.134771264832595 6
1782601891081 1.92974054813385 7
1782601906895 1.734379344973071 8
1782601926303 1.5527161400893639 9
1782601941477 1.3908989059514012 10
1782601957137 1.2555806965663516 11
1782601973811 1.1525697708129883 12
1782601989688 1.0652390554033477 13
1782602006149 1.000939208885719 14
1782602022051 0.9327222437694155 15
1782602037913 0.8862145769185034 16
1782602058775 0.847611782879665 17
1782602075774 0.8134037009600935 18
1782602091920 0.7762090625434086 19
1782602108439 0.7467935311383215 20
1782602124938 0.7165427557353315 21
1782602141169 0.6919041481511347 22
1782602157573 0.6750171554499659 23
1782602174120 0.6588922780135582 24
1782602189831 0.6494834608045118 25
1782602206870 0.6380126990120987 26
1782602222509 0.6239405911544273 27
1782602238251 0.6139378177708593 28
1782602254252 0.6038850360903246 29
1782602269628 0.5936133142175346 30
1782602284877 0.5877275877985461 31
1782602301483 0.5817362131743595 32
1782602317574 0.5742543833009128 33
1782602332968 0.568953460660474 34
