1783008661523 1.0847948871406854 1
1783008668058 0.822658500250648 2
1783008674515 0.6763110815310011 3
1783008681027 0.5589384132740545 4
1783008687622 0.4476944202301549 5
1783008694117 0.3708725700191423 6
1783008700459 0.3058387128745808 7
1783008706981 0.25563842554887134 8
1783008713500 0.221920404364081 9
1783008719917 0.19633383435361526 10
1783008726311 0.1685229420077567 11
1783008732922 0.1569264922656265 12
1783008739572 0.15660837614068798 13
1783008746243 0.14022926504121108 14
1783008752831 0.12897997627071306 15
1783008759502 0.12039821215120017 16
1783008765938 0.11644244237857707 17
1783008772547 0.10899341033369887 18
1783008779217 0.10664298546080496 19
1783008785950 0.10881792447146248 20
1783008792566 0.09876308721654556 21
1783008799161 0.09338574169897566 22
1783008805695 0.09175391115394294 23
1783008812363 0.08941186263280756 24
1783008818979 0.08951953871577394 25
1783008825511 0.08452419425342597 26
1783008832176 0.08549010519887887 27
1783008838820 0.0934853556693769 28
1783008845490 0.08469711916119445 29
1783008852117 0.0841631696504705 30
1783008858837 0.07496661451809547 31
1783008865599 0.07872318344957688 32
1783008872316 0.07211839853256356 33
1783008878915 0.07376047859297079 34
1783008885571 0.07095648355635942 35
1783008892237 0.07155874904756453 36
1783008898789 0.06814425986479311 37
1783008905444 0.07502349509912379 38
1783008912004 0.06916830973590121 39
1783008918517 0.06331463800925835 40
1783008925047 0.06581877471477378 41
1783008931580 0.06809410861894197 42
1783008938174 0.06598948314785957 43
1783008944713 0.06757264584302902 44
1783008951250 0.0614546883632155 45
1783008957736 0.06374366734834279 46
1783008964249 0.06328812562951855 47
1783008970825 0.06055230223665051 48
1783008977473 0.06116826101845386 49
1783008984050 0.06079935530821482 50
1783008990622 0.06137513004097284 51
1783008997236 0.06873164398997438 52
1783009003810 0.06332382464817926 53
1783009010358 0.05732318035819951 54
1783009016981 0.05677618962876937 55
1783009023622 0.0566778001832027 56
1783009030175 0.05836119751135508 57
1783009036740 0.058082410810040494 58
1783009043408 0.054184263827754 59
1783009050034 0.05644178879903812 60
