1782748565372 3.3138524208750044 1
1782748600830 3.0999062997954234 2
1782748635813 2.9228625978742326 3
1782748670873 2.754500721182142 4
1782748715187 2.569620030266898 5
1782748751450 2.3731462274278914 6
1782748785618 2.1903872234480724 7
1782748820539 2.006705288376127 8
1782748855903 1.8308159836700983 9
1782748891655 1.672478803566524 10
1782748928047 1.5563709267548151 11
1782748963387 1.4539490640163422 12
1782748999235 1.3833044895103999 13
1782749033513 1.3108788090092796 14
1782749067443 1.253887095621654 15
1782749103371 1.2123516925743647 16
1782749138433 1.170884553875242 17
1782749173778 1.1388745393071855 18
1782749208543 1.1181334044252123 19
1782749242527 1.0909897514751978 20
1782749279475 1.0709910775933946 21
1782749315536 1.0467122112001692 22
1782749351298 1.0294560662337713 23
1782749385383 1.0055068731307983 24
1782749420517 0.9831464141607285 25
1782749455947 0.9700852887971061 26
1782749491975 0.9513296144349235 27
1782749528381 0.9378425457647869 28
1782749563998 0.916727323617254 29
1782749600126 0.9009466597012111 30
1782749634038 0.8871228992938995 31
1782749669413 0.8654861961092267 32
1782749704006 0.8542064449616841 33
1782749738835 0.8279516760792051 34
1782749774061 0.8162227805171695 35
1782749809609 0.803465377007212 36
1782749845033 0.8016942271164486 37
1782749879992 0.7872668015105384 38
1782749915135 0.7768888281924384 39
1782749948933 0.7659889587334224 40
1782749982503 0.7629327028989792 41
1782750016831 0.7607359843594688 42
1782750053516 0.75633291048663 43
1782750089535 0.7505052302564893 44
1782750124205 0.7471846895558494 45
1782750160268 0.7428386637142727 46
1782750195306 0.7374402284622192 47
1782750230629 0.7326066451413291 48
1782750266612 0.7297753649098533 49
1782750302044 0.7250432223081589 50
1782750338076 0.7199845612049103 51
1782750373620 0.7153886748211724 52
1782750408779 0.7102533834321159 53
1782750444578 0.7111551080431256 54
1782750478271 0.7057416651930127 55
1782750525505 0.7033492922782898 56
1782750560488 0.7074466560568128 57
1782750595563 0.7009781960930143 58
1782750633283 0.699237231697355 59
1782750668802 0.6917907893657684 60
1782750705738 0.6881510785647801 61
1782750740436 0.6861603941236224 62
1782750775437 0.6809228871549878 63
1782750811031 0.6844801540885653 64
1782750846597 0.6784158987658364 65
1782750882930 0.6738089535917554 66
1782750918378 0.6705540099314281 67
1782750954720 0.6682819447347096 68
