1782668493870 1.7737623691558837 1
1782668495069 1.6225802183151246 2
1782668496266 1.5211616277694702 3
1782668497452 1.4607717514038085 4
1782668498653 1.4185806274414063 5
1782668499846 1.3753512859344483 6
1782668501003 1.3456500053405762 7
1782668502164 1.3088200569152832 8
1782668503336 1.2745108604431152 9
1782668504493 1.246212410926819 10
1782668505667 1.2307024240493774 11
1782668506811 1.1936455965042114 12
1782668507961 1.1732692480087281 13
1782668509167 1.1350203514099122 14
1782668510330 1.1107575654983521 15
1782668511549 1.085054349899292 16
1782668512799 1.0608961582183838 17
1782668514029 1.0360480308532716 18
1782668515282 1.016632604598999 19
1782668516499 0.989523458480835 20
1782668517703 0.9656358122825622 21
1782668518922 0.9425019383430481 22
1782668520097 0.9179433465003968 23
1782668521268 0.8931181788444519 24
1782668522456 0.8599607348442078 25
1782668523656 0.843351411819458 26
1782668524848 0.8086314797401428 27
1782668526065 0.7937379360198975 28
1782668527274 0.7640154600143433 29
1782668528458 0.7534184694290161 30
1782668529670 0.7238587975502014 31
1782668530870 0.6984868288040161 32
1782668532093 0.6841578602790832 33
1782668533260 0.6591527104377747 34
1782668534398 0.647285544872284 35
1782668535637 0.6322109699249268 36
1782668536817 0.6100467443466187 37
1782668538059 0.5909067749977112 38
1782668539244 0.5770035982131958 39
1782668540451 0.5624088883399964 40
1782668541664 0.5424136042594909 41
1782668542894 0.530645203590393 42
1782668544127 0.5163711190223694 43
1782668545277 0.49897162318229676 44
1782668546485 0.48610525131225585 45
1782668547692 0.4884691953659058 46
1782668548904 0.47241516709327697 47
1782668550080 0.4503546357154846 48
1782668551289 0.4365134000778198 49
1782668552528 0.42263908982276915 50
1782668553748 0.4142479419708252 51
1782668554926 0.4071240723133087 52
1782668556118 0.4029131293296814 53
1782668557289 0.38897776007652285 54
1782668558464 0.38532508015632627 55
1782668559615 0.369208562374115 56
1782668560754 0.3576099932193756 57
1782668561940 0.3434652268886566 58
1782668563105 0.34205958247184753 59
1782668564263 0.33071157336235046 60
1782668565423 0.3251747190952301 61
1782668566608 0.3195560872554779 62
1782668567789 0.31789025068283083 63
1782668568979 0.309961074590683 64
1782668570177 0.30110964775085447 65
1782668571386 0.295921266078949 66
1782668572575 0.2994583010673523 67
1782668573788 0.29043589234352113 68
1782668574940 0.28358999490737913 69
1782668576168 0.26986965239048005 70
1782668577403 0.2673706114292145 71
1782668578628 0.27617357671260834 72
1782668579800 0.2568976253271103 73
1782668581007 0.25748026967048643 74
1782668582208 0.25025081634521484 75
1782668583429 0.2498634785413742 76
1782668584637 0.2407977432012558 77
1782668585859 0.23795166611671448 78
1782668587059 0.23447678685188295 79
1782668588295 0.23515057265758516 80
1782668589511 0.23509467840194703 81
1782668590802 0.22145907282829286 82
1782668592022 0.21685537099838256 83
1782668593205 0.22206430733203888 84
