1782602689488 1.1915759713042016 1
1782602695451 0.9648432906936196 2
1782602701580 0.8068496187527975 3
1782602707637 0.666184804018806 4
1782602713595 0.5462223869912765 5
1782602719562 0.4356719062608831 6
1782602725609 0.35160155565130946 7
1782602731746 0.29472708906613143 8
1782602737852 0.25149787699475007 9
1782602743855 0.2279735242619234 10
1782602749831 0.19968135771798154 11
1782602755973 0.1712377854422027 12
1782602761998 0.16037213407895146 13
1782602768089 0.15013937126187718 14
1782602774114 0.14146304846394295 15
1782602780142 0.12962511313312194 16
1782602786234 0.12348369903424207 17
1782602792286 0.11923843578380697 18
1782602798373 0.11134415222149269 19
1782602804406 0.11165080876911387 20
1782603011954 0.11082100123167038 21
1782603017848 0.09919289704046998 22
1782603023828 0.09908036493203219 23
1782603029829 0.09811124921429391 24
1782603035659 0.0927593510817079 25
1782603041680 0.0903977157146323 26
1782603047584 0.08576688550266565 27
1782603053576 0.08418346532419616 28
1782603059661 0.08937132636121675 29
1782603065552 0.08551924237433602 30
1782603071403 0.07918340500955488 31
1782603077359 0.07797187888154797 32
1782603083876 0.07822064500229031 33
1782603089750 0.08153611801418603 34
1782603095844 0.08122945883694817 35
1782603101792 0.09324187025719997 36
1782603107834 0.07399296950475842 37
