1782336820290 1.4117715120315553 1
1782336824868 0.6935043096542358 2
1782336829273 0.5961977124214173 3
1782336833666 0.5339094591140747 4
1782336838055 0.49193065643310546 5
1782336842470 0.4584482169151306 6
1782336846923 0.43605207681655883 7
1782336851468 0.4247918903827667 8
1782336855968 0.4088819670677185 9
1782336860342 0.406345477104187 10
1782336864745 0.39008695125579834 11
1782336869145 0.3857676041126251 12
1782336873605 0.37277347803115846 13
1782336878158 0.3716345679759979 14
1782336882591 0.35245408535003664 15
1782336887042 0.3559268724918365 16
1782336891617 0.34680104613304136 17
1782336896151 0.34228669226169584 18
1782336900621 0.3324399733543396 19
1782336905136 0.32983915448188783 20
1782336909602 0.3237752866744995 21
1782336914120 0.3195859950780868 22
1782336918541 0.3166735780239105 23
1782336928532 0.3104014080762863 24
1782336932993 0.31081960022449495 25
1782336937362 0.31314072251319885 26
1782336941657 0.29925105392932894 27
1782336946005 0.3010515868663788 28
1782336950524 0.29963801681995395 29
1782336954942 0.2973848128318787 30
1782336959343 0.292616423368454 31
1782336963875 0.2933084148168564 32
1782336968375 0.2922851610183716 33
1782336972840 0.2904717510938644 34
1782336977292 0.29173325181007387 35
1782336981679 0.2972742253541946 36
1782336986116 0.2864717227220535 37
