1781759735318 1.5383598315410125 1
1781759752366 1.4053688110449376 2
1781759769608 1.3111102458758233 3
1781759786232 1.2234957065337744 4
1781759803423 1.141111936324682 5
1781759820223 1.0612083887442565 6
1781759837515 0.9891189061678373 7
1781759854249 0.919766019552182 8
1781759870779 0.8580277684407357 9
1781759888704 0.7962584144029862 10
1781759905582 0.746466555656531 11
1781759923322 0.7071209565187112 12
1781759940583 0.6586951063229487 13
1781759958168 0.6131394169269464 14
1781759975762 0.5825426486822275 15
1781759991893 0.5469508866469065 16
1781760009252 0.5236250047500317 17
1781760026629 0.5112250256232727 18
1781760044581 0.48467965309436506 19
1781760062314 0.456376680961022 20
1781760080105 0.4336760158722217 21
1781760097859 0.42787119593375766 22
1781760114172 0.4329703404353215 23
1781760131240 0.3970019595745282 24
1781760148676 0.4007941064162132 25
1781760166543 0.38171782554724276 26
1781760184214 0.3686206944477864 27
1781760202236 0.35790228920105177 28
1781760219601 0.35588361972417587 29
1781760237144 0.35344186883706313 30
1781760253562 0.3357988313222543 31
1781760270454 0.3172832398842543 32
1781760287815 0.30462476572929287 33
1781760305049 0.3038327334783016 34
1781760322803 0.3112163092845526 35
1781760341059 0.3035734058954777 36
1781760358330 0.297275036191329 37
