1782000670928 1.3053223964495537 1
1782000691833 1.0666051247181036 2
1782000713991 1.0420713760913947 3
1782000734772 1.0254822266407502 4
1782000758111 1.0053561238142161 5
1782000779021 0.9981114665667216 6
1782000799676 0.9902759209657327 7
1782000820294 0.980702722683931 8
1782000841179 0.9729469663057572 9
1782000861758 0.972367219435863 10
1782000882540 0.9682370408987387 11
1782000903503 0.9702337109125577 12
1782000924420 0.9665480928543286 13
1782000945197 0.9579558020982987 14
1782000965997 0.9585908345687084 15
1782000987023 0.951109358897576 16
1782001007872 0.9508332243332496 17
1782001028742 0.951497842104007 18
1782001049723 0.9442732471686143 19
1782001070776 0.9427866599498651 20
1782001091582 0.943090944718092 21
1782001112901 0.9330379733672509 22
1782001133874 0.9256869478103442 23
1782001156069 0.9234823920787909 24
1782001176829 0.9230087781563784 25
1782001197420 0.9061994720727969 26
1782001218250 0.9034369251666925 27
1782001239133 0.8949878506171398 28
1782001260043 0.8880914617807437 29
1782001281130 0.8781620218203618 30
1782001301912 0.863923844618675 31
1782001322757 0.8659765720367432 32
1782001343767 0.8612276667203659 33
1782001364431 0.8417628896542084 34
1782001385029 0.8309586842854818 35
1782001405574 0.8056898025365976 36
1782001426515 0.7926278771498264 37
1782001447471 0.7733512092859317 38
1782001468540 0.7478948831558228 39
1782001490688 0.7289197674164405 40
1782001511970 0.7180123741810138 41
1782001533047 0.6844145900163895 42
1782001554165 0.66694287611888 43
1782001575169 0.6507743841562516 44
1782001596224 0.6412033683214432 45
1782001633441 0.636257848678491 46
1782001661444 0.6120577530983167 47
1782001683588 0.5945631219790533 48
1782001706342 0.5874023330517304 49
1782001726873 0.5873374625658377 50
1782001747781 0.5759801482542967 51
1782001768464 0.5757241661732013 52
1782001792177 0.5487788273737981 53
1782001815961 0.5403970655722495 54
1782001837266 0.5283722862219199 55
1782001859613 0.5340420863567255 56
1782001880487 0.5053648444322439 57
1782001910925 0.5045148990093133 58
1782001934352 0.4989261436156737 59
1782001956437 0.5021927005205399 60
1782001977232 0.4978362031472035 61
1782001997884 0.4805799860220689 62
1782002018480 0.47573457925747603 63
1782002039339 0.48042825170052356 64
1782002059993 0.45096931167137927 65
1782002080674 0.45691371040466505 66
1782002101764 0.45274889316314304 67
1782002123268 0.4573099773663741 68
1782002144012 0.4493977419840984 69
1782002164582 0.4495464196571937 70
1782002185209 0.4326126598394834 71
1782002206170 0.41776110499333113 72
1782002227023 0.451304188141456 73
1782002248384 0.419469341253623 74
1782002269314 0.4111744402310787 75
1782002289973 0.40927480505062985 76
1782002310717 0.3965670351798718 77
1782002331579 0.40252319360390687 78
1782002352238 0.38672029972076416 79
1782002373296 0.38893122321520096 80
1782002393805 0.3704615143629221 81
1782002414936 0.3826310199040633 82
1782002435689 0.38518542662645 83
1782002456739 0.37695408173096484 84
1782002478009 0.39344105430138415 85
1782002499066 0.3621542300933447 86
1782002519718 0.3534741768470177 87
1782002540727 0.3627721797197293 88
1782002562727 0.36766650279362995 89
1782002583415 0.34665499207301015 90
1782002604233 0.34114715380546373 91
1782002625191 0.3426694640746483 92
1782002646168 0.351150427873318 93
1782002666890 0.3493788112432529 94
1782002687908 0.33240112280234313 95
1782002708675 0.3184523032261775 96
1782002729176 0.3112909671587822 97
1782002750047 0.31856212936914885 98
1782002770932 0.3288476417462031 99
1782002791622 0.3083574565557333 100
1782002812480 0.3006571745261168 101
1782002833364 0.3021061244683388 102
1782002854187 0.3148306027436868 103
1782002874836 0.3001350959142049 104
1782002895543 0.30286438113603836 105
1782002916490 0.3082302892819429 106
1782002937527 0.3016196305935199 107
1782002958575 0.28551975962443227 108
1782002979683 0.2803530937586075 109
1782003001242 0.2812399420982752 110
1782003023429 0.27603223575995517 111
1782003044404 0.2699413777161867 112
1782003065532 0.27207266367398775 113
1782003086306 0.2739321994475829 114
1782003106910 0.30484349949237627 115
1782003129180 0.28658962555420703 116
