1782653633662 2.3591137131055198 1
1782653643409 2.2596748371918998 2
1782653650986 2.1639094849427543 3
1782653659590 2.0575303733348846 4
1782653668648 1.9443942109743755 5
1782653676492 1.824188510576884 6
1782653685210 1.6918994784355164 7
1782653694429 1.552924116452535 8
1782653703457 1.412867600719134 9
1782653713053 1.2873023996750514 10
1782653721559 1.168755292892456 11
1782653730660 1.0558786193529766 12
1782653739081 0.9684439624349276 13
1782653747949 0.8920199970404307 14
1782653756905 0.821798232694467 15
1782653766449 0.7529938643177351 16
1782653776499 0.6931630323330561 17
1782653784783 0.632060502966245 18
1782653793193 0.5654951259493828 19
1782653801299 0.49530211091041565 20
1782653810355 0.44488005464275676 21
1782653819959 0.3994266862670581 22
1782653828398 0.35677381480733555 23
1782653837716 0.32710610950986546 24
1782653846368 0.2977764668564002 25
1782653854715 0.27319187857210636 26
1782653862801 0.24909697845578194 27
1782653871164 0.24424639903008938 28
1782653879663 0.2286909477164348 29
1782653888812 0.21201046742498875 30
1782653897050 0.19954909197986126 31
1782653905088 0.18902221508324146 32
1782653913942 0.17900904019673666 33
1782653922924 0.17418471413354078 34
1782653931522 0.16801794866720834 35
1782653939963 0.16176201216876507 36
1782653948499 0.15556112894167504 37
1782653956776 0.1555205692226688 38
1782653966212 0.15254608169198036 39
1782653973889 0.1544757323960463 40
1782653982389 0.1494548348709941 41
1782653990458 0.14267229040463766 42
1782653998448 0.14098787307739258 43
1782654006963 0.13780087822427353 44
1782654024073 0.13504599997152886 45
1782654032434 0.13230771198868752 46
1782654040724 0.13070455472916365 47
1782654049315 0.13065791564683119 48
1782654058024 0.12892898172140121 49
1782654066845 0.12699046762039265 50
1782654074565 0.12528438648829857 51
1782654083655 0.12697903842975697 52
1782654092197 0.13024938168625036 53
1782654100982 0.12439118760327499 54
1782654108834 0.12138527166098356 55
1782654116613 0.12048544269055128 56
1782654124603 0.11848818293462197 57
1782654132745 0.11629899373898904 58
1782654140856 0.11503724008798599 59
