1782506448698 1.656911563873291 1
1782506473016 1.509607720375061 2
1782506497550 1.4314927101135253 3
1782506522094 1.3839702129364013 4
1782506546551 1.333567237854004 5
1782506571206 1.2848108053207397 6
1782506595601 1.2410075902938842 7
1782506620351 1.1946458101272583 8
1782506645117 1.1429304838180543 9
1782506669606 1.0868811845779418 10
1782506694341 1.0422266960144042 11
1782506718917 1.0070892691612243 12
1782506743419 0.9729887247085571 13
1782506768059 0.9398061513900757 14
1782506792339 0.9118154168128967 15
1782506816987 0.8789313793182373 16
1782506841985 0.8507247805595398 17
1782506866513 0.8286753535270691 18
1782506890985 0.7987489223480224 19
1782506916503 0.7848226428031921 20
1782506941052 0.7552677273750306 21
1782506965478 0.7417406678199768 22
1782506990302 0.7122193336486816 23
1782507014927 0.6907634258270263 24
1782507038919 0.6700573205947876 25
1782507063439 0.6488077521324158 26
1782507087865 0.6296350479125976 27
