1782605406461 3.1469326512566926 1
1782605421613 2.9324465948959877 2
1782605437528 2.7472187897254683 3
1782605453129 2.5465127270797203 4
1782605469296 2.3419332586485764 5
1782605486517 2.133856337645958 6
1782605501801 1.9287258016652074 7
1782605517695 1.7341423281307877 8
1782605533481 1.5526807842583492 9
1782605549691 1.3921683903398185 10
1782605564640 1.2569576501846313 11
1782605580536 1.1499673785834477 12
1782605596168 1.0632317436152492 13
1782605612886 0.9958969745142706 14
1782605628158 0.9320130841485386 15
1782605643283 0.8857591912664217 16
1782605659525 0.845719878015847 17
1782605675638 0.8078175187110901 18
1782605690984 0.7695367418486496 19
1782605706995 0.743208842030887 20
1782605722981 0.7189987856766273 21
1782605738951 0.6921289131559175 22
1782605756739 0.6717455592648737 23
1782605773151 0.6527613339752987 24
1782605788896 0.6305082584249562 25
1782605804124 0.6100122455892891 26
1782605820186 0.5913157730266966 27
1782605835386 0.5790503436121447 28
1782605851117 0.5666415033669308 29
1782605866937 0.5554052200810663 30
1782605881811 0.5482248520029003 31
1782605897251 0.539533506179678 32
1782605912202 0.5313767975774305 33
1782605927540 0.5270125413763111 34
1782605944044 0.5205394440683825 35
1782605959419 0.5157332605329054 36
1782605975149 0.5111536846078676 37
1782605990894 0.5056913217593884 38
1782606006684 0.5060066991838915 39
1782606022263 0.4988818548876664 40
1782606038549 0.49574130568011054 41
1782606053659 0.49624994808229905 42
