1783457317490 3.5487771970885142 1
1783457352554 3.434992262295314 2
1783457388634 3.311337811606271 3
1783457423419 3.226626379149301 4
1783457457236 3.1963538016591753 5
1783457495293 3.1180944613048007 6
1783457538828 2.9669854981558665 7
1783457573899 2.85512980393001 8
1783457609619 2.8166166799409047 9
1783457644794 2.7210560526166643 10
1783457679453 2.5400616356304715 11
1783457714102 2.4037108591624667 12
1783457748699 2.3583674005099704 13
1783457783415 2.2475703273500716 14
1783457818240 2.0565808372838155 15
1783457853719 1.9301411722387587 16
1783457888698 1.8913482470171792 17
1783457923393 1.7992924920150213 18
1783457956590 1.6513999615396773 19
1783457991458 1.5596346982887812 20
1783458032153 1.535575977393559 21
1783458066619 1.488546827009746 22
1783458100609 1.4214836997645242 23
1783458136450 1.3510450635637556 24
1783458171603 1.3306079464299339 25
1783458205538 1.2967021805899483 26
1783458241573 1.2498857378959656 27
1783458277000 1.2178893727915627 28
1783458312741 1.2061768003872462 29
1783458347899 1.1918516116482871 30
1783458383605 1.1642709587301527 31
1783458419034 1.142632360969271 32
1783458453893 1.1380634350436074 33
1783458487979 1.1328100562095642 34
1783458523131 1.113030391080039 35
1783458558341 1.099634770836149 36
