1783008048490 1.370637059211731 1
1783008052820 1.226662802696228 2
1783008057496 1.1657877492904662 3
1783008061902 1.1106707096099853 4
1783008066294 1.0583527517318725 5
1783008070615 1.0081605458259582 6
1783008074841 0.9560086894035339 7
1783008079086 0.905887393951416 8
1783008083417 0.8574046540260315 9
1783008087771 0.807129967212677 10
1783008092065 0.7562073516845703 11
1783008096570 0.7071198010444641 12
1783008101022 0.6614386415481568 13
1783008105313 0.6180886602401734 14
1783008109747 0.5775115633010864 15
1783008114084 0.5401576590538025 16
1783008118380 0.5016609489917755 17
1783008122602 0.46787396669387815 18
1783008126871 0.43880967259407044 19
1783008131175 0.41799604654312134 20
1783008135579 0.3909921991825104 21
1783008139888 0.3693902707099915 22
1783008144233 0.35312334418296815 23
1783008148761 0.33775508880615235 24
1783008153263 0.3308641755580902 25
1783008157644 0.32757773995399475 26
1783008162040 0.3205469703674316 27
1783008166478 0.29985945880413056 28
1783008170851 0.29163460969924926 29
1783008175212 0.28739787101745606 30
1783008179522 0.28321340143680573 31
1783008184317 0.27615843653678895 32
1783008188611 0.27095004081726076 33
1783008192982 0.26826629281044007 34
1783008197340 0.2640057522058487 35
1783008201645 0.26777032256126404 36
1783008205974 0.267985680103302 37
1783008210329 0.2650248664617538 38
1783008214737 0.2584490877389908 39
1783008219228 0.25252859234809877 40
1783008223714 0.24657297790050506 41
1783008228130 0.24575953125953676 42
1783008232550 0.24454931795597076 43
1783008237295 0.24288312315940858 44
1783008241592 0.2409674334526062 45
1783008245918 0.23905021131038665 46
1783008250314 0.236931933760643 47
1783008254754 0.23640880942344666 48
1783008259282 0.23811519086360933 49
1783008264030 0.2357880264520645 50
1783008268475 0.25214929282665255 51
1783008273146 0.24674105942249297 52
1783008277899 0.24274301528930664 53
1783008282474 0.2341605991125107 54
1783008286973 0.2285168409347534 55
