1782086715097 1.6781720066070556 1
1782086724329 1.120122365951538 2
1782086728456 0.7671904373168945 3
1782086732715 0.7296625566482544 4
1782086737061 0.7199237513542175 5
1782086741221 0.6717798209190369 6
1782086745526 0.6201856184005737 7
1782086749936 0.5984760403633118 8
1782086754385 0.5942890238761902 9
1782086758481 0.5872444558143616 10
1782086762686 0.564038850069046 11
1782086767066 0.5490971767902374 12
1782086771469 0.5418018984794617 13
1782086775672 0.5371761119365692 14
1782086780222 0.518344908952713 15
1782086784653 0.49137797236442565 16
1782086789095 0.4829299163818359 17
1782086793217 0.4869630420207977 18
1782086797597 0.46915048599243164 19
1782086802016 0.44064403176307676 20
1782086806351 0.4326192677021027 21
1782086810786 0.43070969939231873 22
1782086815262 0.43298025846481325 23
1782086819878 0.40502317786216735 24
1782086824328 0.4021506416797638 25
1782086833959 0.40698623061180117 26
1782086838353 0.3927513790130615 27
1782086842641 0.3836572229862213 28
1782086847065 0.37672656536102295 29
1782086852367 0.3812372374534607 30
1782086861979 0.3764200139045715 31
1782086866941 0.3610753047466278 32
1782086871341 0.35660632491111754 33
1782086875735 0.35667219519615173 34
1782086879979 0.35639275729656217 35
1782086884261 0.3459312438964844 36
1782086888528 0.3392727637290955 37
1782086892685 0.34573072791099546 38
1782086896811 0.35796965718269347 39
1782086901058 0.33453623950481415 40
1782086905370 0.33070416569709776 41
1782086909503 0.3329913854598999 42
1782086913752 0.33247077107429507 43
1782086917984 0.3199903166294098 44
1782086922122 0.3158016347885132 45
1782086926190 0.3315813410282135 46
1782086930439 0.34447110295295713 47
1782086934715 0.3213095688819885 48
1782086939086 0.3125817447900772 49
1782086943173 0.3123860323429108 50
1782086947427 0.31171792685985567 51
1782086951719 0.30583401799201965 52
1782086956009 0.30198789000511167 53
1782086960351 0.30435772478580475 54
1782086964667 0.30365018248558046 55
1782086968863 0.2992675006389618 56
1782086973081 0.29624246180057523 57
1782086977306 0.30312482833862303 58
1782086981560 0.3053187787532806 59
1782086986653 0.29564310908317565 60
1782086990910 0.2910586953163147 61
1782087000375 0.30620201528072355 62
1782087005331 0.3036240470409393 63
1782087009461 0.2898499870300293 64
1782087013871 0.28630067527294156 65
1782087018282 0.28810476839542387 66
1782087022823 0.2930374264717102 67
1782087026966 0.28495614051818846 68
1782087031213 0.27936208188533784 69
1782087035602 0.28360373616218565 70
1782087039795 0.292849143743515 71
1782087043981 0.278413348197937 72
1782087048319 0.27433785259723664 73
1782087052440 0.27681425750255584 74
1782087056978 0.28052941024303435 75
1782087061337 0.2730343002080917 76
1782087065614 0.27134758353233335 77
1782087069873 0.2734274423122406 78
1782087074236 0.2786087340116501 79
1782087078684 0.2700825184583664 80
1782087082859 0.2666851717233658 81
1782087087088 0.26826690793037417 82
1782087091376 0.2714237254858017 83
1782087095605 0.26609808146953584 84
1782087099982 0.26278280198574067 85
1782087104296 0.26832415819168093 86
1782087108578 0.2740557259321213 87
1782087112974 0.26570760786533354 88
1782087117313 0.2609928846359253 89
1782087121586 0.26166440606117247 90
1782087125941 0.27221950471401213 91
1782087135663 0.2638752430677414 92
1782087140017 0.25847050845623015 93
1782087144238 0.2605173301696777 94
