1781995235412 1.2447628455284314 1
1781995256527 1.052819313147129 2
1781995277519 1.0375548937381842 3
1781995298616 1.0148581174703746 4
1781995319591 1.0023311177889507 5
1781995340637 1.0013184134776776 6
1781995362330 1.0001016809390142 7
1781995383000 0.9925223741775904 8
1781995404021 0.993218964491135 9
1781995425259 0.9656298894148606 10
1781995446426 0.9433177327498411 11
1781995467387 0.9438681266246698 12
1781995488763 0.9295092179225042 13
1781995513167 0.919861587194296 14
1781995534117 0.9085497122544509 15
1781995555549 0.892456210576571 16
1781995577871 0.8811387817064921 17
1781995598939 0.8685350784888635 18
1781995619881 0.8598024035111452 19
1781995640688 0.8536136838106009 20
1781995661677 0.8372212296877152 21
1781995682760 0.8317560798082596 22
1781995703623 0.8262705818200723 23
1781995724504 0.8040691354335883 24
1781995745460 0.7905579667824966 25
1781995766388 0.7938037025622833 26
1781995787159 0.7827263061816876 27
1781995808082 0.7554567930025932 28
1781995829166 0.7438779274622599 29
1781995850109 0.7409860201371021 30
1781995871275 0.7263627235706036 31
1781995892508 0.7133790942338797 32
1781995920816 0.6964751818241217 33
1781995941807 0.7158200450432606 34
1781995963501 0.6884099841117859 35
1781995984620 0.6664188320820148 36
1781996005822 0.6631696377045069 37
1781996026695 0.6599188049634298 38
1781996047596 0.6740699272889358 39
1781996068280 0.6411172762895242 40
1781996089389 0.6304244353221014 41
1781996110544 0.622796648587936 42
1781996131428 0.6221754810748956 43
1781996152023 0.6127149905913916 44
1781996174304 0.6225591225501819 45
1781996195439 0.596126961402404 46
1781996216451 0.5990699300399194 47
1781996237630 0.6008641933783506 48
1781996258482 0.5974424985738901 49
1781996279295 0.5719583699336419 50
1781996300541 0.5757702848850152 51
1781996321522 0.5756412110267541 52
1781996342404 0.5630117173378284 53
1781996363717 0.5646206950530027 54
1781996384913 0.5555058121681213 55
1781996411223 0.5392574706138709 56
1781996432224 0.5448916592659094 57
1781996454305 0.5525284142066271 58
1781996475310 0.5414672218836271 59
1781996496478 0.5266832808653513 60
1781996517526 0.5522991724503346 61
1781996541074 0.5094877038246546 62
1781996562045 0.5080507573408958 63
1781996583064 0.5193096299966177 64
1781996604054 0.4980877989377731 65
1781996625222 0.5000850550639324 66
1781996647242 0.4928162472370343 67
1781996669026 0.4990952526911711 68
1781996690079 0.4971468547979991 69
1781996711139 0.48632791027044636 70
1781996732166 0.48185540697513485 71
1781996753347 0.4890986604568286 72
1781996774262 0.47113386789957684 73
1781996795058 0.46242669759652555 74
1781996816050 0.4613083127217415 75
1781996836929 0.4844232155726506 76
1781996857717 0.4820137169116583 77
1781996878341 0.4606573008573972 78
1781996898677 0.46879190588608766 79
1781996919368 0.45004131090946686 80
1781996940274 0.4663686882226895 81
1781996961300 0.45382545315302336 82
1781996982310 0.4341304928828508 83
1781997003274 0.4591271487566141 84
1781997024513 0.4358322903131827 85
1781997046615 0.4202893261726086 86
1781997068955 0.4223139515289894 87
1781997090277 0.4144033315854195 88
1781997112533 0.4161530335744222 89
1781997133441 0.4312823414802551 90
1781997154193 0.42794386163736003 91
1781997175406 0.4033635839437827 92
1781997196715 0.42631973058749467 93
1781997218556 0.410714226655471 94
1781997239868 0.4010745462698814 95
1781997260720 0.40352899371049344 96
1781997281622 0.40715211935532397 97
1781997302848 0.3932236769260504 98
1781997323598 0.40779118889417404 99
1781997344410 0.38836991022794676 100
1781997365466 0.4054329555768233 101
1781997387773 0.3984177700984172 102
1781997408939 0.3824121631108798 103
1781997430054 0.38279222143002045 104
1781997450916 0.38531605555461 105
1781997472104 0.378772965608499 106
1781997493140 0.3819685341455998 107
1781997514200 0.37679866873300993 108
1781997534964 0.3743739280945215 109
1781997556067 0.3629700472721687 110
1781997577607 0.37215349536675674 111
1781997598865 0.3948455040271466 112
1781997619924 0.3813271598938184 113
1781997644741 0.36639895423864705 114
1781997665895 0.3538985825501956 115
1781997687020 0.3571381782874083 116
1781997708361 0.36485878015175843 117
1781997729601 0.35622150546465164 118
1781997750802 0.3450342049965492 119
