1779919398873 1.4252750492095947 1
1779919402731 0.9986309671401977 2
1779919406634 0.8804533910751343 3
1779919410521 0.8340901803970336 4
1779919414485 0.7225279974937439 5
1779919418297 0.6870145678520203 6
1779919422169 0.7511558842658996 7
1779919426089 0.7198218083381653 8
1779919430003 0.6918758106231689 9
1779919433819 0.6713372159004212 10
1779919437876 0.651245985031128 11
1779919441807 0.63404376745224 12
1779919445755 0.6971343946456909 13
1779919449635 0.6624692678451538 14
1779919453473 0.6415463399887085 15
1779919457460 0.6322802519798278 16
1779919461387 0.6163187646865844 17
1779919465405 0.6035892271995544 18
1779919469272 0.5858275532722473 19
1779919473202 0.5700873839855194 20
1779919477198 0.5547453188896179 21
1779919481097 0.5352191925048828 22
1779919485053 0.5281444907188415 23
1779919488915 0.5185303711891174 24
1779919492762 0.5105589902400971 25
1779919496681 0.5016078162193298 26
1779919500580 0.5058164143562317 27
1779919504486 0.496539306640625 28
1779919508407 0.48690828919410706 29
1779919512341 0.4917516326904297 30
1779919516219 0.4819662642478943 31
1779919520183 0.4712227642536163 32
1779919524032 0.4588611853122711 33
1779919528022 0.45472705841064454 34
1779919531900 0.4555980157852173 35
1779919535959 0.45377028465270997 36
1779919539916 0.44105734944343566 37
1779919544063 0.4634258019924164 38
1779919547973 0.4419103646278381 39
1779919551888 0.43169149160385134 40
1779919555801 0.42672650337219237 41
1779919559675 0.4242845940589905 42
1779919569058 0.4129167866706848 43
1779919573024 0.41177173852920534 44
1779919576942 0.3960228824615479 45
1779919580984 0.4074688160419464 46
1779919584857 0.4067334687709808 47
1779919588774 0.3875772190093994 48
1779919592726 0.3787637972831726 49
1779919596556 0.37565805375576017 50
