1780037181758 1.288969574830471 1
1780037235902 1.0644345742005568 2
1780037290224 1.057862407121903 3
1780037345467 1.0451523661613464 4
1780037399754 1.0171013138233087 5
1780037454385 1.011435030362545 6
1780037508805 0.9964719445277483 7
1780037563772 0.9831710075720762 8
1780037618504 0.975580877218491 9
1780037672980 0.9615781490619366 10
1780037728008 0.9675832115686857 11
1780037782250 0.9559008631950769 12
1780037836465 0.9441460034786127 13
1780037890649 0.9377783063130501 14
1780037945099 0.9304451300547674 15
1780037999266 0.916570938550509 16
1780038053637 0.918049000776731 17
1780038108503 0.9045609052364643 18
1780038163385 0.8830940478887314 19
1780038218205 0.8680493846917764 20
1780038272438 0.8558111343628321 21
1780039391156 0.8443694206384512 22
1780040247878 0.8248731600932586 23
1780040301629 0.8245307100124848 24
1780040355332 0.8075216473677219 25
1780040409211 0.8002089537107028 26
1780040463446 0.7795892388392718 27
1780040517447 0.7814653882613549 28
1780040571345 0.7983518945865142 29
1780040625601 0.7629242783937699 30
1780040680244 0.7487278855763949 31
1780040734556 0.7417680498881217 32
1780040788927 0.7282310388027093 33
1780040843325 0.7298677945748354 34
1780040897518 0.7148117682872674 35
1780040952421 0.6996761040809827 36
1780041006931 0.7030017116130927 37
1780041062222 0.6884556993460044 38
1780041116485 0.690922873142438 39
1780041170627 0.6982974257224646 40
1780041225244 0.675576049547929 41
1780041279695 0.6680755340136014 42
1780041333886 0.6576491609597818 43
1780041388658 0.6474911784514402 44
1780041443553 0.6389349943552262 45
