1780589662072 1.387038530447544 1
1780589685972 1.0696364732889028 2
1780589709733 1.0439569583305945 3
1780589732780 1.0182759624261122 4
1780589768026 1.007652501265208 5
1780589797542 1.0024354931635735 6
1780589822247 1.0016786410258367 7
1780589845394 0.9889503992520846 8
1780589869133 0.9885607698024848 9
1780589893436 0.9796964449760242 10
1780589917245 0.9764264699740287 11
1780589941787 0.9757399345055605 12
1780589969458 0.9608637843376551 13
1780589992692 0.950092647320185 14
1780590016166 0.9461694741860415 15
1780590042051 0.944315465597006 16
1780590068068 0.9280734841640179 17
1780590091902 0.9304696428470123 18
1780590115578 0.9236464760242364 19
1780590141074 0.9221732050944598 20
1780590165993 0.9138298187500391 21
1780590190176 0.9004184160477076 22
1780590214516 0.8985547178830856 23
1780590239994 0.8875303940895276 24
1780590263711 0.903208695925199 25
1780590287662 0.8869632329696264 26
1780590312510 0.878007859755785 27
1780590336120 0.872250925271939 28
1780590359409 0.8650473371530191 29
1780590383461 0.845824061295925 30
1780590407528 0.8437412625704056 31
1780590431633 0.8334527535316272 32
1780590455875 0.8211722939442365 33
1780590481477 0.8035076810763433 34
1780590505423 0.7809129922817915 35
1780590529612 0.7721072053297972 36
1780590554627 0.7574466635019351 37
1780590578907 0.7577700783044864 38
1780590604244 0.731805165608724 39
1780590630939 0.7318575978279114 40
1780590656644 0.7105067983651773 41
1780590682239 0.7020974357922872 42
1780590705564 0.7139734518833649 43
1780590729227 0.6938081276722443 44
1780590753503 0.6639108978785001 45
