1782653723378 1.5936541963707318 1
1782653729686 1.2712709226391532 2
1782653735949 1.0417946536432614 3
1782653741996 0.8427053581584584 4
1782653748163 0.6791544217954982 5
1782653754436 0.5526427423412149 6
1782653760690 0.4468719369985841 7
1782653766877 0.3668793507597663 8
1782653773140 0.2993208007379012 9
1782653779349 0.2505820921876214 10
1782653785795 0.20572524822571062 11
1782653792072 0.17638930238106035 12
1782653798373 0.15275730565190315 13
1782653804813 0.13737355612895705 14
1782653811094 0.12395936098288406 15
1782653817473 0.11578799665651539 16
1782653823805 0.10825124247507616 17
1782653830074 0.10024893334643407 18
1782653836221 0.09561026333407922 19
1782653842459 0.09148985384540124 20
1782653848811 0.08875718916004355 21
1782653854951 0.08441034518182278 22
1782653861234 0.08207911930300972 23
1782653867647 0.07924553972076286 24
1782653873778 0.07695047845217315 25
1782653879943 0.07839894497936423 26
1782653886182 0.077063572677699 27
1782653892421 0.0746581567959352 28
1782653898626 0.07227186570790681 29
1782653904821 0.06950877894732085 30
1782653911137 0.06975773078474132 31
1782653917363 0.06792195945639502 32
1782653923735 0.06684812463142654 33
1782653930039 0.06656335785307667 34
1782653936156 0.06714745560152964 35
1782653942575 0.063684996556152 36
1782653948971 0.06548979802226479 37
1782653955263 0.06153053189204498 38
1782653961623 0.0609094604680484 39
1782653967774 0.06133458983491768 40
1782653974183 0.06154476148499684 41
1782653980579 0.05907811639322476 42
1782653986787 0.0612821231003512 43
1782653993182 0.059270145032893524 44
1782653999430 0.05801682140339504 45
1782654005719 0.057259511964564976 46
1782654012123 0.05888276132331653 47
