1782662194658 1.5046925693750381 1
1782662196232 1.4003532081842422 2
1782662197832 1.3466601520776749 3
1782662199416 1.3157926052808762 4
1782662201007 1.293573573231697 5
1782662202640 1.2619282752275467 6
1782662204210 1.2425454556941986 7
1782662205766 1.2101254761219025 8
1782662207378 1.1781804710626602 9
1782662208894 1.179000973701477 10
1782662210512 1.1535796970129013 11
1782662212165 1.1324857026338577 12
1782662213849 1.1138820052146912 13
1782662215491 1.0901192724704742 14
1782662217020 1.080348327755928 15
1782662218618 1.0502218008041382 16
1782662220202 1.0318423882126808 17
1782662221795 1.0038689896464348 18
1782662223305 0.9972618147730827 19
1782662224951 0.9753196090459824 20
1782662226597 0.9540450945496559 21
1782662228303 0.9380084499716759 22
1782662229959 0.9148490577936172 23
1782662231551 0.8995491117238998 24
1782662233253 0.8910892158746719 25
1782662234829 0.870331421494484 26
1782662236397 0.8531001433730125 27
1782662237988 0.8239168077707291 28
1782662239685 0.8029056712985039 29
1782662241458 0.7894996181130409 30
1782662243059 0.7660505846142769 31
1782662244704 0.7640887200832367 32
1782662246333 0.7323182821273804 33
1782662247987 0.7201592102646828 34
1782662249567 0.7029526084661484 35
1782662251179 0.6921045407652855 36
1782662252817 0.6752576529979706 37
1782662254460 0.6648012101650238 38
1782662256118 0.6487113460898399 39
1782662257769 0.6233769655227661 40
1782662259433 0.6088006794452667 41
1782662260966 0.599796861410141 42
