1776802505779 1.20481107711792 1
1776802588658 0.9428799459934235 2
1776802671588 0.5244693561196327 3
1776802755276 0.27905968254804614 4
1776802840238 0.23702550292015076 5
1776802923976 0.21627148085832595 6
1776803006154 0.2114642332494259 7
1776803088317 0.20406418734788895 8
1776803171696 0.20056890800595284 9
1776803254992 0.19779590171575545 10
1776803338836 0.196105387121439 11
1776803422522 0.19172890770435333 12
1776803505977 0.1908377594947815 13
1776803589617 0.18848988983035087 14
1776804579348 0.18481513196229934 15
