1783008758467 1.5936542315916582 1
1783008764854 1.2712709470228716 2
1783008771077 1.0417946373874492 3
1783008777449 0.8427053689956665 4
1783008783672 0.6791544258594513 5
1783008790049 0.5526427416638895 6
1783008796361 0.4468719383532351 7
1783008802653 0.3668793500824408 8
1783008808867 0.29932080141522666 9
1783008815173 0.2505820911716331 10
1783008821581 0.20572524348443205 11
1783008828001 0.17638930238106035 12
1783008834351 0.15275730734521692 13
1783008840801 0.13737355562096293 14
1783008847110 0.12395936182954094 15
1783008853392 0.11578799580985849 16
1783008859526 0.10825124078176239 17
1783008865786 0.10024893249977719 18
1783008872068 0.09561026384207336 19
1783008878505 0.09148985469205813 20
1783008884844 0.08875718882138078 21
1783008891271 0.08441034399650314 22
1783008897702 0.08207911913367835 23
1783008903943 0.07924553751945496 24
1783008910328 0.07695047929883003 25
1783008916713 0.07839894464070146 26
1783008923086 0.0770635733550245 27
1783008929479 0.07465815933590586 28
1783008935779 0.07227186587723819 29
1783008942261 0.06950877826999534 30
1783008948336 0.06975772959942167 31
1783008954853 0.06792195844040676 32
1783008961313 0.06684812556274912 33
1783008967618 0.06656335844573649 34
1783008973960 0.06714745560152964 35
1783008980468 0.06368499494750392 36
1783008986690 0.06548979920758442 37
1783008993030 0.061530532146042045 38
1783008999196 0.06090946063737978 39
1783009005296 0.06133459008891474 40
1783009011321 0.061544761400331154 41
1783009017678 0.059078115885230625 42
1783009023939 0.06128212318501689 43
1783009030255 0.059270145032893524 44
1783009036381 0.05801682064140385 45
1783009043007 0.05725951179523359 46
1783009049490 0.05888276132331653 47
1783009055931 0.058524960482662376 48
1783009062160 0.05591158280995759 49
1783009068466 0.055054842748425224 50
1783009074830 0.054123909551311626 51
1783009081337 0.054591101594269276 52
1783009087586 0.0545218259265477 53
1783009093948 0.05237360925159671 54
1783009100470 0.05248257348483259 55
1783009106728 0.05216804502362555 56
1783009113036 0.05209092745049433 57
1783009119449 0.051962217231365765 58
1783009125875 0.05266584312035279 59
1783009132185 0.050659275613725185 60
1783009138446 0.05047841878099875 61
1783009144719 0.04901023302227259 62
1783009151069 0.049937907098369164 63
1783009157558 0.04863136337900704 64
1783009164090 0.0496637187898159 65
1783009170541 0.049021999690343036 66
1783009176952 0.04840212713249705 67
1783009183157 0.047955198721452194 68
1783009189552 0.04792925757779316 69
1783009195850 0.050091079182245514 70
1783009202224 0.047467855736613274 71
1783009208479 0.04706871882081032 72
1783009214773 0.04706922427497127 73
1783009221309 0.04622204677963799 74
1783009227860 0.0464161897755482 75
1783009234286 0.04714313394982706 76
1783009240777 0.0473357511006973 77
1783009247197 0.04405347054654902 78
1783009253541 0.046296273950826035 79
1783009259934 0.04648216839202426 80
