1782693003675 1.115026708911447 1
1782693022738 0.8681599883472219 2
1782693038816 0.7216848555733176 3
1782693054617 0.597404792028315 4
1782693070693 0.4892535098627502 5
1782693086522 0.40574252547002304 6
1782693102371 0.3369399402655807 7
1782693118305 0.2813201806708878 8
1782693134845 0.24119883658839206 9
1782693150688 0.20788204465426652 10
1782693166719 0.18882104637576083 11
1782693182495 0.16434616873077318 12
1782693198495 0.15389732607439452 13
1782693214448 0.13961943721070008 14
1782693230295 0.13408985675549975 15
1782693246047 0.12544237150281085 16
1782693261921 0.11703900452338013 17
1782693277747 0.11498302922529333 18
1782693293826 0.10702216230771121 19
1782693309780 0.1024892547843503 20
1782693325720 0.10550998662616692 21
1782693341903 0.09803506038060375 22
1782693357888 0.0954920823375384 23
1782693373858 0.09156789353080824 24
1782693389804 0.08615828626880459 25
1782693405812 0.09400241442170798 26
1782693421797 0.0878809428974694 27
1782693437884 0.08171925197045009 28
1782693453900 0.08025810341624652 29
1782693469688 0.08107879005518615 30
1782693485486 0.08871145765571033 31
1782693501341 0.07898327496414091 32
1782693517224 0.08798743127023473 33
1782693533296 0.07856760524651583 34
