1782668390019 1.9152944326400756 1
1782668391184 1.8007405757904054 2
1782668392410 1.725339412689209 3
1782668393566 1.6633545637130738 4
1782668394777 1.6065903186798096 5
1782668395947 1.5535446166992188 6
1782668397108 1.516725754737854 7
1782668398291 1.4714547634124755 8
1782668399459 1.4334444046020507 9
1782668400622 1.3963661432266234 10
1782668401780 1.364340353012085 11
1782668403000 1.323973536491394 12
1782668404176 1.303630518913269 13
1782668405368 1.2633864164352417 14
1782668406550 1.2302289247512816 15
1782668407724 1.1930328607559204 16
1782668408869 1.167163372039795 17
1782668410040 1.1227083206176758 18
1782668411219 1.0933624267578126 19
1782668412366 1.0544066905975342 20
1782668413559 1.0163804292678833 21
1782668414737 0.9828322291374206 22
1782668416001 0.9457267165184021 23
1782668417193 0.9251862168312073 24
1782668418379 0.9106202006340027 25
1782668419552 0.8783200740814209 26
1782668420763 0.8395753502845764 27
1782668421971 0.8121219277381897 28
1782668423178 0.7876813292503357 29
1782668424329 0.757789146900177 30
1782668425497 0.7401352882385254 31
1782668426660 0.7087241649627686 32
1782668427823 0.6976092457771301 33
1782668428975 0.6701475143432617 34
1782668430189 0.647573459148407 35
1782668431328 0.6226781725883483 36
1782668432494 0.6017518877983093 37
1782668433655 0.5811427593231201 38
1782668434826 0.5683502793312073 39
1782668435999 0.5515089154243469 40
1782668437137 0.530298399925232 41
1782668438349 0.5098201513290406 42
1782668439559 0.49663222432136533 43
1782668440705 0.47648441791534424 44
1782668441869 0.4672302186489105 45
1782668443051 0.4476286292076111 46
1782668444225 0.4462323307991028 47
1782668445389 0.4291669547557831 48
1782668446572 0.41438048481941225 49
1782668447767 0.39660986661911013 50
1782668449018 0.3913212180137634 51
1782668450178 0.3878454089164734 52
1782668451348 0.38299991488456725 53
1782668452553 0.367640894651413 54
1782668453733 0.35200769901275636 55
1782668454925 0.3440718114376068 56
1782668456113 0.3353346586227417 57
1782668457278 0.3477336823940277 58
1782668458445 0.32567431330680846 59
1782668459601 0.3318500518798828 60
1782668460793 0.3132023632526398 61
1782668461991 0.31449599266052247 62
1782668463165 0.2949002146720886 63
1782668464388 0.30048392415046693 64
1782668465578 0.2890159130096436 65
1782668466726 0.2789143741130829 66
1782668467863 0.2679741561412811 67
1782668469076 0.26339327692985537 68
1782668470266 0.26441154181957244 69
1782668471505 0.2544561803340912 70
1782668472687 0.25543783903121947 71
1782668473869 0.25144790709018705 72
1782668475011 0.24290864467620848 73
1782668476213 0.23928966820240022 74
1782668477421 0.23359606862068177 75
1782668478566 0.23132147192955016 76
1782668479720 0.22639573216438294 77
1782668480891 0.2276908576488495 78
1782668482073 0.2244098663330078 79
1782668483285 0.21796157956123352 80
1782668484582 0.21899220049381257 81
1782668485806 0.21349515914916992 82
1782668487038 0.2153130978345871 83
1782668488227 0.20422125458717347 84
1782668489386 0.20674155056476592 85
1782668490577 0.1980391949415207 86
1782668491755 0.19764610528945922 87
