1781232664966 1.394615553855896 1
1781232728579 1.0281267688274383 2
1781232793455 0.6258507412672043 3
1781232851935 0.2617458896040916 4
1781232913214 0.20555529445409776 5
1781232975192 0.18544095477461814 6
1781233032788 0.17662735015153885 7
1781233097085 0.17270528781414032 8
1781233157086 0.16468468794226646 9
1781233219921 0.16093486541509627 10
1781233280310 0.15967321226000786 11
1781233343278 0.15746775561571122 12
1781233405395 0.15412105053663253 13
1781233462892 0.1521381295621395 14
1781233524837 0.15090292316675186 15
1781233580788 0.15081155386567116 16
1781233638963 0.14771597519516944 17
1781233697673 0.14851314502954482 18
1781233760234 0.1460324551165104 19
1781233823263 0.1439449922144413 20
1781233883103 0.14392692941427232 21
1781233943672 0.1425637129843235 22
1781234007666 0.14270330476760865 23
1781234069148 0.14369011235237122 24
1781234130486 0.14084379795193672 25
1781234186803 0.14115890231728553 26
1781234250777 0.14092974585294724 27
1781234312472 0.14082312521338464 28
1781234369667 0.13902737560868264 29
1781234429479 0.1379665279686451 30
1781234489989 0.13805275666713715 31
1781234550752 0.13717493173480033 32
1781234610552 0.1378726725578308 33
1781234669363 0.13635323321819307 34
1781234734142 0.13884960502386093 35
1781234796638 0.13727828238904477 36
1781234860863 0.1370451532304287 37
1781234918619 0.13670067052543164 38
1781234985058 0.1370315166115761 39
1781235052066 0.13340774808824063 40
1781235117853 0.13587518702447415 41
1781235179101 0.13317914241552353 42
1781235242773 0.13497205130755902 43
1781235306613 0.1331661058962345 44
1781235367356 0.13361022639274597 45
1781235430194 0.13321585300564767 46
1781235490051 0.1324369884133339 47
1781235552854 0.13275312404334544 48
1781235617117 0.13201787149906158 49
1781235673934 0.13173388054966925 50
1781235742960 0.1331985862851143 51
1781235800821 0.13247347904741763 52
1781235864360 0.13382501697540283 53
1781235930975 0.13105723309516906 54
1781235993618 0.13253342333436013 55
1781236057556 0.1320885892212391 56
1781236118490 0.13396044179797173 57
1781236178975 0.13024727775156497 58
1781236238673 0.12981560680270196 59
1781236297733 0.13110285790264606 60
1781236354131 0.1284235775321722 61
1781236417524 0.13010535600781442 62
1781236476195 0.1321708462536335 63
1781236541597 0.13156217007339 64
1781236602700 0.1321873512864113 65
1781236666029 0.1300748864263296 66
1781236729908 0.1308886767923832 67
1781236790298 0.13020064689219 68
1781236851701 0.13112495963275433 69
1781236910453 0.13001719371974468 70
1781236970581 0.1298160679489374 71
1781237026797 0.13220881208777427 72
1781237084394 0.13053694193065166 73
1781237141154 0.12807321098446847 74
1781237204740 0.1306546323299408 75
1781237266802 0.12917979808151722 76
1781237329392 0.12897732010483742 77
1781237390978 0.129407995223999 78
1781237454177 0.12854663625359536 79
1781237510076 0.12869720509648322 80
1781237566971 0.13054439853131772 81
1781237629367 0.13016597959399223 82
1781237695668 0.12975708000361919 83
1781237758493 0.12848085507750512 84
1781237819730 0.12733150957524778 85
1781237885021 0.12981839314103127 86
1781237941884 0.12977428005635738 87
1781238044347 0.12813859516382217 88
1781238103833 0.12647496278584003 89
1781238160000 0.1260718452334404 90
1781238221268 0.1281271905899048 91
1781238282119 0.12797075122594834 92
1781238341271 0.1264562628418207 93
1781238400966 0.12582873891294002 94
1781238462238 0.1274545757174492 95
1781238524811 0.13747730684280396 96
1781238582494 0.13128590627014636 97
1781238649945 0.1289304489046335 98
1781238715415 0.12637612567842008 99
1781238776741 0.12610416087508203 100
