1783495791299 1.3554673790931702 1
1783495792940 1.2554427981376648 2
1783495794532 1.2282668501138687 3
1783495796098 1.1883777379989624 4
1783495797742 1.1697323024272919 5
1783495799398 1.1429092586040497 6
1783495801057 1.116766169667244 7
1783495804261 1.0843289345502853 8
1783495806656 1.060499683022499 9
1783495808293 1.041535124182701 10
1783495809924 1.0152562335133553 11
1783495811562 1.006071925163269 12
1783495813207 0.9801210463047028 13
1783495814831 0.9532676860690117 14
1783495816491 0.9376323074102402 15
1783495818105 0.9220904782414436 16
1783495819760 0.9070681482553482 17
1783495821472 0.8778783231973648 18
1783495823128 0.8629670813679695 19
1783495824774 0.8408004343509674 20
1783495826447 0.8197211921215057 21
1783495828068 0.8071584925055504 22
1783495829729 0.7959725335240364 23
1783495831347 0.7720246464014053 24
1783495832973 0.7524334639310837 25
1783495834591 0.7334132269024849 26
1783495836236 0.7219943180680275 27
1783495837874 0.7115175798535347 28
1783495839526 0.7071242853999138 29
1783495841191 0.6825645938515663 30
1783495842797 0.6674565821886063 31
1783495844435 0.6531708240509033 32
1783495846068 0.6313709244132042 33
1783495847756 0.6224849000573158 34
1783495849362 0.6021819710731506 35
1783495850946 0.5904335603117943 36
1783495852580 0.5827218666672707 37
1783495854197 0.5633216500282288 38
1783495855860 0.5419292859733105 39
1783495857471 0.5354736186563969 40
1783495859133 0.5249852538108826 41
1783495860752 0.5032098181545734 42
1783495862371 0.4907011613249779 43
1783495863961 0.47275060787796974 44
1783495865541 0.46186036989092827 45
1783495867160 0.45541688427329063 46
1783495868816 0.43769940733909607 47
1783495870451 0.4257057085633278 48
1783495872062 0.4210376515984535 49
1783495873670 0.41740862652659416 50
1783495875274 0.4025293327867985 51
1783495876918 0.3919103369116783 52
1783495878556 0.3794754818081856 53
1783495880181 0.3678615242242813 54
1783495881809 0.3651391565799713 55
1783495883447 0.35053278133273125 56
1783495885044 0.33955777809023857 57
1783495886647 0.32925283536314964 58
1783495888264 0.32704004645347595 59
1783495889880 0.3172193728387356 60
1783495891511 0.326064370572567 61
1783495893163 0.3082280829548836 62
1783495894773 0.3008895255625248 63
1783495896408 0.2929525785148144 64
1783495898000 0.2862900570034981 65
1783495899597 0.2874509133398533 66
1783495901188 0.27692424319684505 67
1783495902753 0.3012448847293854 68
1783495904337 0.2771725431084633 69
1783495905973 0.27365340664982796 70
1783495907608 0.26714441180229187 71
1783495909255 0.26309308037161827 72
1783495910877 0.2464750111103058 73
1783495912481 0.24984756484627724 74
1783495914109 0.24450130574405193 75
1783495915839 0.24181944876909256 76
1783495917512 0.23119417764246464 77
1783495919131 0.23432665690779686 78
1783495920778 0.2287672720849514 79
1783495922406 0.2247562650591135 80
1783495923957 0.22544691525399685 81
1783495925539 0.21910743787884712 82
1783495927166 0.2217350509017706 83
1783495928778 0.2134248372167349 84
1783495930381 0.2090123388916254 85
1783495932022 0.2085675410926342 86
1783495933648 0.20227081328630447 87
1783495935291 0.2047594804316759 88
1783495936914 0.203203447163105 89
1783495938551 0.20437708124518394 90
1783495940183 0.20429696701467037 91
1783495941781 0.1923766490072012 92
1783495943387 0.19327097944915295 93
