1783008278680 1.3519786871396577 1
1783008281060 1.239320764174828 2
1783008283396 1.1946096328588633 3
1783008285771 1.15313026538262 4
1783008288075 1.1176092532964854 5
1783008290458 1.0844725691355193 6
1783008292898 1.0621259487592256 7
1783008295306 1.0353053945761461 8
1783008297699 1.0095988878837 9
1783008300076 0.9846329138829157 10
1783008302451 0.962221833375784 11
1783008304717 0.937978982925415 12
1783008307068 0.9187690523954538 13
1783008309456 0.8930585888715891 14
1783008311904 0.8785885526583745 15
1783008314259 0.8661415301836454 16
1783008316579 0.8489984549008883 17
1783008318975 0.8241829046836266 18
1783008321326 0.8027849197387695 19
1783008323684 0.7877471217742333 20
1783008325963 0.7755292470638568 21
1783008328308 0.7609686759802011 22
1783008330583 0.7373895461742694 23
1783008332947 0.7250805818117582 24
1783008335298 0.7148430668390714 25
1783008337646 0.6989641281274649 26
1783008340009 0.6844295171590952 27
1783008342352 0.6735353607397813 28
1783008344708 0.6638510410602276 29
1783008346983 0.6436070799827576 30
1783008349236 0.6304698036267207 31
1783008351573 0.6269126580311701 32
1783008353865 0.6210821546041049 33
1783008356210 0.6116204949525686 34
1783008358586 0.5978454168026264 35
1783008360906 0.59853562941918 36
1783008363281 0.5776644899294927 37
1783008365596 0.5691005037381098 38
1783008367922 0.5651221825526311 39
1783008370206 0.5621486168641311 40
1783008372487 0.5469807982444763 41
1783008374709 0.5504081593110011 42
1783008377030 0.5285732952448038 43
1783008379344 0.520833989748588 44
1783008385239 0.5141504865426284 45
1783008387523 0.5032157943798945 46
1783008389858 0.4910242030253777 47
1783008392148 0.4919611146816841 48
1783008394529 0.4877797571512369 49
1783008396795 0.4787954160800347 50
1783008399091 0.46901429845736575 51
1783008401496 0.4579045933026534 52
1783008403857 0.4570620357990265 53
1783008406207 0.440972768343412 54
1783008408586 0.446875471335191 55
1783008410917 0.4433920956574954 56
1783008413258 0.45814849550907427 57
1783008415492 0.4504535152361943 58
1783008417750 0.4496722679871779 59
1783008420054 0.4449033737182617 60
1783008422485 0.44398372906904954 61
1783008424951 0.417350010229991 62
1783008427259 0.40612969260949355 63
1783008429593 0.3950535540397351 64
1783008431865 0.4028513660797706 65
