1782662980575 2.9259723959297967 1
1782662995411 2.7226415667040595 2
1782663011232 2.5419990523108122 3
1782663027240 2.3507887330548516 4
1782663042238 2.149295346490268 5
1782663057741 1.9470994801356876 6
1782663074625 1.7478581502519805 7
1782663089700 1.5608428428912986 8
1782663105309 1.3997692609655445 9
1782663120352 1.265874747572274 10
1782663135487 1.156847674271156 11
1782663150779 1.0730380765322982 12
1782663166274 0.9967027717623217 13
1782663181676 0.9347334874087366 14
1782663197111 0.882660146417289 15
1782663212956 0.8447674060689991 16
1782663228726 0.8079761184495071 17
1782663244383 0.7701757344706305 18
1782663259420 0.7451248025072033 19
1782663274477 0.711837858989321 20
1782663289876 0.6888305853153097 21
1782663305539 0.6632968269545456 22
1782663321292 0.6402898492484257 23
1782663337758 0.6206946290772537 24
1782663353163 0.6024246421353571 25
1782663369021 0.5844067561215368 26
1782663384533 0.5705520469566872 27
1782663400139 0.5619910544362562 28
1782663415951 0.5545737825590988 29
1782663431421 0.5471594025348795 30
1782663446461 0.5351360769107424 31
1782663461643 0.524576126501478 32
1782663478101 0.5228976103766211 33
