1781732898184 1.2889663836894891 1
1781732915099 1.0642955150359716 2
1781732931472 1.0577116440504024 3
1781732948093 1.0451757846734462 4
1781732965099 1.016340345908434 5
1781732981601 1.0135451295436957 6
1781732997779 0.9971775809923807 7
1781733013966 0.9880571762720743 8
1781733030668 0.9811721123181857 9
1781733047545 0.9768460392951965 10
1781733064767 0.9606851843687204 11
1781733081916 0.953467173454089 12
1781733099219 0.9457088342079749 13
1781733116458 0.9423237641652426 14
1781733133021 0.9259549119533637 15
1781733149170 0.9120626281469296 16
1781733166023 0.9065501491228739 17
1781733183181 0.9012265908412445 18
1781733200235 0.8815578344540719 19
1781733217939 0.8733619023592044 20
1781733235640 0.8586256228960477 21
1781733253055 0.8547861621930049 22
1781733268837 0.834266525048476 23
1781733285419 0.8265638320873945 24
1781733302504 0.8073319456516168 25
1781733320028 0.8101832958368155 26
1781733337537 0.7975922593703637 27
1781733354635 0.7822025892062064 28
1781733372264 0.7900110926383581 29
1781733389101 0.776355477479788 30
1781733421150 0.7586898314647186 31
1781733438265 0.7422239490044422 32
1781733455791 0.7287015639818631 33
1781733473094 0.7356726343815143 34
1781733490416 0.728596690373543 35
1781733508133 0.7015521434637216 36
1781733524065 0.6936724797273294 37
1781733540756 0.6822549929985633 38
1781733557587 0.6914788897220905 39
1781733574958 0.6744155883789062 40
1781733592503 0.6637041003276141 41
1781733610475 0.6551494185741131 42
1781733627830 0.6556717982658973 43
1781733644218 0.6354779096750113 44
1781733660732 0.637918831446232 45
1781733677631 0.6185935460604154 46
1781733694967 0.6138491370739081 47
1781733729243 0.6098516522309719 48
1781733746739 0.6020126189941015 49
1781733763771 0.6194433646324353 50
1781733779794 0.5987160572638879 51
1781733796328 0.6008701370312617 52
1781733813228 0.5776714438047165 53
1781733830141 0.578501053345509 54
1781733847359 0.5798661128068582 55
1781733864981 0.5742249733362442 56
1781733882289 0.5646255635298215 57
1781733898935 0.5499148131945194 58
1781733918890 0.555226783721875 59
1781733936064 0.5422291343028729 60
1781733953269 0.5397513164923742 61
1781733970936 0.5463870549813296 62
1781733988880 0.5467349863969363 63
1781734006087 0.5264308941669953 64
1781734023236 0.5169454087049533 65
1781734039370 0.517906143115117 66
1781734055842 0.5229130608913226 67
1781734072964 0.5021363282815005 68
1781734090253 0.49636055796574324 69
1781734107134 0.4923213896078941 70
1781734124376 0.5154724847047757 71
1781734141978 0.49279802349897533 72
1781734157783 0.5069333498294537 73
1781734174490 0.48390360444020003 74
1781734191999 0.506661729934888 75
1781734209095 0.48300659503692234 76
1781734226373 0.48494233382053864 77
