1782668013502 2.4060592452685037 1
1782668021891 2.269763300816218 2
1782668030731 2.1472144623597464 3
1782668040134 2.0130621045827866 4
1782668048159 1.869443451364835 5
1782668056225 1.7175661971171696 6
1782668064406 1.5578422099351883 7
1782668073113 1.4003584782282512 8
1782668081087 1.2552443345387776 9
1782668089059 1.1259192824363708 10
1782668097075 1.016161782046159 11
1782668105721 0.9221026425560316 12
1782668113519 0.8412805249293646 13
1782668121679 0.7698073461651802 14
1782668130399 0.7077860285838445 15
1782668138247 0.6474917332331339 16
1782668146445 0.5934992507100105 17
1782668155684 0.5402747169137001 18
1782668163736 0.4969424990316232 19
1782668171896 0.45689935609698296 20
1782668180080 0.419065710157156 21
1782668188124 0.3867666857937972 22
1782668196785 0.36213794723153114 23
1782668204711 0.338098481297493 24
1782668211947 0.3162936953206857 25
1782668219713 0.3025032468140125 26
1782668227481 0.2880866676568985 27
1782668235537 0.2723057872305314 28
1782668243376 0.26092576173444587 29
1782668251443 0.2554875910282135 30
1782668259631 0.24567762203514576 31
1782668267495 0.2373288714637359 32
1782668275664 0.22933814177910486 33
1782668284100 0.22183752059936523 34
1782668293761 0.21793910302221775 35
1782668301290 0.21039432659745216 36
1782668308758 0.20850447937846184 37
1782668316663 0.20584891426066557 38
1782668324906 0.20284769435723624 39
1782668333107 0.19478495108584562 40
1782668341922 0.19461533116797605 41
1782668349416 0.19089097591737905 42
1782668357171 0.1891217672576507 43
1782668365039 0.18625160492956638 44
1782668373941 0.1820427073786656 45
1782668382598 0.18023177174230418 46
1782668390845 0.1804388922949632 47
1782668398658 0.1775895326087872 48
1782668406708 0.1750621541092793 49
1782668414681 0.17422599097092947 50
1782668423483 0.17144247082372507 51
1782668431064 0.16918629594147205 52
1782668438630 0.16668379865586758 53
1782668446683 0.1646243010958036 54
1782668454540 0.16669975221157074 55
1782668462694 0.1696409434080124 56
1782668470954 0.16232185748716196 57
1782668479093 0.16014261357486248 58
1782668487277 0.15842670823136965 59
1782668495442 0.15788747432331243 60
1782668503483 0.15615946923693022 61
1782668511422 0.15532959811389446 62
