1782086326241 1.6568901443481445 1
1782086330203 1.1016533422470092 2
1782086334111 0.762952733039856 3
1782086338208 0.730948646068573 4
1782086342259 0.7237566971778869 5
1782086346130 0.6915476870536804 6
1782086350064 0.6292936468124389 7
1782086354093 0.6012127423286437 8
1782086358005 0.5929260110855102 9
1782086362010 0.5932619905471802 10
1782086365874 0.5712816619873047 11
1782086369998 0.5557918906211853 12
1782086373900 0.5476872432231903 13
1782086377876 0.5422392761707306 14
1782086381911 0.5281237041950226 15
1782086385944 0.4996686780452728 16
1782086390135 0.4921021282672882 17
1782086394068 0.48761350512504575 18
1782086397971 0.4679924535751343 19
1782086402028 0.444627605676651 20
1782086407917 0.4326974761486053 21
1782086411884 0.43806339740753175 22
1782086415735 0.4335671651363373 23
1782086419595 0.41110369443893435 24
1782086423418 0.40127357602119446 25
1782086427492 0.4119549787044525 26
1782086431379 0.39883830308914187 27
1782086435107 0.38108227849006654 28
1782086438801 0.375857503414154 29
1782086442645 0.3838200795650482 30
1782086446480 0.3829342746734619 31
1782086450479 0.3626071262359619 32
1782086454679 0.3579352414608002 33
1782086458651 0.3581604993343353 34
1782086462598 0.36072426676750186 35
1782086466868 0.34759500086307527 36
1782086470808 0.34496979117393495 37
1782086474774 0.35313093423843384 38
1782086478709 0.35051108717918394 39
1782086482732 0.3350768482685089 40
1782086486798 0.33259235084056854 41
1782086490681 0.33494567513465884 42
1782086494764 0.33216118097305297 43
1782086498852 0.32466071903705596 44
1782086503039 0.3206490683555603 45
1782086506927 0.3227716869115829 46
1782086510916 0.32492069065570833 47
1782086514895 0.31811895668506623 48
1782086518857 0.3115800315141678 49
1782086522843 0.31566419064998624 50
1782086526858 0.3162172520160675 51
1782086530865 0.3222965157032013 52
1782086534931 0.31231883585453035 53
1782086538809 0.3101436400413513 54
1782086542812 0.3058846712112427 55
1782086546741 0.2982917308807373 56
1782086555795 0.2957531917095184 57
1782086559679 0.2975260269641876 58
1782086563864 0.316681244969368 59
1782086568614 0.2991205835342407 60
1782086572645 0.2934813940525055 61
1782086576473 0.2938325011730194 62
1782086580423 0.2971907192468643 63
1782086584401 0.2890893316268921 64
1782086588519 0.2866544246673584 65
1782086592456 0.28708957731723783 66
1782086596531 0.2860910606384277 67
1782086600532 0.281985849738121 68
1782086604613 0.28270088136196136 69
1782086608524 0.28865706264972685 70
1782086612608 0.2955705678462982 71
1782086616633 0.28329363226890564 72
1782086620550 0.2792074728012085 73
1782086624404 0.28284124612808226 74
1782086628300 0.2819234675168991 75
1782086632303 0.2756115520000458 76
1782086636204 0.27399801909923555 77
1782086640219 0.27498114824295045 78
1782086644062 0.2834483397006988 79
1782086647897 0.2748596554994583 80
1782086651959 0.2712892699241638 81
1782086655891 0.27124262273311617 82
1782086659732 0.27837298572063446 83
1782086663652 0.27009804248809816 84
1782086667639 0.2676948183774948 85
1782086671727 0.2671752941608429 86
1782086675499 0.2692940801382065 87
1782086679580 0.2646996295452118 88
1782086683674 0.26233151376247404 89
1782086687716 0.2666205197572708 90
1782086691479 0.27386763095855715 91
1782086695447 0.26540611863136293 92
1782086699377 0.2601416397094727 93
1782086703246 0.2633026176691055 94
1782086706982 0.2624756979942322 95
1782086710899 0.2601105320453644 96
