1782651496432 1.6275373832745985 1
1782651502698 1.2859151173721661 2
1782651509099 1.0415373864499005 3
1782651515489 0.8336366374384273 4
1782651521713 0.668879049745473 5
1782651528093 0.5369437120177529 6
1782651534274 0.44194813682274386 7
1782651540518 0.35429770160805096 8
1782651546636 0.29063695804639295 9
1782651553000 0.2347973771393299 10
1782651559182 0.19667791439728302 11
1782651565546 0.1717544130303643 12
1782651571773 0.14613910628990692 13
1782651578070 0.13027853332459927 14
1782651584471 0.12079798379404978 15
1782651590626 0.11393225463953885 16
1782651597118 0.1042288060892712 17
1782651604345 0.09932419420643286 18
1782651614155 0.09316639906980774 19
1782651620583 0.09382804974236271 20
1782651626912 0.08717418800700795 21
1782651633107 0.08316412754356861 22
1782651639269 0.0841954480856657 23
1782651645617 0.08106000010262836 24
1782651652050 0.07749988680536096 25
1782651658161 0.07661174356260082 26
1782651664371 0.07530055279758843 27
1782651670713 0.07223430496047843 28
1782651676958 0.07123806285248561 29
1782651683139 0.07003070998259565 30
1782651689440 0.06965419937941161 31
1782651695681 0.06665639926425436 32
1782651701926 0.065185446546159 33
1782651708084 0.06625822440467098 34
1782651714242 0.0674685218625448 35
1782651720239 0.06582966074347496 36
1782651726375 0.06218168291855942 37
1782651732694 0.06091036037965254 38
1782651738968 0.060751911168071354 39
1782651745164 0.06010662247850136 40
1782651751294 0.06194715015590191 41
1782651757473 0.05817697806791826 42
1782651763623 0.05620673806829886 43
1782651769775 0.0595692681487311 44
1782651775910 0.060018279759043995 45
1782651781889 0.056802325204692104 46
1782651788118 0.05702485982328653 47
1782651794237 0.05641079033640298 48
