1779395512835 1.0753530251979828 1
1779395565086 0.5271284630298615 2
1779395617531 0.3869327526092529 3
1779395671879 0.3619381617903709 4
1779395722805 0.32861424589157107 5
1779395775449 0.3095847142338753 6
1779395827038 0.30143402177095413 7
1779395879589 0.2928205100893974 8
1779395931462 0.28584996157884596 9
1779395982480 0.2850404473543167 10
1779396033915 0.274281614780426 11
1779396088243 0.2597648729681969 12
1779396140485 0.26239332062006 13
1779396193687 0.24964916396141051 14
1779396246244 0.24395068156719207 15
1779396298253 0.24065704721212386 16
1779396351004 0.24274931454658508 17
1779396402776 0.21397262555360794 18
1779396454204 0.25364887008070947 19
1779396505637 0.24233929908275603 20
