1782378161998 1.4946533346176147 1
1782378166644 1.4062661027908325 2
1782378171152 1.3549375057220459 3
1782378175714 1.3056027793884277 4
1782378180331 1.2545589685440064 5
1782378185001 1.202605218887329 6
1782378190036 1.1482513284683227 7
1782378195025 1.0912335729598999 8
1782378203162 1.0334448504447937 9
1782378207697 0.974263789653778 10
1782378212470 0.9173988819122314 11
1782378217271 0.8595199203491211 12
1782378222179 0.8021234464645386 13
1782378227911 0.7457329678535461 14
1782378232322 0.6938775372505188 15
1782378237171 0.6463576507568359 16
1782378241620 0.5972124052047729 17
1782378246138 0.5532438766956329 18
1782378250820 0.5128412342071533 19
1782378255596 0.4785109555721283 20
1782378260366 0.44959104895591734 21
1782378265150 0.42229023337364197 22
1782378269974 0.39676055550575257 23
1782378274587 0.3791107201576233 24
1782378279337 0.36469362378120423 25
1782378284253 0.3550483763217926 26
1782378289021 0.3458017408847809 27
1782378293692 0.33232333183288576 28
1782378298535 0.3222622221708298 29
1782378303224 0.3154738503694534 30
1782378313221 0.315497967004776 31
1782378318121 0.3061959618330002 32
1782378322854 0.3011452853679657 33
1782378327566 0.293605198264122 34
1782378332034 0.2938556706905365 35
1782378336452 0.28902195394039154 36
1782378341190 0.28490216851234434 37
1782378345944 0.28470089137554166 38
1782378350541 0.2795998930931091 39
1782378355122 0.2766709804534912 40
1782378359676 0.27829722583293914 41
1782378364336 0.27616570115089417 42
1782378369101 0.2721448564529419 43
1782378373668 0.26991456627845767 44
