1782653755719 1.2762619165273814 1
1782653758040 1.1843607700788057 2
1782653760377 1.133677968612084 3
1782653762674 1.0888631894038274 4
1782653764903 1.0496001151891856 5
1782653767170 1.0252344745856066 6
1782653769447 0.9859575996032128 7
1782653771685 0.9524465111585764 8
1782653774030 0.9299179086318383 9
1782653776319 0.9004535308251014 10
1782653778623 0.8754807160450861 11
1782653780951 0.8492432970267075 12
1782653783192 0.833413091989664 13
1782653785419 0.8048442648007319 14
1782653787672 0.779577191059406 15
1782653789945 0.7602926263442407 16
1782653792190 0.7245561801470243 17
1782653794404 0.7057232306553767 18
1782653796721 0.6839048358110281 19
1782653799032 0.6681241209690387 20
1782653801269 0.6494784538562481 21
1782653803429 0.6325058020078219 22
1782653805623 0.6224280916727506 23
1782653807781 0.5931896062997671 24
1782653810052 0.5841660224474393 25
1782653812309 0.560346768452571 26
1782653814606 0.5486875084730295 27
1782653816865 0.5379527234114133 28
1782653819074 0.5343691294009869 29
1782653821302 0.511087206693796 30
1782653823573 0.5112571395360507 31
1782653825909 0.4847893646130195 32
1782653828223 0.4749259719481835 33
1782653830493 0.45653404410068804 34
1782653832743 0.44340256773508513 35
1782653834979 0.4459058917485751 36
1782653837202 0.43735375771155727 37
1782653839478 0.4306632326199458 38
1782653841694 0.41649573812117946 39
1782653844019 0.40452853532937855 40
1782653846287 0.397771791769908 41
1782653848571 0.3804435133934021 42
