1782668716983 1.3450801395902447 1
1782668723681 1.0802428184771071 2
1782668730446 0.9030625048805686 3
1782668737294 0.7566990875730327 4
1782668743996 0.6336585446900013 5
1782668750761 0.5264063191180136 6
1782668757576 0.44784005482991535 7
1782668764177 0.39750291202582566 8
1782668770853 0.343268109887254 9
1782668777408 0.3080007644260631 10
1782668784083 0.2820513946752922 11
1782668790816 0.2649814524486953 12
1782668797490 0.24774953401556202 13
1782668804240 0.23303697944856158 14
1782668811096 0.22601206133178636 15
1782668817907 0.21602463371613445 16
1782668824767 0.20537986065827163 17
1782668831548 0.19982774263503505 18
1782668838418 0.19641054027220783 19
1782668845232 0.18797564360440946 20
1782668851961 0.18215142599507875 21
1782668858707 0.18553166792673223 22
1782668865461 0.18499134451735252 23
