1781736653028 1.027626582145691 1
1781736704362 0.4725333807468414 2
1781736753491 0.36097450768947603 3
1781736803261 0.3203449960947037 4
1781736851694 0.29770898127555845 5
1781736900363 0.2736809760928154 6
1781736950012 0.2606128083467483 7
1781736999425 0.3043514689207077 8
1781737048505 0.2469836626648903 9
1781737096540 0.23966896665096282 10
1781737144799 0.22896208307147026 11
1781737193743 0.22375082337856292 12
1781737249075 0.21777302607893945 13
1781737299128 0.218983384847641 14
1781737349346 0.21346844488382338 15
1781737397711 0.21795860147476195 16
1781737445700 0.20499298551678657 17
1781737495183 0.20589567527174948 18
1781737544851 0.20219810611009598 19
1781737592701 0.20080413761734964 20
1781737641835 0.1992983948290348 21
1781737695843 0.19689730846881867 22
1781737743998 0.19697196879982948 23
1781737793030 0.1933537576198578 24
1781737841290 0.19176872715353965 25
1781737891697 0.18693373847007752 26
1781737941067 0.1934884766638279 27
1781737989197 0.18960190492868423 28
1781738037208 0.1832614961564541 29
1781738086098 0.186675754904747 30
1781738135561 0.18258883079886437 31
1781738184044 0.17998993554711343 32
1781738233381 0.1808803426325321 33
1781738285677 0.18104293775558472 34
1781738333980 0.17637694218754768 35
1781738382285 0.17503208860754968 36
1781738431490 0.17464013263583184 37
1781738480200 0.17719864881038666 38
1781738528281 0.1737488989531994 39
1781738577080 0.1752437897026539 40
1781738626080 0.17233312943577767 41
1781738676310 0.17096582636237145 42
1781738727276 0.1731461357474327 43
1781738775324 0.17513386496901512 44
1781738823583 0.17166648903489112 45
1781738877743 0.16814038443565368 46
1781738937877 0.18614429944753647 47
1781738985814 0.20809719401597976 48
1781739038386 0.17299350258708 49
1781739087256 0.17215656864643097 50
1781739135222 0.16863744777441025 51
1781739183617 0.18666438081860542 52
1781739231709 0.18275760877132416 53
1781739279827 0.2004629216492176 54
1781739328120 0.1972148459851742 55
1781739377049 0.15900727874040604 56
