1783495652210 1.5369659513235092 1
1783495653810 1.392030194401741 2
1783495655432 1.3523043245077133 3
1783495657017 1.3122821152210236 4
1783495658583 1.301439255475998 5
1783495660157 1.281966656446457 6
1783495661734 1.2502180188894272 7
1783495663302 1.2288712561130524 8
1783495664872 1.2059959769248962 9
1783495666473 1.2025595605373383 10
1783495668130 1.1877144873142242 11
1783495669700 1.1541981399059296 12
1783495671318 1.1492638289928436 13
1783495672967 1.127552181482315 14
1783495674566 1.1146510392427444 15
1783495676163 1.0952210128307343 16
1783495677775 1.0722629204392433 17
1783495679398 1.06599523127079 18
1783495680959 1.0753969475626945 19
1783495682590 1.0353182256221771 20
1783495684172 1.020039513707161 21
1783495685795 1.0011801347136497 22
1783495687371 0.9822505712509155 23
1783495689047 0.9737191423773766 24
1783495690625 0.9522253945469856 25
1783495692249 0.9497138410806656 26
1783495693889 0.9240160062909126 27
1783495695538 0.9017796963453293 28
1783495697175 0.8866034522652626 29
1783495698801 0.8767717257142067 30
1783495715286 0.8474757894873619 31
1783495716917 0.8411336913704872 32
1783495718523 0.8285825327038765 33
1783495720171 0.815334789454937 34
1783495721843 0.7915120124816895 35
1783495723453 0.7921203076839447 36
1783495725138 0.7597977668046951 37
1783495726767 0.7564354091882706 38
1783495728429 0.7353123426437378 39
1783495730093 0.7353516891598701 40
1783495731757 0.720750480890274 41
1783495733332 0.7012987956404686 42
1783495734920 0.7155643403530121 43
1783495736522 0.6761256977915764 44
1783495738138 0.6570091843605042 45
1783495739759 0.6413106396794319 46
1783495741372 0.6315834745764732 47
1783495742958 0.6132521331310272 48
1783495744584 0.607370413839817 49
1783495746206 0.5927456393837929 50
1783495747768 0.579640120267868 51
1783495749348 0.5729926899075508 52
1783495750975 0.5643121972680092 53
1783495752606 0.5552250295877457 54
1783495754256 0.5376237332820892 55
1783495755977 0.5418685600161552 56
1783495757614 0.5138944312930107 57
1783495759242 0.5024860203266144 58
1783495760901 0.4849887639284134 59
1783495762509 0.4802371859550476 60
1783495764160 0.47013866528868675 61
1783495765780 0.4648870378732681 62
1783495767400 0.449961606413126 63
1783495769026 0.44146544858813286 64
1783495770693 0.43218423426151276 65
1783495772344 0.4313543178141117 66
1783495773974 0.4168472997844219 67
1783495775657 0.4054919146001339 68
1783495777265 0.39402929693460464 69
1783495778901 0.3918769285082817 70
1783495780576 0.3744513876736164 71
1783495782230 0.365174975246191 72
1783495783877 0.3521607592701912 73
1783495785523 0.3510918840765953 74
1783495787151 0.342195812612772 75
1783495788776 0.3277641385793686 76
