1782654029194 1.4742264151573181 1
1782654035594 1.1688089695843784 2
1782654041925 0.970459518107501 3
1782654048201 0.8096335286443884 4
1782654054468 0.6761032261631705 5
1782654060699 0.5662536404349587 6
1782654067061 0.4771985641934655 7
1782654073346 0.40089774199507455 8
1782654079623 0.33917531032453885 9
1782654085856 0.2831689329309897 10
1782654092202 0.24030876396731896 11
1782654098653 0.20472786033695395 12
1782654104942 0.17295102842829443 13
1782654111199 0.1503340442749587 14
1782654117473 0.13623861071061005 15
1782654124049 0.12588643468916416 16
1782654130447 0.11468819596550682 17
1782654136516 0.10526466132564978 18
1782654142999 0.09847283227877184 19
1782654149374 0.0958024188876152 20
1782654155661 0.09017968804321506 21
1782654161892 0.08934184621003541 22
1782654168317 0.08259465172886848 23
1782654174691 0.08185601014305245 24
1782654180834 0.0781405454670841 25
1782654187236 0.0759632812643593 26
1782654193552 0.07869549349627712 27
1782654200123 0.07384002818302675 28
