1782229870556 1.4871297454833985 1
1782229874528 1.338092656135559 2
1782229878438 0.914123067855835 3
1782229882376 0.8525443363189698 4
1782229886406 0.8404534411430359 5
1782229890555 0.8178628563880921 6
1782229894579 0.786146788597107 7
1782229898643 0.7730791878700256 8
1782229902577 0.7705008816719056 9
1782229906749 0.7642474365234375 10
1782229910758 0.7571485114097595 11
1782229914592 0.7529010200500488 12
1782229918521 0.7513462162017822 13
1782229922564 0.7460348272323608 14
1782229926597 0.7356773662567139 15
1782229930788 0.7248906445503235 16
1782229934827 0.7211488628387451 17
1782229938924 0.7116584777832031 18
1782229943053 0.7005367279052734 19
1782229947258 0.6929342174530029 20
1782229951182 0.6897132158279419 21
1782229955081 0.6875060081481934 22
1782229959222 0.6839771461486817 23
1782229963275 0.6814755415916443 24
1782229967252 0.6803341078758239 25
1782229971642 0.6789527034759522 26
1782229975588 0.6775466632843018 27
1782229979706 0.6740090823173523 28
1782229983844 0.673221116065979 29
1782229987835 0.6728770852088928 30
1782229991928 0.6713471794128418 31
1782229995964 0.6682268309593201 32
1782229999996 0.6657875537872314 33
1782230004073 0.6660517740249634 34
1782230007932 0.661897349357605 35
1782230012275 0.6588620448112488 36
1782230016176 0.6589865779876709 37
1782230020200 0.6598458361625671 38
1782230024254 0.6575999855995178 39
1782230028247 0.6551801037788391 40
1782230033023 0.6517086124420166 41
1782230037353 0.6519287347793579 42
1782230041504 0.6533879590034485 43
1782230045555 0.6488015031814576 44
1782230049561 0.6470857334136962 45
1782230053517 0.6447035026550293 46
1782230057392 0.6431210279464722 47
1782230061324 0.6392906093597412 48
1782230065291 0.6389014267921448 49
1782230069429 0.6393201160430908 50
1782230073445 0.6328603100776672 51
1782230077330 0.6299087762832641 52
1782230081641 0.6286125564575196 53
1782230085703 0.6268490123748779 54
1782230089616 0.6294325637817383 55
1782230093623 0.6199347019195557 56
1782230097604 0.6208662271499634 57
1782230101763 0.6173142290115357 58
1782230105723 0.6113829755783081 59
1782230109923 0.6051833486557007 60
1782230113841 0.6031190204620361 61
1782230117832 0.6032385468482971 62
1782230121954 0.5986297845840454 63
1782230125922 0.594414587020874 64
1782230129949 0.5928182244300843 65
1782230134180 0.5909925127029418 66
1782230139208 0.5916214108467102 67
1782230143328 0.5835464704036712 68
1782230147494 0.5805262565612793 69
1782230151638 0.580954110622406 70
1782230155764 0.5784557986259461 71
1782230159847 0.5803525137901306 72
1782230163782 0.5724849867820739 73
1782230167906 0.5763739895820618 74
1782230171997 0.576860294342041 75
1782230175985 0.5649962437152862 76
1782230179914 0.5645551824569702 77
1782230184152 0.5670384168624878 78
1782230188171 0.5654059147834778 79
1782230192196 0.558571115732193 80
1782230196095 0.5567021989822387 81
1782230200122 0.5566218543052673 82
1782230204153 0.5565749669075012 83
1782230208251 0.5501463007926941 84
1782230212367 0.5501296103000641 85
1782230216542 0.5509265577793121 86
1782230220756 0.5479048728942871 87
1782230224834 0.5428941893577576 88
1782230228862 0.5404236483573913 89
1782230232898 0.5425425374507904 90
1782230236884 0.5389233934879303 91
1782230240933 0.5358347845077515 92
1782230245012 0.5337740516662598 93
1782230249209 0.5369135975837708 94
1782230253236 0.5346144092082977 95
1782230257473 0.5282739925384522 96
1782230261589 0.5271546530723572 97
1782230265750 0.5290783488750458 98
1782230269719 0.5304930186271668 99
1782230273753 0.5229301226139068 100
