1782667804053 1.2309115483210638 1
1782667808790 1.1519680206592267 2
1782667811149 1.1025924407518828 3
1782667813552 1.0560729962128859 4
1782667815871 1.0095607179861803 5
1782667818232 0.9595688673166128 6
1782667820638 0.9172468093725351 7
1782667823040 0.8839395504731399 8
1782667825435 0.8593667837289664 9
1782667827815 0.8238977468930758 10
1782667830181 0.7896575102439294 11
1782667832587 0.7611982547319852 12
1782667835003 0.7370969928227938 13
1782667837410 0.7137557634940515 14
1782667839753 0.6860957329089825 15
1782667842081 0.6661989780572745 16
1782667844421 0.640937708891355 17
1782667846792 0.6232251708324139 18
1782667849116 0.6059096272175128 19
1782667851504 0.5837931036949158 20
1782667853916 0.5813097403599665 21
1782667856373 0.5671442196919367 22
1782667858736 0.5400218550975506 23
1782667861130 0.5220123483584478 24
1782667863436 0.5069262889715341 25
1782667865834 0.5003289236472204 26
1782667868145 0.49156225415376514 27
1782667870553 0.48245678498194766 28
1782667872914 0.4703334409456987 29
1782667875303 0.4617135249651395 30
1782667877673 0.44854723719450146 31
1782667880102 0.43834614065977245 32
1782667883689 0.42882846410457903 33
1782667886023 0.4287092158427605 34
1782667888416 0.4180552982367002 35
1782667890809 0.41115108590859634 36
1782667893142 0.40019623132852405 37
1782667895590 0.3917500881048349 38
1782667897930 0.3916742709966806 39
1782667900283 0.3959901034832001 40
1782667902671 0.3844476227576916 41
1782667905076 0.3708284841133998 42
1782667907445 0.3688875666031471 43
1782667909818 0.360421937245589 44
1782667912231 0.353364314024265 45
1782667914628 0.3478325628317319 46
1782667916991 0.3575425996230199 47
1782667919378 0.3448752760887146 48
1782667921710 0.345719025685237 49
1782667924185 0.35107635534726656 50
1782667926532 0.3499397360361539 51
1782667928914 0.3432822869374202 52
1782667931335 0.34691014656653774 53
1782667933740 0.33552327064367443 54
1782667936205 0.33758421815358675 55
1782667938660 0.3308228414792281 56
1782667940993 0.33330739461458647 57
1782667943293 0.3325189191561479 58
1782667945658 0.32078633400110096 59
1782667948080 0.3284112008718344 60
1782667950501 0.33021681354596066 61
1782667952921 0.32781149790837216 62
1782667955312 0.32745299201745254 63
1782667957656 0.31769176171376157 64
