1781731193755 1.3067585596671472 1
1781731210675 1.066176848533826 2
1781731228021 1.0605512582338774 3
1781731244827 1.0534965502910125 4
1781731260920 1.0481139818827312 5
1781731277433 1.031873690776336 6
1781731294011 1.011678853096106 7
1781731311346 0.9987539725425916 8
1781731328794 0.9845505295655667 9
1781731345707 0.9686503991102561 10
1781731362804 0.9553794387059334 11
1781731379646 0.9464270778191395 12
1781731395674 0.9347358697499984 13
1781731412644 0.9224180380503336 14
1781731430183 0.9147340074563638 15
1781731447489 0.909817255460299 16
1781731465180 0.9097077143497956 17
1781731482617 0.8935577563750439 18
1781731499884 0.8866658149621426 19
1781731515789 0.8842496061936403 20
1781731532144 0.8697432783933786 21
1781731548996 0.8583557972541223 22
1781731566006 0.8455759684244791 23
1781731583180 0.8515651470575577 24
1781731600141 0.8359648829851395 25
1781731617768 0.8184658044423813 26
1781731634113 0.8111938696641189 27
1781731650388 0.8014731407165527 28
1781731667508 0.7806515021201892 29
1781731684586 0.7732030932719891 30
1781731701678 0.7611127128967872 31
1781731718986 0.7666309567598196 32
1781731743886 0.7781529823939005 33
1781731760717 0.7499941281783276 34
1781731777176 0.7423471686167594 35
1781731794129 0.7149026623139014 36
1781731813663 0.7147130782787616 37
1781731830749 0.7117065802598611 38
1781731848028 0.6994764117094187 39
1781731865317 0.7134578014031435 40
1781731882201 0.6858223783664215 41
1781731898408 0.682992004431211 42
1781731914910 0.6875441196637276 43
1781731931851 0.668190381465814 44
1781731948941 0.6591668572181311 45
1781731965952 0.6554747009888674 46
1781731983195 0.650517021998381 47
1781732000393 0.6362715302369534 48
1781732016394 0.6359298809980735 49
1781732033258 0.6224002975683945 50
1781732050659 0.6173718816194779 51
1781732067593 0.6244354614844689 52
1781732084942 0.6051366222210419 53
1781732101727 0.6075114944042304 54
1781732118443 0.595812718073527 55
1781732134886 0.5909288174066788 56
1781732151617 0.5813642205336155 57
1781732171051 0.5775530819709485 58
1781732187950 0.5753481082427196 59
1781732204492 0.5751693821870364 60
1781732221305 0.5650370052227607 61
1781732238176 0.5645990585669493 62
1781732254829 0.5531732187821314 63
1781732270860 0.5597360134124756 64
1781732287347 0.5452291369438171 65
1781732304255 0.5418669145840865 66
1781732321324 0.5322100741740985 67
1781732338688 0.5367733133144867 68
1781732356152 0.5370876552202762 69
1781732373705 0.526373238899769 70
1781732389785 0.5278139779200921 71
1781732406308 0.5454928194865202 72
1781732423337 0.5174097204819704 73
1781732440119 0.5136551169248728 74
1781732457660 0.5018324424058963 75
1781732475107 0.5036323804121751 76
1781732492082 0.48593419561019313 77
1781732508323 0.4820972421230414 78
1781732524448 0.4847509692876767 79
1781732541188 0.47272461117842257 80
1781732558436 0.48599327145478666 81
1781732575133 0.5237236894094027 82
1781732592467 0.4609430348261809 83
1781732609700 0.44679563014935225 84
1781732626492 0.48154324293136597 85
1781732642822 0.4634558673088367 86
1781732659300 0.4456936701750144 87
1781732676450 0.45074092119168013 88
1781732698549 0.4627680503405057 89
1781732715287 0.43397607711645275 90
1781732732094 0.42750972815049 91
1781732748902 0.4640923975369869 92
1781732765199 0.4409025387886243 93
1781732781530 0.4146475081260388 94
1781732798290 0.4130200621409294 95
1781732815223 0.4114068631942456 96
1781732831762 0.4230851362913083 97
1781732848163 0.40919292202362645 98
1781732865176 0.4047664373348921 99
1781732880976 0.39430673000140065 100
