1782595852335 1.6020798921585082 1
1782595853496 1.4369967937469483 2
1782595854609 1.3635135412216186 3
1782595855760 1.309735107421875 4
1782595856877 1.269471859931946 5
1782595858032 1.2284258365631104 6
1782595859165 1.199303650856018 7
1782595860303 1.1620023012161256 8
1782595861437 1.1334148645401 9
1782595862598 1.1099655389785767 10
1782595863737 1.0824277877807618 11
1782595864841 1.0510171890258788 12
1782595865923 1.0229195356369019 13
1782595867030 0.9965122938156128 14
1782595868159 0.9678480148315429 15
1782595869290 0.9533339619636536 16
1782595870453 0.9158767104148865 17
1782595871618 0.9016958117485047 18
1782595872769 0.8766201615333558 19
1782595873917 0.8493123292922974 20
1782595875065 0.826021409034729 21
1782595876244 0.8017670631408691 22
1782595877416 0.774504566192627 23
1782595878571 0.7579508543014526 24
1782595879735 0.7401163697242736 25
1782595880864 0.7260468482971192 26
1782595881987 0.7048390150070191 27
1782595883738 0.7011863112449646 28
1782595884823 0.675127649307251 29
1782595885935 0.6623943686485291 30
1782595887061 0.6347440958023072 31
1782595888206 0.6192802548408508 32
1782595889304 0.609718918800354 33
1782595890473 0.5917325615882874 34
1782595891609 0.5792917966842651 35
1782595892792 0.5641100525856018 36
1782595893926 0.549733293056488 37
1782595895042 0.5306477546691895 38
1782595896178 0.5179838895797729 39
1782595897334 0.501848715543747 40
1782595898497 0.4924834489822388 41
1782595899666 0.4819133460521698 42
1782595900811 0.47112647294998167 43
1782595901990 0.46578583121299744 44
1782595903155 0.4573335528373718 45
1782595904253 0.4409606158733368 46
1782595905387 0.4368069887161255 47
1782595906541 0.4310926258563995 48
1782595907688 0.41855548620224 49
1782595908879 0.4151124656200409 50
1782595910002 0.40885997414588926 51
1782595911099 0.3957970142364502 52
1782595912259 0.38642467856407164 53
