1782667829206 2.0086070732636885 1
1782667835841 1.6855576228011737 2
1782667842314 1.4080633439800956 3
1782667848934 1.1698982336304404 4
1782667855367 0.964506752111695 5
1782667861951 0.7997028597376563 6
1782667868497 0.668722702698274 7
1782667874990 0.5568047118457881 8
1782667881399 0.4609014947306026 9
1782667887904 0.39452055570754135 10
1782667894507 0.3380630382082679 11
1782667901067 0.2912864840843461 12
1782667907514 0.2551809058270671 13
1782667914083 0.2288698862222108 14
1782667920469 0.20477403937415642 15
1782667926922 0.1898506646129218 16
1782667933279 0.17627070844173431 17
1782667939613 0.16931132531978868 18
1782667946256 0.16127288815650073 19
1782667952736 0.15510350906036116 20
1782667959180 0.1488712297921831 21
1782667965431 0.144654376601631 22
1782667971834 0.1390019262378866 23
1782667978333 0.13723577067933299 24
1782667984925 0.13430718044665726 25
1782667991679 0.1307483303614638 26
1782667998097 0.1265439692546021 27
1782668004763 0.12674019655043428 28
1782668011278 0.12301141192967241 29
1782668017858 0.12097919071939858 30
1782668024451 0.11799555729058656 31
1782668030958 0.12008371356536042 32
1782668037445 0.1165266011587598 33
1782668043896 0.11489840173585848 34
1782668050462 0.11750120381740006 35
1782668057022 0.113263368437236 36
1782668063509 0.11259277080270377 37
1782668069904 0.11113593812015923 38
1782668076204 0.10901595161042431 39
1782668082843 0.10703902657736432 40
1782668089396 0.10765052688392726 41
1782668095895 0.1104870985516093 42
1782668102400 0.10834964754229243 43
1782668108994 0.10879487120969729 44
1782668115454 0.10569618557664481 45
1782668121838 0.10354481180283157 46
1782668128047 0.10168680193072016 47
1782668134312 0.10248378630388867 48
1782668140752 0.10209998691623862 49
