1781206878536 1.7643122010760837 1
1781206893885 1.3192541201909382 2
1781206910972 1.0456526525436887 3
1781206927405 1.0417233554143754 4
1781206943723 1.0403989610217868 5
1781206958745 1.0404273706769187 6
1781206974857 1.0399076484498524 7
1781206991646 1.0396899098441714 8
1781207006454 1.0397391016521151 9
1781207022179 1.039559625443958 10
1781207039421 1.0395569952707442 11
1781207055847 1.0394505848960272 12
1781207072012 1.0392152033154927 13
1781207088434 1.0391790904696026 14
1781207104645 1.0392059882481892 15
1781207122468 1.0389968062204027 16
1781207138174 1.038908186412993 17
1781207155210 1.038877564763266 18
1781207170294 1.0387217544374012 19
1781207185381 1.03859115403796 20
1781207202531 1.0384794284426977 21
1781207218667 1.0383995355121673 22
1781207235362 1.0382657732282365 23
1781207249653 1.0381814695539928 24
1781207264952 1.038034681289915 25
1781207280029 1.0379885245883276 26
1781207295582 1.0376011341337175 27
1781207311548 1.0375022680040389 28
1781207326268 1.037310178317721 29
1781207341137 1.037115488733564 30
1781207356054 1.0368604224825662 31
1781207372795 1.0364136487718612 32
1781207389184 1.0353080885750907 33
1781207406108 1.034581085992238 34
1781207420764 1.0328679009089394 35
1781207436138 1.0311199161741469 36
1781207452598 1.02511703778827 37
1781207468710 0.9804380999671088 38
1781207484848 0.9541168780553908 39
1781207501379 0.93708835802381 40
1781207518442 0.9200715914605155 41
1781207534177 0.9087561983910818 42
1781207551838 0.8996356621621147 43
1781207567939 0.8929902211068168 44
1781207585417 0.8876229061020745 45
1781207602608 0.87605220079422 46
1781207618630 0.8652808618923974 47
1781207634168 0.8564383520020379 48
1781207650208 0.8429426721164158 49
1781207667160 0.8322290494328454 50
1781207682736 0.8172693876993089 51
1781207700540 0.8082901343466744 52
1781207716862 0.8018322151804728 53
1781207732850 0.794772071497781 54
1781207749885 0.7890451361262609 55
1781207766385 0.7843568391270108 56
1781207783873 0.7781780891948276 57
1781207800277 0.7693247151753259 58
1781207818181 0.7625864715803237 59
1781207834879 0.75924252233808 60
1781207850731 0.7516697257284134 61
1781207867918 0.7417153630937848 62
1781207885013 0.716804407891773 63
1781207901894 0.6938845732855419 64
1781207916987 0.6786413154904805 65
1781207934056 0.6588444653011504 66
1781207951064 0.6531328908980839 67
1781207967362 0.654112318205455 68
1781207983508 0.6449081386838641 69
1781207999438 0.6434471711279854 70
1781208016997 0.6425395872857835 71
1781208032913 0.6384578139062912 72
1781208049489 0.6410740992379567 73
1781208066997 0.6401936478084989 74
1781208082784 0.6421479157039097 75
1781208100516 0.6342463029755486 76
1781208116861 0.6327302522129483 77
1781208133471 0.6329382487705776 78
1781208150234 0.6288206161014618 79
1781208166867 0.6287207962974669 80
1781208182363 0.6283640624984862 81
1781208198788 0.6261244416236877 82
1781208215865 0.6252560492545839 83
1781208233075 0.628186117088984 84
1781208250090 0.6257356102504428 85
1781208265553 0.6269367119622609 86
1781208282359 0.622893718499986 87
1781208298682 0.6196982813259911 88
1781208316688 0.6188251527528914 89
1781208332968 0.6185164224533808 90
1781208349634 0.6167817106322636 91
1781208366200 0.6216466199784052 92
1781208382338 0.6182454190556965 93
1781208398655 0.6196785370508829 94
1781208414774 0.614555177234468 95
1781208431162 0.6126365349406288 96
1781208448259 0.6131211566546607 97
1781208463770 0.6105461130066524 98
1781208480887 0.6105813005613903 99
1781208497249 0.6099804933108981 100
