1782602348478 2.717594919533565 1
1782602364644 2.482773583510826 2
1782602379860 2.2915233332535316 3
1782602395818 2.092208948628656 4
1782602411637 1.8935336285624011 5
1782602429096 1.7046400678568874 6
1782602445622 1.525677648083917 7
1782602461363 1.362902074024595 8
1782602477201 1.2313764958546078 9
1782602493714 1.1267073195556114 10
1782602510149 1.0434852797409584 11
1782602525953 0.9768369999425165 12
1782602543687 0.9193883168286291 13
1782602559412 0.873355863423183 14
1782602574628 0.8314030499293886 15
1782602590150 0.7975679512681633 16
1782602606122 0.766209431763353 17
1782602621662 0.733238725826658 18
1782602638204 0.7091772186345068 19
1782602653750 0.6872414329956318 20
1782602669841 0.6734724784719532 21
1782602684959 0.653650559228042 22
1782602701627 0.6290409462205295 23
1782602717785 0.6071013869910404 24
1782602733560 0.585943419357826 25
1782602749627 0.5685208275400359 26
1782602764761 0.555616571985442 27
1782602780056 0.5422293502708961 28
1782602796297 0.5335061755673639 29
1782602811797 0.5225185073655227 30
1782602827301 0.5152609430510422 31
1782602843237 0.5119191737010561 32
1782602858377 0.5053005156845882 33
1782602873389 0.5029770916905897 34
1782602888190 0.49579953633505724 35
1782602904023 0.4956359174744836 36
1782602919767 0.48837706343881016 37
1782602935392 0.48346707430379143 38
1782602951046 0.479075916882219 39
1782602967992 0.47885249503727617 40
1782602983160 0.47940463958115415 41
1782602999189 0.48169365730778924 42
1782603017705 0.47724142259564895 43
1782603033763 0.477004814764549 44
1782603049532 0.4719197565111621 45
1782603064618 0.4717717273481961 46
1782603079890 0.4675416000958147 47
1782603097505 0.4649856594102136 48
1782603112932 0.4621012632189126 49
1782603128796 0.4629650095413471 50
1782603144300 0.46285315628709467 51
1782603159472 0.46126196918816403 52
1782603174690 0.4598575532436371 53
1782603190382 0.45823052525520325 54
1782603206330 0.45628856276643687 55
1782603222092 0.456898957490921 56
1782603238232 0.45634224497038745 57
1782603253561 0.45631500770305766 58
1782603268688 0.45368061908360185 59
1782603285782 0.4539234843747369 60
