1783008523462 1.2427686254183452 1
1783008524613 1.016728788614273 2
1783008525773 0.896657814582189 3
1783008526946 0.8602189024289449 4
1783008528140 0.835867573817571 5
1783008529305 0.8028279542922974 6
1783008530474 0.7720410426457723 7
1783008531654 0.7431082427501678 8
1783008532820 0.7197906374931335 9
1783008533991 0.6989627679189047 10
1783008535167 0.6815875669320425 11
1783008536354 0.6624862452348074 12
1783008537567 0.6449395517508189 13
1783008538819 0.627004345258077 14
1783008540015 0.6108078559239706 15
1783008541176 0.5967162748177847 16
1783008542387 0.5799053808053335 17
1783008543589 0.5653819541136423 18
1783008544740 0.5515550573666891 19
1783008545884 0.5369214117527008 20
1783008547051 0.5219304660956064 21
1783008548233 0.503729393084844 22
1783008549405 0.49186670780181885 23
1783008550588 0.47889959812164307 24
1783008551738 0.4634718894958496 25
1783008552881 0.4519050021966298 26
1783008554058 0.43647443254788715 27
1783008555236 0.4273075858751933 28
1783008556402 0.41591231028238934 29
1783008557591 0.40347448488076526 30
1783008558723 0.3919028590122859 31
1783008559848 0.3807848393917084 32
1783008561000 0.3727756241957347 33
1783008562179 0.3634382983048757 34
1783008563400 0.3558352043231328 35
1783008564550 0.34487924973169964 36
1783008565747 0.33583203454812366 37
1783008566947 0.32625215748945874 38
1783008568111 0.32006746530532837 39
1783008569270 0.3094625920057297 40
1783008570469 0.2992606262365977 41
1783008571640 0.2910797794659932 42
1783008572863 0.2844121853510539 43
1783008574042 0.28062636653582257 44
1783008575218 0.2714349577824275 45
1783008576432 0.2653365880250931 46
1783008577589 0.25740135212739307 47
1783008578784 0.2502777924140294 48
1783008580025 0.24405046055714288 49
1783008581187 0.23974192390839258 50
1783008582382 0.23357800642649332 51
1783008583561 0.23366964608430862 52
1783008584692 0.2251994510491689 53
1783008585859 0.22031627347071966 54
1783008587010 0.2151871845126152 55
1783008588188 0.20713107287883759 56
1783008589371 0.20314153283834457 57
1783008590532 0.19994181642929712 58
1783008591715 0.19711033254861832 59
1783008592912 0.19643539935350418 60
1783008594094 0.1908907542626063 61
1783008595274 0.1871320034066836 62
1783008596447 0.18137432634830475 63
1783008597596 0.1830565258860588 64
1783008598793 0.1917278692126274 65
1783008599952 0.18133676052093506 66
1783008601120 0.17540487895409265 67
1783008602253 0.1751046230395635 68
1783008603408 0.17378312100966772 69
1783008604602 0.16703122357527414 70
1783008605769 0.1631514603892962 71
1783008606995 0.16079950332641602 72
1783008608184 0.15627233435710272 73
1783008609334 0.1544901579618454 74
1783008610501 0.1538693830370903 75
1783008611674 0.14699244250853857 76
1783008612877 0.14729992051919302 77
1783008614034 0.14358796179294586 78
1783008615251 0.13978003710508347 79
1783008616479 0.13745598246653876 80
1783008617633 0.136184332271417 81
1783008618823 0.13655046497782072 82
1783008619983 0.1333558944364389 83
1783008621133 0.13269232461849848 84
1783008622331 0.13014238327741623 85
1783008623563 0.12975300227602324 86
1783008624762 0.12790779769420624 87
1783008625948 0.1264841469625632 88
1783008627141 0.1280959645907084 89
1783008628317 0.12333579982320468 90
