1781112079452 1.5281140089035035 1
1781112101884 1.0315809392929076 2
1781112123094 0.8683220052719116 3
1781112146625 0.8219478654861451 4
1781112172544 0.7964523267745972 5
1781112196204 0.7773194646835327 6
1781112220848 0.7587636280059814 7
1781112243129 0.7430458354949951 8
1781112265760 0.7256922721862793 9
1781112288570 0.7100642204284668 10
1781112310818 0.700460684299469 11
1781112335285 0.6901205515861512 12
1781112359559 0.6705394244194031 13
1781112381117 0.6612331700325013 14
1781112403941 0.6547199010848999 15
1781112428607 0.6371862506866455 16
1781112451926 0.6358753061294555 17
1781112477313 0.617412405014038 18
1781112500778 0.6098975563049316 19
1781112526284 0.5985208559036255 20
1781112550413 0.5980005478858947 21
1781112574912 0.5973981881141662 22
1781112600954 0.5808971619606018 23
