1781348829936 1.5118724584579468 1
1781348834237 1.3587978315353393 2
1781348838525 1.284886088371277 3
1781348842811 1.2166044044494628 4
1781348847141 1.151386137008667 5
1781348851444 1.0905342435836791 6
1781348855704 1.0317413187026978 7
1781348859994 0.9760024070739746 8
1781348864315 0.9267325329780579 9
1781348868595 0.87412517786026 10
1781348872921 0.82333416223526 11
1781348877221 0.7769468903541565 12
1781348881508 0.7299524664878845 13
1781348885779 0.6881566953659057 14
1781348890089 0.651505982875824 15
1781348894398 0.6092786407470703 16
1781348898754 0.5800055944919587 17
1781348903095 0.5435897529125213 18
1781348907419 0.5117851316928863 19
1781348911688 0.48449103713035585 20
1781348916018 0.46615785241127017 21
1781348920295 0.4498714733123779 22
1781348924609 0.42055710911750793 23
1781348928903 0.4012625360488892 24
1781348933210 0.3848356258869171 25
1781348937559 0.3725256037712097 26
1781348941843 0.3583448398113251 27
1781348946119 0.3485961866378784 28
1781348950413 0.34129873394966126 29
1781348954687 0.33292851865291595 30
1781348958989 0.33121064901351926 31
1781348963294 0.32264995217323306 32
1781348967596 0.31291577994823455 33
1781348971909 0.3080078983306885 34
1781348976221 0.30259964168071746 35
