1782600878963 2.4370644826155443 1
1782600883479 2.2750340608450084 2
1782600887865 2.1700675670917215 3
1782600892703 2.107340555924636 4
1782600897344 2.0434562793144813 5
1782600902097 1.9935684295801015 6
1782600906587 1.9327506193747888 7
1782600911270 1.86332840185899 8
1782600916144 1.797892139508174 9
1782600920954 1.7290256115106435 10
1782600925434 1.6639005220853365 11
1782600930097 1.5987133704699004 12
1782600934790 1.5384448950107281 13
1782600939667 1.472201182292058 14
1782600944291 1.4082311483529897 15
1782600948799 1.3468867173561683 16
1782600953568 1.2922196021446815 17
1782600958235 1.2401070319689238 18
1782600962808 1.190335099513714 19
1782600967636 1.14090935083536 20
1782600972362 1.0991130883877094 21
1782600976881 1.0622228475717397 22
1782600982062 1.0207147139769335 23
1782600987245 0.9748842807916495 24
1782600992060 0.9420134379313543 25
1782600996569 0.9078893248851483 26
1782601001221 0.8778684185101435 27
1782601006054 0.8456189540716318 28
1782601010883 0.8138713561571561 29
1782601015279 0.7856401388461773 30
1782601019844 0.7541374472471384 31
1782601024386 0.726500181051401 32
1782601028933 0.7003790323550885 33
1782601033671 0.6896701225867639 34
1782601038900 0.733872862962576 35
1782601043495 0.6752791771521935 36
1782601048018 0.6473075472391568 37
1782601052611 0.6278679141631494 38
1782601057777 0.6031701518939092 39
1782601062404 0.5798557905050424 40
1782601067056 0.5656474003425012 41
1782601071497 0.5588879814514747 42
1782601076188 0.5412464921291058 43
1782601081099 0.5261404674786788 44
1782601103967 0.5173927270449125 45
1782601108482 0.5119452545276055 46
1782601113487 0.4992220585162823 47
1782601118013 0.4959409236907959 48
1782601122772 0.4835286805262932 49
1782601127442 0.4672310444024893 50
1782601132012 0.4640164329455449 51
1782601136759 0.4614452352890602 52
1782601141626 0.4535719087490669 53
1782601146237 0.4480544603787936 54
1782601150897 0.455115774503121 55
1782601155374 0.43501733587338376 56
1782601160066 0.4387345268176152 57
1782601164546 0.4237929399196918 58
1782601169054 0.43029504785170924 59
1782601173861 0.41727025692279524 60
1782601178728 0.42305030731054455 61
1782601183309 0.41330987902788013 62
1782601187816 0.4162437365605281 63
1782601192513 0.4293680145190312 64
1782601197131 0.4172608944085928 65
1782601201612 0.41485262834108794 66
1782601210742 0.40674659380545986 67
1782601215399 0.40522990776942325 68
1782601220190 0.40264780017045826 69
1782601224729 0.39656193210528445 70
1782601229852 0.3916410505771637 71
1782601234620 0.39294681870020354 72
1782601239582 0.39199842856480527 73
1782601244426 0.38330395405109113 74
1782601249521 0.3826069717223828 75
1782601254073 0.3847179848414201 76
1782601258710 0.3845815910742833 77
1782601263394 0.38010353996203494 78
