1782644725817 2.9513489460122995 1
1782644742449 2.77924212916144 2
1782644757203 2.6250472150999924 3
1782644772424 2.459858614822914 4
1782644787440 2.280660736149755 5
1782644803433 2.0838069258065057 6
1782644819071 1.8772843541770146 7
1782644835097 1.6764154105350888 8
1782644850786 1.498963894515202 9
1782644866488 1.340659030552568 10
1782644882125 1.2106700560142254 11
1782644898379 1.0993041909974197 12
1782644913665 1.0133022439890895 13
1782644929905 0.934457920748612 14
1782644945568 0.8722540838965054 15
1782644960727 0.8128225145668819 16
1782644976421 0.7682043683939966 17
1782644991947 0.7327303742540294 18
1782645007753 0.6981395154163755 19
1782645023578 0.6670260655468908 20
1782645038684 0.6475601216842388 21
1782645054050 0.6341206554708809 22
1782645069861 0.6093625323525791 23
1782645084592 0.5880599638511395 24
1782645100338 0.5725733905002989 25
1782645116088 0.5675051458950701 26
1782645131727 0.5563698698734415 27
1782645147995 0.5460952777287056 28
1782645165792 0.5331437587738037 29
1782645181239 0.5292300366122147 30
1782645198740 0.5264412668244592 31
1782645215084 0.5186330696632122 32
1782645230960 0.5153982331012857 33
1782645247211 0.5059323547215298 34
1782645263091 0.5018169324973534 35
1782645278304 0.49831755202392053 36
1782645294105 0.49288429268475237 37
1782645310472 0.48886657686069096 38
1782645331474 0.49035064824696245 39
1782645347341 0.4882961727421859 40
1782645362249 0.48513652846730987 41
