1782330719444 1.6238937377929688 1
1782330723770 1.5165591907501221 2
1782330728372 1.4437591600418092 3
1782330732767 1.4153321552276612 4
1782330737215 1.4041423320770263 5
1782330741664 1.380216736793518 6
1782330746040 1.3436404800415038 7
1782330750704 1.3199260520935059 8
1782330755152 1.3120119953155518 9
1782330759469 1.292528691291809 10
1782330763799 1.2569402074813842 11
1782330768278 1.2297781372070313 12
1782330772994 1.2217639684677124 13
1782330777429 1.201003074645996 14
1782330781880 1.1621300888061523 15
1782330786243 1.1367505741119386 16
1782330790695 1.1268589353561402 17
1782330795076 1.1040217638015748 18
1782330799729 1.0665982222557069 19
1782330804353 1.0382908225059508 20
1782330808764 1.0280842113494872 21
1782330813122 1.0085549402236937 22
1782330817474 0.9686486387252807 23
1782330821863 0.9405482125282287 24
1782330826356 0.9301647830009461 25
1782330830838 0.9128425216674805 26
1782330835226 0.8759611010551452 27
1782330839732 0.8471999263763428 28
1782330844346 0.8378184175491333 29
1782330848764 0.816425757408142 30
1782330853446 0.7825392532348633 31
1782330857830 0.7532666754722596 32
1782330862226 0.7460705542564392 33
1782330866568 0.7270574736595153 34
1782330870888 0.6932262587547302 35
1782330875323 0.6684166049957275 36
1782330879658 0.6621505141258239 37
1782330883969 0.6462721705436707 38
1782330888438 0.6180151438713074 39
1782330892932 0.5923650741577149 40
1782330897188 0.5836143696308136 41
1782330901579 0.573663340806961 42
1782330906053 0.5488354766368866 43
1782330910558 0.5253711605072021 44
1782330914973 0.5163796865940093 45
1782330919335 0.5091109526157379 46
1782330923991 0.49231086611747743 47
1782330928384 0.47087822675704955 48
1782330932842 0.464749653339386 49
1782330937244 0.4587626802921295 50
1782330941619 0.44936282277107237 51
1782330946115 0.4309464418888092 52
1782330956171 0.42287782073020935 53
1782330960608 0.4202637910842896 54
1782330965064 0.41538069367408753 55
1782330969455 0.3982174277305603 56
1782330973962 0.39142678380012513 57
1782330978602 0.3901325237751007 58
1782330983084 0.38928002953529356 59
1782330987365 0.37684433698654174 60
1782330991803 0.36792858004570006 61
1782330996220 0.3701503872871399 62
1782331000844 0.368759788274765 63
1782331005591 0.35185709834098816 64
1782331010369 0.3478141975402832 65
1782331014789 0.3547666549682617 66
1782331019367 0.35355012893676757 67
1782331023610 0.33840118706226346 68
1782331027896 0.3348571825027466 69
1782331032342 0.3362232995033264 70
1782331036689 0.3349304628372192 71
1782331041179 0.3252952992916107 72
1782331045600 0.3196775496006012 73
1782331050107 0.32356235027313235 74
1782331054491 0.3262176251411438 75
1782331058890 0.3172945535182953 76
1782331063305 0.31299960494041446 77
1782331067824 0.31778263926506045 78
1782331072211 0.33264745712280275 79
1782331076541 0.31018359899520875 80
1782331080829 0.30762980818748475 81
1782331085341 0.30715767562389373 82
