1782603856404 2.502803215613732 1
1782603861316 2.331952901986929 2
1782603865936 2.2314661099360538 3
1782603870789 2.156720784994272 4
1782603875468 2.08388981452355 5
1782603880175 2.026612566067622 6
1782603884659 1.9603237280478845 7
1782603889056 1.8882945959384625 8
1782603893597 1.8241523320858295 9
1782603897982 1.760529903265146 10
1782603902813 1.6925168404212365 11
1782603907426 1.617310643196106 12
1782603912005 1.5532404367740338 13
1782603916743 1.4781081584783702 14
1782603921516 1.406156457387484 15
1782603926228 1.342226477769705 16
1782603930568 1.2837869295707116 17
1782603935172 1.2174972570859468 18
1782603939571 1.1583109543873713 19
