1780858505752 1.2447711137624888 1
1780858528861 1.052679419517517 2
1780858551435 1.0374070956156805 3
1780858574022 1.0152152807284625 4
1780858597394 1.002173437522008 5
1780858620596 0.9997717187954829 6
1780858643211 1.0004727977972765 7
1780858666101 0.9927080793258471 8
1780858688708 0.9918256524281625 9
1780858711434 0.9828623670798081 10
1780858734650 0.9541543936118101 11
1780858756880 0.9452137840099823 12
1780858780680 0.9227217665085425 13
1780858808700 0.9298177865835336 14
1780858831120 0.9106620106941614 15
1780858853864 0.8922574841059171 16
1780858876946 0.8786864219567715 17
1780858899154 0.8778358957706354 18
1780858922139 0.8621785854681944 19
1780858945152 0.8529848899596777 20
1780858967120 0.837277699739505 21
1780858989205 0.8245757971054468 22
1780859013649 0.7886726122636062 23
1780859035576 0.7864648638627468 24
1780859057591 0.7617805004119873 25
1780859079390 0.7679252517529023 26
1780859125000 0.7234503443424518 27
1780859151696 0.7131266028453143 28
1780859175645 0.6870778569808373 29
1780859198730 0.6926526870483007 30
1780859221522 0.6810759367086948 31
1780859243080 0.6594620331739768 32
1780859265443 0.6581269334524106 33
1780859288244 0.6395057959434314 34
1780859310146 0.6346403008852249 35
1780859333097 0.6239699492087731 36
1780859356290 0.6383961698947809 37
1780859378312 0.6118769431725527 38
1780859401565 0.6406265680606549 39
1780859424898 0.6069188286096622 40
1780859448250 0.5873811413080264 41
1780859470916 0.5786002836166284 42
1780859494379 0.5828830355252975 43
1780859517642 0.5834264724682539 44
1780859539228 0.5815600844529959 45
1780859560743 0.5783385313474215 46
1780859582421 0.5633240647805042 47
1780859605186 0.5525763974739955 48
1780859627625 0.5600279531417749 49
1780859650453 0.5484333771925706 50
1780859673654 0.5381112083410605 51
1780859696080 0.5359558470738239 52
1780859719031 0.5293932641163851 53
1780859740653 0.5281116519218836 54
1780859762385 0.5263614402367518 55
1780859784939 0.5118792049395733 56
1780859806956 0.5173950653809768 57
1780859830016 0.5177653722273998 58
1780859854006 0.5237956283948361 59
1780859875931 0.5013802143243643 60
