1782653603342 1.534863069653511 1
1782653604934 1.3926617205142975 2
1782653606522 1.3554096221923828 3
1782653608167 1.3166303187608719 4
1782653609874 1.306446060538292 5
1782653611476 1.2851040363311768 6
1782653613114 1.2535735219717026 7
1782653614726 1.2321808487176895 8
1782653616322 1.2101889997720718 9
1782653617911 1.2086800187826157 10
1782653619492 1.1934988796710968 11
1782653621101 1.1602597832679749 12
1782653622686 1.1543008983135223 13
1782653624294 1.1332138925790787 14
1782653625920 1.1197302043437958 15
1782653627518 1.1009790897369385 16
1782653629136 1.0781095698475838 17
1782653630787 1.0713207423686981 18
1782653632395 1.083912581205368 19
1782653634053 1.0490063428878784 20
1782653635661 1.0324790477752686 21
1782653637227 1.0104977935552597 22
1782653639749 0.99171182513237 23
1782653641320 0.9843398854136467 24
1782653642943 0.9622230902314186 25
1782653644602 0.9572968930006027 26
1782653646198 0.9313515648245811 27
1782653647754 0.910081036388874 28
1782653649335 0.8914926499128342 29
1782653650897 0.8808119222521782 30
1782653652461 0.8542455285787582 31
1782653654044 0.8469890877604485 32
1782653655658 0.8351809903979301 33
1782653657306 0.821817196905613 34
1782653658892 0.7978864312171936 35
1782653660516 0.7980054244399071 36
1782653662158 0.7670871764421463 37
1782653663743 0.7626472115516663 38
1782653665358 0.7407620921730995 39
1782653666951 0.7415365129709244 40
1782653668576 0.7254049405455589 41
1782653670203 0.7056861445307732 42
1782653671771 0.7151975631713867 43
1782653673363 0.6883359998464584 44
1782653675017 0.6670110523700714 45
1782653676608 0.6498251035809517 46
1782653678191 0.6379297897219658 47
1782653679837 0.6196266934275627 48
1782653681431 0.614318422973156 49
