1781734561598 1.3831587479664729 1
1781734579117 1.270500320654649 2
1781734596359 1.2025352166249201 3
1781734613955 1.1402351030936608 4
1781734631700 1.0834811925888062 5
1781734649134 1.022836113587404 6
1781734666197 0.9630371286318853 7
1781734683273 0.8986706321056073 8
1781734700803 0.8440210742828174 9
1781734718142 0.7889455144221966 10
1781734735581 0.7452652439092978 11
1781734753401 0.6885579197834699 12
1781734770804 0.6548411295964167 13
1781734786861 0.6144719032140878 14
1781734803968 0.5819843380879133 15
1781734821161 0.5479202599097521 16
1781734838769 0.5198519642536457 17
1781734856731 0.4939118432692992 18
1781734874011 0.482524987978813 19
1781734891345 0.4578531575508607 20
1781734907864 0.4457384454898345 21
1781734924527 0.43010067022763765 22
1781734942272 0.403110520197795 23
1781734960430 0.3929318930858221 24
1781734977654 0.3830190476698753 25
1781734994899 0.3690183231463799 26
1781735012315 0.3509875688797388 27
1781735028980 0.3439932221021408 28
1781735045285 0.3502485981354347 29
1781735061985 0.3342790832886329 30
1781735079061 0.3252433148714212 31
1781735095801 0.3195713659127553 32
1781735112456 0.31449612440207064 33
1781735129499 0.3062087641312526 34
1781735146523 0.29322158640775925 35
1781735162618 0.2953136953023764 36
1781735179601 0.2740086519565338 37
1781735196512 0.26188005086703176 38
1781735216203 0.2619371574658614 39
1781735235510 0.2508496848436502 40
1781735253390 0.2536363769800235 41
1781735270284 0.24904930247710302 42
1781735286433 0.24433125364474761 43
1781735303303 0.2492039918135374 44
1781735320313 0.23618537760697877 45
1781735361307 0.22715740249707148 46
