1783008060709 1.5560235679149628 1
1783008062386 1.4509521424770355 2
1783008063973 1.4076179713010788 3
1783008065592 1.3805318474769592 4
1783008067249 1.3660920411348343 5
1783008068851 1.3430643826723099 6
1783008070463 1.3220907747745514 7
1783008072084 1.3056222945451736 8
1783008073714 1.2962232381105423 9
1783008075324 1.2904198169708252 10
1783008076932 1.2613613605499268 11
1783008078568 1.2439882457256317 12
1783008080173 1.2255992591381073 13
1783008081802 1.2124954462051392 14
1783008083378 1.213277667760849 15
1783008085001 1.1963155418634415 16
1783008086633 1.174366980791092 17
1783008088259 1.1647890508174896 18
1783008089874 1.1432059556245804 19
1783008091574 1.1357026547193527 20
1783008093160 1.1529372334480286 21
1783008094744 1.1224495619535446 22
1783008096364 1.1107397079467773 23
1783008098001 1.0869390070438385 24
1783008099613 1.0663593262434006 25
1783008101203 1.0601234063506126 26
1783008102837 1.034109115600586 27
1783008104439 1.0329212993383408 28
1783008106082 1.007307305932045 29
1783008107723 1.0037274807691574 30
1783008109379 0.9946554973721504 31
1783008110972 0.976117417216301 32
1783008112660 0.9550589919090271 33
1783008114273 0.9496428892016411 34
1783008115898 0.9389697536826134 35
1783008117500 0.9291889518499374 36
1783008119076 0.9212730750441551 37
1783008120641 0.8948749676346779 38
1783008122258 0.8831802979111671 39
1783008123816 0.8853737860918045 40
1783008125427 0.8790652006864548 41
1783008126991 0.8663258627057076 42
1783008128551 0.8459781184792519 43
1783008130114 0.852019302546978 44
1783008131724 0.8225454911589622 45
1783008133342 0.806572325527668 46
1783008134915 0.7925705388188362 47
1783008136503 0.8046368137001991 48
1783008138148 0.7819554805755615 49
1783008139753 0.7945100218057632 50
1783008141366 0.7611678466200829 51
1783008142961 0.7526057586073875 52
1783008144591 0.74721659719944 53
1783008146197 0.7344401776790619 54
1783008147815 0.7365082427859306 55
1783008149415 0.7186485677957535 56
1783008151032 0.707786962389946 57
1783008152597 0.7068072184920311 58
1783008154228 0.697447769343853 59
1783008155804 0.6838333830237389 60
1783008157408 0.6670828461647034 61
1783008158998 0.6737123057246208 62
1783008160585 0.661359466612339 63
1783008162180 0.6571348533034325 64
1783008163792 0.6482205986976624 65
1783008165373 0.634699247777462 66
1783008166941 0.6384118050336838 67
1783008168566 0.6309735029935837 68
1783008170274 0.6241390556097031 69
1783008171936 0.6209808811545372 70
1783008173508 0.6112439408898354 71
1783008175134 0.6108888313174248 72
1783008176780 0.5923807770013809 73
1783008178427 0.5894419699907303 74
1783008180085 0.5777791738510132 75
1783008181696 0.5773064643144608 76
1783008183331 0.567408487200737 77
1783008184910 0.5616281628608704 78
1783008186536 0.5608241036534309 79
1783008188134 0.5393723882734776 80
1783008189773 0.5455844290554523 81
1783008191367 0.540277972817421 82
1783008192941 0.5318509228527546 83
1783008194493 0.5437137335538864 84
1783008196081 0.5358166694641113 85
1783008197694 0.5201830416917801 86
1783008199272 0.5099080726504326 87
1783008200866 0.5032882429659367 88
1783008202498 0.49960335716605186 89
1783008204092 0.4893440902233124 90
1783008205704 0.4940817169845104 91
1783008207317 0.4835057184100151 92
1783008208936 0.4853294938802719 93
1783008210483 0.47426091507077217 94
1783008212071 0.47122087329626083 95
1783008213640 0.4694986566901207 96
1783008215236 0.4691961295902729 97
1783008216781 0.4675615280866623 98
1783008218378 0.44751255586743355 99
1783008219962 0.44914721697568893 100
