1783457995979 2.5661767629476695 1
1783458000626 2.464479978267963 2
1783458011373 2.353586141879742 3
1783458015944 2.29061981347891 4
1783458020876 2.270709991455078 5
1783458025468 2.23593598145705 6
1783458030112 2.1725351627056417 7
1783458034525 2.1267695060143104 8
1783458039290 2.111963932330792 9
1783458044451 2.0732429944551907 10
1783458049097 2.0154883678142843 11
1783458053630 1.9656466795847967 12
1783458059123 1.9479314180520864 13
1783458064162 1.9107296100029578 14
1783458068894 1.8439002403846154 15
1783458073857 1.7934843851969793 16
1783458078516 1.7758129284932063 17
1783458083033 1.7387902461565459 18
1783458088186 1.677144820873554 19
1783458092850 1.6267558152859027 20
1783458097513 1.606765893789438 21
1783458102393 1.5786005808756902 22
1783458107010 1.5151086220374475 23
1783458111453 1.4669522872337928 24
1783458116053 1.4561973810195923 25
1783458120861 1.4236487608689528 26
1783458125452 1.3672155050130992 27
1783458130152 1.3197030562620897 28
1783458134667 1.3175124296775231 29
1783458139415 1.2839944087542021 30
1783458143987 1.2356101274490356 31
1783458148702 1.1932208996552687 32
1783458153211 1.179502743941087 33
1783458157947 1.1592194025333111 34
1783458163122 1.1207335545466497 35
1783458167950 1.0838728042749257 36
1783458172649 1.074426797720102 37
1783458177225 1.0577011383496797 38
1783458181759 1.0260981137935932 39
1783458186681 0.994939175935892 40
1783458191395 0.9816773029474112 41
1783458195957 0.9641909782703106 42
1783458200611 0.9384834537139306 43
1783458205213 0.9078032190983112 44
1783458209671 0.8986551119731023 45
1783458214373 0.88535809975404 46
1783458219061 0.8667501990611737 47
1783458224090 0.8406423055208646 48
1783458229149 0.8332977249072149 49
1783458234203 0.8261810128505414 50
1783458238900 0.8004412238414471 51
1783458243529 0.7830681067246658 52
1783458248019 0.7747550835976234 53
1783458252583 0.765181133380303 54
1783458257295 0.7540780626810514 55
1783458262392 0.7329827271975003 56
1783458269318 0.7207784469311054 57
1783458273963 0.7161824978314913 58
1783458278627 0.7040718151972845 59
1783458283441 0.6816747051018935 60
1783458288107 0.6738714163119977 61
1783458292830 0.6734343858865591 62
1783458297554 0.670333050764524 63
1783458302219 0.6488752731910119 64
1783458306700 0.6434022646683913 65
1783458311100 0.6325188737649184 66
1783458315716 0.6152166174008296 67
1783458320576 0.6070813490794256 68
1783458325208 0.6036423032100384 69
1783458329989 0.5971044577085055 70
1783458334447 0.5864991499827459 71
