1783458593514 3.4637257031032016 1
1783458627134 3.29251675094877 2
1783458662075 3.12265659230096 3
1783458697419 3.011747428349086 4
1783458732222 2.9780946459089006 5
1783458766864 2.9004568798201427 6
1783458800703 2.7583849174635753 7
1783458834920 2.646545546395438 8
1783458869411 2.6120229874338423 9
1783458904515 2.527997979096004 10
1783458938898 2.3744236741747176 11
1783458972685 2.2711750524384633 12
1783459006282 2.2341012188366483 13
1783459040989 2.1588834949902127 14
1783459075614 2.0375299794333324 15
1783459109787 1.9292698843138558 16
1783459143736 1.8953744258199419 17
1783459177040 1.829107872077397 18
1783459211138 1.736327941928591 19
1783459245321 1.6487611361912318 20
1783459279033 1.6261045507022314 21
