1782668312073 1.921353244781494 1
1782668313308 1.7554434537887573 2
1782668314530 1.654542660713196 3
1782668315703 1.586327815055847 4
1782668316866 1.5221143960952759 5
1782668318017 1.471110224723816 6
1782668319200 1.4300089836120606 7
1782668320377 1.3907412528991698 8
1782668321547 1.3599374055862428 9
1782668322729 1.3264976024627686 10
1782668323879 1.2979283571243285 11
1782668325046 1.2644940853118896 12
1782668326221 1.2411240816116333 13
1782668327455 1.210710382461548 14
1782668328628 1.1850608587265015 15
1782668329786 1.1566323280334472 16
1782668330948 1.1307730674743652 17
1782668332178 1.1047461748123169 18
1782668333318 1.077381682395935 19
1782668334491 1.0454616308212281 20
1782668335641 1.0172358989715575 21
1782668336787 0.9973850011825561 22
1782668337951 0.9733212947845459 23
1782668339215 0.9446683764457703 24
1782668340454 0.9175588250160217 25
1782668341640 0.900387418270111 26
1782668342871 0.8812572121620178 27
1782668344049 0.8616008877754211 28
1782668345198 0.833161473274231 29
1782668346353 0.8165536642074585 30
1782668347516 0.797119414806366 31
1782668348725 0.7755458235740662 32
1782668349933 0.7547493219375611 33
1782668351126 0.733943235874176 34
1782668352353 0.7234536528587341 35
1782668353534 0.7014381051063537 36
1782668354702 0.676793122291565 37
1782668355873 0.6568594932556152 38
1782668357014 0.6309824466705323 39
1782668358199 0.6179405808448791 40
1782668359388 0.5924535274505616 41
1782668360597 0.5730279326438904 42
1782668361793 0.5626561164855957 43
1782668362976 0.5464655876159668 44
1782668364133 0.5188791155815125 45
1782668365281 0.531443738937378 46
1782668366482 0.5038990914821625 47
1782668367686 0.48754295110702517 48
1782668368839 0.46952720284461974 49
1782668370064 0.4465394258499146 50
1782668371223 0.432731693983078 51
1782668372368 0.41825802326202394 52
1782668373527 0.4081216037273407 53
1782668374688 0.38751513957977296 54
1782668375869 0.3735149741172791 55
1782668377033 0.366391259431839 56
1782668378201 0.3530718684196472 57
1782668379377 0.34191704392433164 58
1782668380546 0.3713749885559082 59
1782668382121 0.3311154842376709 60
1782668383325 0.3265704274177551 61
1782668384463 0.31491073966026306 62
1782668385653 0.3240883588790894 63
1782668386798 0.31319703459739684 64
1782668387963 0.29668718576431274 65
