1781977217733 1.2178485943720891 1
1781977238376 1.112151705301725 2
1781977259286 1.038614726983584 3
1781977279870 0.9716896980236738 4
1781977300714 0.9076149799884894 5
1781977321587 0.8395511660820398 6
1781977346192 0.7761611800927383 7
1781977367367 0.720704619701092 8
1781977388443 0.6719222680116311 9
1781977409401 0.6319852777016468 10
1781977430088 0.5880201856295267 11
1781977450676 0.5498234851238055 12
1781977471341 0.5153363194221106 13
1781977492214 0.47996300000410813 14
1781977512828 0.4602525914326692 15
1781977534830 0.44508294952221406 16
1781977555495 0.4134474855202895 17
1781977576544 0.39134442271330416 18
1781977597281 0.38749916278398955 19
1781977618715 0.3728693486788334 20
1781977639277 0.36615189145772886 21
1781977660313 0.35633364625466174 22
1781977681444 0.3348070490054595 23
1781977702671 0.32593986506645495 24
1781977724291 0.32092368067839205 25
1781977745287 0.30678565838398075 26
1781977765630 0.3000977356464435 27
1781977786253 0.29383061596980464 28
1781977806957 0.28439842623013717 29
1781977827857 0.2918172814907172 30
1781977848491 0.2838758994371463 31
1781977870146 0.26885995192405504 32
1781977913557 0.2653285883940183 33
1781977935339 0.26812824071981967 34
1781977957294 0.2680811110215309 35
1781977977842 0.2572684834400813 36
1781977998670 0.25744934991384166 37
1781978019535 0.2482593888655687 38
1781978040337 0.23622903724511465 39
1781978062115 0.22476199383919054 40
1781978082712 0.22217779663892892 41
1781978103763 0.233965271176436 42
1781978123933 0.22449487829819703 43
1781978144455 0.22965873051912356 44
1781978165134 0.25390713948469895 45
1781978185938 0.2299677339883951 46
1781978206734 0.21728095679711074 47
1781978227344 0.20836403507452744 48
1781978247988 0.2071744692631257 49
1781978268558 0.20891086336893913 50
1781978289182 0.2182634541621575 51
1781978309433 0.215881802714788 52
1781978330041 0.21046001674273077 53
1781978350487 0.2130928757863167 54
1781978371198 0.19738451601603094 55
1781978391812 0.1867901086807251 56
1781978413924 0.18973258137702942 57
1781978434289 0.1895087426289534 58
1781978455119 0.1802914390961329 59
