1780584320439 1.3067550567480235 1
1780584335743 1.0661840041478474 2
1780584351338 1.0603024806731787 3
1780584366473 1.0533744310721374 4
1780584381891 1.0486883872594588 5
1780584397670 1.020456144442925 6
1780584412799 1.008736049517607 7
1780584428257 0.9975347029857147 8
1780584444064 0.9822138991111364 9
1780584459516 0.9721923455213889 10
1780584474478 0.9621522946235461 11
1780584490061 0.9529076325587738 12
1780584505425 0.9399360494735913 13
1780584521205 0.9339612462581732 14
1780584536789 0.9292080952570989 15
1780584552506 0.9221836588321588 16
1780584568183 0.9190169389431293 17
1780584583416 0.9112298244085068 18
1780584599028 0.9113117089638343 19
1780584614426 0.9062912739240206 20
1780584630177 0.8898448607860467 21
1780584645922 0.8804689722183423 22
1780584662073 0.8837348849345477 23
1780584677467 0.8828464639492524 24
1780584693077 0.8782147062130463 25
1780584708871 0.8596054009902172 26
1780584724440 0.8512370555828779 27
1780584740708 0.8552328913639753 28
1780584756247 0.84100708594689 29
1780584771844 0.8299089257533734 30
1780584787938 0.8260409663885068 31
1780584803656 0.8312356288616474 32
1780584819451 0.8410853911668826 33
1780584835258 0.8193916357480563 34
1780584850896 0.8048412677569267 35
1780584866887 0.7949592058475201 36
1780584882742 0.7961276356990521 37
1780584898184 0.7815626554000072 38
1780584914211 0.7719032825567783 39
1780584929929 0.7767496093725547 40
1780584946057 0.7649697432151208 41
1780584962288 0.7477200856575599 42
1780584978171 0.7498386120184873 43
1780584994164 0.7316014033097488 44
1780585010002 0.7118341357280047 45
