1782595914259 1.656646466255188 1
1782595915413 1.4375873327255249 2
1782595916550 1.343969964981079 3
1782595917735 1.2878474473953248 4
1782595918914 1.2452381610870362 5
1782595920067 1.1998348951339721 6
1782595921177 1.1551027297973633 7
1782595922303 1.1159841060638427 8
1782595923470 1.0842498779296874 9
1782595924641 1.0550291776657104 10
1782595925784 1.015661597251892 11
1782595926930 0.9829244971275329 12
1782595928150 0.9586885929107666 13
1782595929311 0.9339934110641479 14
1782595930461 0.9097363352775574 15
1782595931550 0.8838672757148742 16
1782595932630 0.8491003036499023 17
1782595933700 0.8268831133842468 18
1782595935022 0.7979363322257995 19
1782595936200 0.7847316026687622 20
1782595945266 0.7526493906974793 21
1782595946449 0.7265118837356568 22
1782595947609 0.7049688816070556 23
1782595948782 0.6854387521743774 24
1782595949932 0.6625499844551086 25
1782595951014 0.6475963115692138 26
1782595952127 0.6237837672233582 27
1782595953189 0.6071480631828308 28
1782595954337 0.5838837504386902 29
1782595955522 0.5596807360649109 30
1782595956699 0.5430393218994141 31
1782595957872 0.519864296913147 32
1782595958974 0.4997311055660248 33
1782595960089 0.4847105503082275 34
1782595961227 0.47016807198524474 35
1782595962374 0.4627438485622406 36
1782595963507 0.45026505589485166 37
1782595964672 0.43813360929489137 38
1782595965821 0.4220085144042969 39
1782595966938 0.4032070517539978 40
1782595968060 0.40001106858253477 41
1782595969217 0.382696396112442 42
1782595970322 0.37343870401382445 43
1782595971511 0.36262468099594114 44
1782595972736 0.34930209517478944 45
1782595973821 0.3456396162509918 46
1782595974941 0.33231137990951537 47
1782595976097 0.3172480583190918 48
1782595977236 0.30661888122558595 49
1782595978367 0.29544596672058104 50
1782595979490 0.2867401599884033 51
1782595980646 0.2881535530090332 52
1782595981738 0.28173072934150695 53
1782595982915 0.2721233665943146 54
1782595984064 0.26157237887382506 55
1782595985244 0.25105798840522764 56
1782595986407 0.24435123205184936 57
1782595987573 0.2376443475484848 58
1782595988773 0.23545432090759277 59
1782595989914 0.2409382164478302 60
1782595991084 0.24832774102687835 61
1782595992241 0.2352749913930893 62
1782595993432 0.23240551948547364 63
1782595994580 0.21884809136390687 64
1782595995745 0.21014045774936677 65
1782595996930 0.2049892246723175 66
