1782600774141 2.9181054460591285 1
1782600790322 2.749749101441482 2
1782600806331 2.594710514463227 3
1782600821514 2.425567865371704 4
1782600837378 2.238632185705777 5
1782600853710 2.040905611268405 6
1782600869513 1.842501919845055 7
1782600886149 1.6575163808362237 8
1782600902256 1.4869121847481563 9
1782600917394 1.342784750050512 10
1782600932987 1.2278258307226773 11
1782600948465 1.1302699713871396 12
1782600963868 1.0471942383667519 13
1782600978845 0.9870934280855902 14
1782600994860 0.9286873217286735 15
1782601009933 0.8710497001121784 16
1782601026099 0.8253682235191608 17
1782601042345 0.784938590279941 18
1782601058847 0.7433328464113432 19
1782601074172 0.6999645582560835 20
1782601107598 0.6658312986636984 21
1782601123793 0.6439693405710417 22
1782601139688 0.6176466592426958 23
1782601156304 0.5996332106919124 24
1782601172685 0.5869510810950707 25
1782601189114 0.5744329279866712 26
1782601209796 0.5611600403127999 27
1782601224716 0.5531157810112526 28
1782601240397 0.5458814974488884 29
1782601256461 0.5376418777580919 30
1782601272382 0.5295494969548851 31
1782601288719 0.5209731706257524 32
1782601304612 0.5175571441650391 33
1782601320871 0.5099216689323557 34
1782601337425 0.5048848277535932 35
1782601352749 0.5018113152734165 36
1782601367940 0.4988156074079974 37
1782601383993 0.4979003010124996 38
1782601399865 0.4922967912821934 39
1782601415150 0.493193400317225 40
1782601431130 0.48926367328084747 41
1782601446894 0.48441897589584876 42
1782601463629 0.48493103939911414 43
1782601479358 0.47989860382573357 44
1782601494835 0.47664592800469235 45
1782601514784 0.4727255743125389 46
1782601531068 0.47057109660115737 47
1782601546279 0.4752274453639984 48
1782601562398 0.4746589773687823 49
1782601577871 0.46631668251136255 50
1782601593605 0.4688357998584879 51
1782601609020 0.46806259607446604 52
1782601624912 0.46335199166988505 53
1782601641164 0.4650500920312158 54
1782601656755 0.4638914106221035 55
1782601672718 0.4643537319939712 56
1782601688183 0.4623483234438403 57
1782601704714 0.45952506825841705 58
1782601720030 0.459887544656622 59
1782601735753 0.46167690178443643 60
1782601750589 0.4577793139835884 61
1782601766468 0.45551637945504025 62
1782601782388 0.45411539899891823 63
