1783457344645 1.4048008620738983 1
1783457346308 1.3385456800460815 2
1783457347974 1.2691071331501007 3
1783457349627 1.2357940077781677 4
1783457351202 1.2327312380075455 5
1783457352816 1.2116222828626633 6
1783457354475 1.1859478652477264 7
1783457356089 1.165255382657051 8
1783457357729 1.1601582467556 9
1783457359300 1.1532260924577713 10
1783457360888 1.1288008242845535 11
1783457362466 1.1160984933376312 12
1783457364113 1.1064487099647522 13
1783457365691 1.0899640172719955 14
1783457367304 1.0752838850021362 15
1783457368915 1.0615148842334747 16
1783457370553 1.0619040131568909 17
1783457372207 1.0466081202030182 18
1783457373816 1.0310600399971008 19
1783457375428 1.0125373750925064 20
1783457377104 1.0039042383432388 21
1783457378738 0.996078722178936 22
1783457380401 0.9845665097236633 23
1783457382003 0.9680140241980553 24
1783457383596 0.9616063237190247 25
1783457385233 0.9519040659070015 26
1783457386897 0.9388294517993927 27
1783457388518 0.9320555850863457 28
1783457390127 0.93571687489748 29
1783457391767 0.9216410368680954 30
1783457393394 0.9126791059970856 31
1783457395014 0.8984461724758148 32
1783457396655 0.8852826580405235 33
1783457398227 0.8841729387640953 34
1783457399823 0.8624205142259598 35
1783457401446 0.8557035326957703 36
