1782602477490 1.2319954450313861 1
1782602479718 1.1104504787004912 2
1782602481876 1.0559587249389062 3
1782602484057 1.000176998285147 4
1782602486196 0.9655130826509916 5
1782602488424 0.9176700390302218 6
1782602490511 0.8732884067755479 7
1782602492675 0.8445509993113004 8
1782602494811 0.8127876978654128 9
1782602496967 0.7900183751032903 10
1782602499118 0.7605173450249892 11
1782602501237 0.733833487217243 12
1782602503425 0.706985721221337 13
1782602505559 0.6851739883422852 14
1782602507663 0.6608746372736417 15
1782602509807 0.6431935383723333 16
1782602511885 0.6140126035763667 17
1782602514055 0.5966847768196692 18
1782602516213 0.5803563503118662 19
1782602518322 0.5733658212881821 20
1782602520411 0.5577453649961032 21
1782602522524 0.540162980556488 22
1782602524645 0.5131749762938573 23
1782602526728 0.5052098700633416 24
1782602528815 0.4867390852708083 25
1782602530940 0.4767038111503308 26
1782602533052 0.4592450284040891 27
1782602535277 0.4415928560953874 28
1782602537475 0.4386615982422462 29
1782602539605 0.43197277646798354 30
1782602541841 0.41543973638461185 31
1782602544036 0.41503907396243167 32
1782602546144 0.3961281868127676 33
1782602548299 0.39489997579501224 34
1782602550491 0.38813910576013416 35
1782602552714 0.36827873495908886 36
1782602554868 0.3575649238549746 37
1782602557065 0.3548314387981708 38
1782602559206 0.3534815082183251 39
