1783457514926 1.4527276479280913 1
1783457517320 1.3067014859272883 2
1783457519734 1.2314025530448327 3
1783457522046 1.2026437520980835 4
1783457524546 1.1918508089505708 5
1783457526909 1.1719953005130475 6
1783457529233 1.1491742867689867 7
1783457531695 1.1221659183502197 8
1783457533981 1.1093938992573664 9
1783457536319 1.1058341631522546 10
1783457538663 1.0824576432888324 11
1783457541067 1.0581590991753798 12
1783457543460 1.0508014422196608 13
1783457545763 1.0404798709429228 14
1783457548080 1.021635665343358 15
1783457550530 1.004088846536783 16
1783457552894 0.9960319629082313 17
1783457555292 0.990314612021813 18
1783457557685 0.9708379873862634 19
1783457560058 0.9572822130643405 20
1783457562385 0.9484575986862183 21
1783457564770 0.946799846795889 22
1783457567139 0.9362872197077825 23
1783457569428 0.9141611456871033 24
1783457571893 0.9096045998426584 25
1783457574362 0.8975906188671405 26
1783457576683 0.8861903410691482 27
1783457579027 0.8722566962242126 28
1783457581339 0.8634588993512667 29
1783457583722 0.8550408757649935 30
1783457586093 0.8462204199570876 31
1783457588363 0.8328685943896954 32
1783457590769 0.8221932145265433 33
1783457593185 0.8229732696826642 34
1783457595654 0.8131745365949777 35
1783457597942 0.8044605484375587 36
1783457600331 0.7917094643299396 37
1783457602639 0.7889924324475802 38
1783457604879 0.7838210601073045 39
1783457607261 0.7675523528685937 40
1783457609566 0.7575575067446783 41
1783457611991 0.7632384667029748 42
1783457614374 0.7519422631997329 43
1783457616665 0.737115048445188 44
1783457619060 0.7283563522192148 45
1783457621480 0.7231937921964205 46
1783457623884 0.7145625215310317 47
