1783008464771 2.3591136733690896 1
1783008472043 2.25967475771904 2
1783008480162 2.1639094750086465 3
1783008488089 2.057530333598455 4
1783008505853 1.944394201040268 5
1783008513950 1.8241885503133137 6
1783008521731 1.6918994635343552 7
1783008529605 1.5529241661230724 8
1783008536904 1.4128675957520802 9
1783008544792 1.287302404642105 10
1783008552772 1.1687552879254024 11
1783008560323 1.0558786243200302 12
1783008568409 0.9684439425667127 13
1783008576313 0.8920199796557426 14
1783008584574 0.8217982227603594 15
1783008592494 0.7529938643177351 16
1783008599764 0.6931630323330561 17
1783008607570 0.6320605054497719 18
1783008615604 0.5654951259493828 19
1783008623174 0.49530211711923283 20
1783008630919 0.44488005340099335 21
1783008638827 0.3994266875088215 22
1783008647292 0.35677381108204526 23
1783008655268 0.327106108268102 24
1783008663193 0.29777646747728187 25
1783008671333 0.2731918779512246 26
1783008678918 0.24909698031842709 27
1783008686616 0.24424640089273453 28
1783008694454 0.22869094709555307 29
1783008702294 0.21201046680410704 30
1783008709752 0.19954909260074297 31
1783008717505 0.18902221508324146 32
1783008725002 0.1790090420593818 33
1783008732833 0.17418471413354078 34
1783008741012 0.16801794866720834 35
1783008748390 0.16176201030611992 36
1783008756363 0.15556113018343845 37
1783008765069 0.15552056736002365 38
1783008773125 0.15254608169198036 39
1783008780969 0.1544757323960463 40
1783008789126 0.14945483425011238 41
1783008797158 0.1426722894733151 42
1783008805860 0.14098787307739258 43
1783008813502 0.1378008791555961 44
1783008820643 0.13504599997152886 45
1783008828428 0.1323077113678058 46
1783008836037 0.13070455472916365 47
1783008843511 0.13065791626771292 48
1783008851469 0.12892898141096035 49
1783008859727 0.12699046699951091 50
1783008867692 0.12528438648829857 51
1783008875617 0.12697903842975697 52
1783008882768 0.13024938137580952 53
1783008890041 0.12439118729283412 54
1783008897343 0.12138527197142442 55
1783008905025 0.12048544393231471 56
1783008912380 0.11848818324506283 57
1783008919903 0.1162989940494299 58
1783008927785 0.11503723977754514 59
1783008935193 0.11384977245082457 60
1783008942506 0.12068549450486898 61
1783008950251 0.11424059358735879 62
1783008957804 0.11361906211823225 63
1783008966002 0.11395158277203639 64
1783008973886 0.11660460444788139 65
1783008982116 0.1160791264846921 66
1783008989796 0.11248254279295604 67
1783008997515 0.10929758815715711 68
1783009005233 0.10806918113181989 69
