1783008943098 2.9181275943229936 1
1783008958827 2.750278111161857 2
1783008974224 2.594882397816099 3
1783008989830 2.4255296772923964 4
1783009005593 2.2391334484363425 5
1783009021264 2.0399988560841003 6
1783009037372 1.842968932513533 7
1783009054207 1.656133923037299 8
1783009069573 1.4870552441169476 9
1783009085041 1.3429179232696007 10
1783009101102 1.2294723001019707 11
1783009117092 1.130624820446146 12
1783009132983 1.0479041790140087 13
1783009148565 0.988160725297599 14
1783009164168 0.9306056478927875 15
1783009179182 0.873023705235843 16
1783009195360 0.825130703120396 17
1783009210893 0.7818564464306009 18
1783009227287 0.7341568696087805 19
1783009242628 0.6980122081164656 20
1783009258890 0.6677655495446304 21
1783009274652 0.6383735866382204 22
1783009290686 0.6146492053722513 23
1783009306914 0.5976355795202584 24
1783009322416 0.5831327088947954 25
1783009338340 0.5699759084602882 26
1783009354052 0.55874293014921 27
1783009370375 0.5524095975119492 28
1783009385727 0.5442122220993042 29
1783009401076 0.5332939789212984 30
1783009416482 0.5273904379071861 31
1783009432192 0.5207149263085991 32
1783009447676 0.5178849522409767 33
1783009463360 0.5119235073697979 34
1783009481368 0.5057792899937466 35
1783009497108 0.5026269513985206 36
1783009512858 0.4995298303406814 37
1783009528687 0.4962132049017939 38
1783009544993 0.4900320192863201 39
1783009561238 0.49015363948098545 40
1783009576295 0.48796600206144924 41
1783009591543 0.4825359695944293 42
1783009607025 0.4831625593119654 43
1783009622945 0.4784355718514015 44
1783009639483 0.476533776727216 45
1783009655215 0.4732085620534831 46
1783009670504 0.47013045282199467 47
1783009685959 0.4747912780991916 48
1783009701420 0.47329080515894395 49
1783009716856 0.46597494544654056 50
1783009732287 0.4698808974233167 51
1783009747996 0.4663136714491351 52
1783009762995 0.4628314869157199 53
1783009778689 0.46500162831668196 54
1783009794184 0.46366047961958523 55
1783009813569 0.4656676187597472 56
1783009829372 0.46649973967979697 57
1783009846129 0.4602254855221716 58
1783009861424 0.45850430377598467 59
1783009877005 0.45917432472623626 60
1783009892654 0.4546486745620596 61
1783009907875 0.4553177613636543 62
1783009924002 0.4532680542304598 63
1783009939856 0.4534033793827583 64
1783009955921 0.44974754596578664 65
1783009971943 0.45109848729495344 66
1783009986987 0.4494309702823902 67
1783010002764 0.44800198386455403 68
1783010018434 0.4487900076241329 69
1783010033799 0.4494899624380572 70
