1782679055237 3.3138525230543956 1
1782679107694 3.099906291280474 2
1782679142071 2.9228626234190807 3
1782679182772 2.7545007296970914 4
1782679222193 2.569620055811746 5
1782679262201 2.3731462274278914 6
1782679301959 2.19038724899292 7
1782679341808 2.0067052202565328 8
1782679378571 1.8308159879275732 9
1782679415761 1.6724787950515747 10
1782679451701 1.55637093101229 11
1782679484161 1.4539490853037154 12
1782679522738 1.383304510797773 13
1782679562445 1.3108788004943304 14
1782679601834 1.2538871126515525 15
1782679640168 1.2123516925743647 16
1782679675466 1.1708845751626151 17
1782679713116 1.1388745563370841 18
1782679753904 1.1181334001677377 19
1782679795140 1.0909897557326727 20
1782679833147 1.0709910818508692 21
1782679869284 1.0467122154576438 22
1782679905787 1.0294560619762965 23
1782679941459 1.0055068688733237 24
1782679978286 0.9831464141607285 25
1782680013721 0.9700852994407926 26
1782680055584 0.9513296101774488 27
1782680095401 0.9378425521509988 28
1782680135918 0.9167273278747287 29
1782680172535 0.9009466618299484 30
1782680210098 0.8871228992938995 31
1782680248939 0.8654861982379641 32
1782680284521 0.8542064449616841 33
1782680320556 0.8279516718217305 34
1782680359823 0.816222784774644 35
1782680395981 0.803465377007212 36
1782680442285 0.8016942292451859 37
1782680477407 0.787266805768013 38
1782680515086 0.7768888303211757 39
1782680555750 0.7659889608621597 40
1782680595281 0.7629327050277165 41
1782680631752 0.7607359801019941 42
1782680673923 0.75633291048663 43
1782680711048 0.750505234513964 44
1782680748421 0.7471846959420613 45
1782680787729 0.74283866584301 46
1782680823412 0.7374402305909565 47
1782680867860 0.7326066472700664 48
1782680907495 0.7297753649098533 49
1782680944048 0.7250432223081589 50
1782680982545 0.7199845569474357 51
1782681022584 0.7153886790786471 52
1782681059527 0.7102533834321159 53
1782681102923 0.7111551080431256 54
1782681142438 0.7057416630642754 55
1782681177210 0.7033492944070271 56
1782681216731 0.7074466560568128 57
1782681264393 0.700978193964277 58
