1781961282331 1.387041681852096 1
1781961302508 1.0690843080862975 2
1781961322705 1.0426504122905242 3
1781961342780 1.0174290660100105 4
1781961363004 1.0073569218317668 5
1781961383532 1.0021852728648064 6
1781961403967 1.0037366228225904 7
1781961424465 0.9901029849663759 8
1781961445261 0.9891889156439365 9
1781961466021 0.981115779815576 10
1781961487233 0.9768893489470849 11
1781961507892 0.9759751481887622 12
1781961528915 0.9658683049373138 13
1781961549610 0.9532583065522022 14
1781961570558 0.9511678753755032 15
1781961592445 0.9485820929209391 16
1781961613296 0.9350883104862311 17
1781961633801 0.9315242339403201 18
1781961654315 0.9259761434334975 19
1781961675131 0.9143306872783563 20
1781961695711 0.9118799551939353 21
1781961716368 0.8921849131584167 22
1781961737243 0.8855714752123907 23
1781961757912 0.8668051270338205 24
1781961778689 0.8746489744919997 25
1781961800447 0.8583179177382053 26
1781961821006 0.8497185615392832 27
1781961841215 0.8331322838098575 28
1781961862253 0.8182327258281219 29
1781961882608 0.8100586533546448 30
1781961903030 0.8002865559015518 31
1781961925112 0.7899927023129586 32
1781961945625 0.768242848225129 33
1781961965921 0.7499077228399423 34
1781961986563 0.7343765864005456 35
1781962007245 0.7125059778873737 36
1781962027503 0.6911078783181998 37
1781962047640 0.7055283188819885 38
1781962068242 0.6750348622982318 39
1781962088894 0.6858467918175918 40
1781962111049 0.6789210178913214 41
1781962131457 0.656946082909902 42
1781962152626 0.6500353140708728 43
1781962173743 0.6795459343836858 44
1781962194276 0.6338104193027203 45
1781962216374 0.6268121966948876 46
1781962236909 0.633683660091498 47
1781962257232 0.634165747043414 48
1781962277991 0.6116158213370886 49
1781962308429 0.5947093635033338 50
1781962328917 0.5980839286095057 51
1781962349504 0.6121072310667771 52
1781962370131 0.5871569009927603 53
1781962390422 0.5730928786289997 54
1781962412608 0.577977214868252 55
1781962432856 0.5692116182584029 56
1781962453126 0.5932977191912823 57
1781962473535 0.5665423495647235 58
1781962493848 0.560715954273175 59
1781962514426 0.5573577452928592 60
1781962534985 0.5551783457780496 61
1781962555741 0.5453710189232459 62
1781962580593 0.5488222997922164 63
1781962601358 0.5330859117018871 64
1781962621754 0.5406381411430163 65
1781962642314 0.5331901350082495 66
1781962662730 0.5143535335858663 67
1781962683408 0.5248952882412152 68
1781962703614 0.5109128592870175 69
1781962723894 0.5097465637402657 70
1781962744026 0.5074155162542294 71
1781962766159 0.5139438708623251 72
1781962786657 0.5048622076327984 73
1781962807034 0.5028125078250201 74
1781962827723 0.4974969220467103 75
1781962848157 0.49517774963990235 76
1781962868560 0.482238171956478 77
1781962889183 0.48153054867035305 78
1781962909595 0.47689405236488736 79
1781962930929 0.4755098613408896 80
1781962951314 0.46598051679440033 81
1781962971754 0.469796937245589 82
1781962992836 0.4855567530179635 83
1781963013293 0.4819220617795602 84
1781963034224 0.4617967170018416 85
1781963055222 0.4776133757371169 86
1781963075983 0.45940863627653855 87
1781963102519 0.47717773150175047 88
1781963123467 0.47127014551407254 89
1781963144281 0.45066321507478374 90
1781963164905 0.43762704806450087 91
1781963185728 0.4315222555246109 92
1781963206754 0.43145105013480556 93
1781963227895 0.4244912014557765 94
1781963248807 0.42361450348144924 95
1781963269644 0.42847080796192855 96
1781963290115 0.433166856949146 97
1781963310890 0.4290174024227338 98
1781963332061 0.43316761270547527 99
1781963352833 0.4265326276803628 100
