1781987929754 1.4458922483982184 1
1781987950946 1.3334677586188683 2
1781987972065 1.2477453213471632 3
1781987993265 1.1682051053413978 4
1781988014438 1.08902461712177 5
1781988036080 1.0122037820326977 6
1781988058107 0.930640750970596 7
1781988079241 0.8557222210443937 8
1781988100703 0.7818897030292413 9
1781988121771 0.7240250630256457 10
1781988142951 0.6760739317307105 11
1781988165855 0.6258117709404383 12
1781988187287 0.5877971847852071 13
1781988208443 0.5451249449681013 14
1781988229578 0.5195515155792236 15
1781988250749 0.5076377025017371 16
1781988272453 0.481444130341212 17
1781988293386 0.4680180496130234 18
1781988314441 0.4394201567539802 19
1781988335081 0.425723013205406 20
1781988355929 0.41465355112002444 21
1781988378073 0.403271238773297 22
1781988400060 0.38963088928124845 23
1781988421228 0.3953253466349382 24
1781988442645 0.37590786050527525 25
1781988463668 0.37337472041447956 26
1781988484524 0.3583375750443874 27
1781988505646 0.3571386497754317 28
1781988526788 0.3386082320641249 29
1781988547704 0.3372397957704006 30
1781988568844 0.3214996120868585 31
1781988590182 0.3230277162331801 32
1781988611099 0.3159544253960634 33
1781988643622 0.3108042184358988 34
1781988672964 0.30377105948252553 35
1781988696581 0.29753654927779466 36
1781988717415 0.29059388775091904 37
1781988738820 0.2874280630778044 38
1781988761419 0.2697970706682939 39
1781988782292 0.2743640137024415 40
1781988803514 0.2773409115198331 41
1781988824666 0.2608965994455876 42
1781988845747 0.2506439804266661 43
1781988867157 0.24355443777182165 44
1781988888485 0.2338928549717634 45
1781988909794 0.24917046763958076 46
1781988931742 0.24236290959211496 47
1781988953357 0.23065360425374445 48
1781988974473 0.21723596025735903 49
1781988995735 0.21453868578641844 50
1781989017371 0.24096020941550916 51
1781989038834 0.22057239634868425 52
1781989060976 0.21754762148245788 53
1781989082085 0.20251251795353034 54
1781989103160 0.20611606041590372 55
1781989125048 0.20319016507038704 56
1781989146189 0.21352557799754998 57
1781989167776 0.1972289482752482 58
1781989189228 0.19069650348944542 59
1781989215868 0.18465475279551286 60
