1782226839167 1.6741685438156129 1
1782226843231 1.1499875664711 2
1782226847259 0.6958497047424317 3
1782226851255 0.6134317970275879 4
1782226855290 0.5938569188117981 5
1782226859226 0.5615567660331726 6
1782226863381 0.5063372206687927 7
1782226867331 0.47943545937538146 8
1782226871316 0.46912508487701415 9
1782226875529 0.46175607919692996 10
1782226879618 0.44306894063949587 11
1782226883442 0.43083057522773743 12
1782226887425 0.4226877725124359 13
1782226891547 0.4227201128005981 14
1782226895537 0.4211062264442444 15
1782226900259 0.4019058871269226 16
1782226904647 0.39934625387191774 17
1782226909016 0.41567453145980837 18
1782226913208 0.40126936078071596 19
1782226917387 0.3856087613105774 20
1782226921634 0.37905627727508545 21
1782226925772 0.3823649084568024 22
1782226930137 0.38150079250335694 23
1782226934359 0.36769874215126036 24
1782226938623 0.36618499279022215 25
1782226942927 0.37186768770217893 26
1782226947141 0.3676143956184387 27
1782226951349 0.3564432573318481 28
1782226955640 0.36015162110328675 29
1782226959813 0.3626811408996582 30
1782226963907 0.3652973020076752 31
1782226968147 0.3515494644641876 32
1782226972317 0.3464167380332947 33
1782226976372 0.35247478723526 34
1782226980481 0.3606946611404419 35
1782226984460 0.3437904918193817 36
1782226988406 0.33750503659248354 37
