1782595984171 1.1575250656981217 1
1782595988970 0.9892008084999887 2
1782595993647 0.8969335775626334 3
1782595998332 0.8066589440170088 4
1782596002995 0.7167385534236306 5
1782596007675 0.6292605039320494 6
1782596012449 0.5469329859081068 7
1782596017274 0.4764548516587207 8
1782596022061 0.40961967565511403 9
1782596026800 0.34780427342966985 10
1782596031600 0.2978502296303448 11
1782596036413 0.2584054728871898 12
1782596041210 0.2237347246784913 13
1782596045904 0.22384379686493622 14
1782596050657 0.19260003888293317 15
1782596055368 0.16765651969533218 16
1782596060056 0.15889711638814524 17
1782596064773 0.14766847969670044 18
1782596069505 0.13997063354441994 19
1782596074266 0.13618159411769165 20
1782596079033 0.12987096333190015 21
1782596083885 0.12736729944222852 22
1782596088669 0.12338711615455777 23
1782596093431 0.12079750021037303 24
1782596098151 0.12234509128488992 25
1782596102916 0.11886338713137727 26
1782596107641 0.12043137867984019 27
1782596112412 0.11346294652474553 28
1782596117119 0.10958061445700495 29
1782596121910 0.10940058803872059 30
1782596126684 0.10958319412250268 31
1782596131493 0.10719677100056096 32
1782596136215 0.10896040558030731 33
