1781280982076 1.5985292816162109 1
1781281028406 1.4984914016723634 2
1781281074865 1.4105883646011352 3
1781281121478 1.3395889282226563 4
1781281168476 1.2521912479400634 5
1781281214682 1.171904501914978 6
1781281261038 1.0994527769088744 7
1781281310030 1.0338514018058778 8
1781281356317 0.978324158191681 9
1781281403294 0.9242394137382507 10
1781281450140 0.8774621844291687 11
1781281496286 0.8265259599685669 12
1781281542702 0.7829622435569763 13
1781281588817 0.7365405583381652 14
1781281635628 0.693651819229126 15
1781281683716 0.6538218665122986 16
1781281730626 0.6172386956214905 17
1781281776763 0.5816692686080933 18
1781281823364 0.5480112338066101 19
1781281870391 0.5191326272487641 20
1781281916802 0.48854698419570924 21
1781281963790 0.46209351062774656 22
1781282012001 0.43998459339141843 23
1781282059055 0.4186795163154602 24
1781282105369 0.39716081619262694 25
1781282151750 0.3795951056480408 26
1781282198199 0.36366979241371156 27
1781282246162 0.3533737897872925 28
