1783457719943 1.7702684783935547 1
1783457724207 1.5807178592681885 2
1783457728568 1.4942442512512206 3
1783457733110 1.461786003112793 4
1783457737683 1.450985198020935 5
1783457742055 1.4286620807647705 6
1783457746578 1.3835537147521972 7
1783457751091 1.3537487697601318 8
1783457755529 1.3425327444076538 9
1783457760039 1.317996678352356 10
1783457764427 1.27206326007843 11
1783457768813 1.2452464246749877 12
1783457773248 1.231917233467102 13
1783457777649 1.2106963777542115 14
1783457782237 1.1640671300888061 15
1783457786634 1.1325419425964356 16
1783457790924 1.1235536956787109 17
1783457795290 1.0994849920272827 18
1783457799828 1.057364480495453 19
1783457804124 1.0267045736312865 20
1783457808618 1.0160057473182678 21
1783457813164 0.993382453918457 22
1783457817697 0.9556995964050293 23
1783457822168 0.9250854825973511 24
1783457826787 0.9142339396476745 25
1783457831115 0.8913564729690552 26
1783457835478 0.8537628173828125 27
1783457840055 0.8229935026168823 28
1783457844338 0.8123664021492004 29
1783457848690 0.7936167192459106 30
1783457853066 0.758408100605011 31
1783457857633 0.7308293986320495 32
1783457862041 0.7203669214248657 33
1783457866369 0.7025626707077026 34
1783457870675 0.6692344188690186 35
1783457875093 0.647526032924652 36
1783457879672 0.6369983720779419 37
1783457883978 0.6178189396858216 38
1783457888430 0.5906507420539856 39
1783457892729 0.5672466957569122 40
1783457897244 0.5584118580818176 41
1783457901696 0.5481349456310273 42
