1782392976018 1.6911605644226073 1
1782392980934 1.604729504585266 2
1782392985695 1.543558850288391 3
1782392990445 1.4803021812438966 4
1782392995365 1.4161970949172973 5
1782393000426 1.3514124488830566 6
1782393005385 1.283776774406433 7
1782393010186 1.2174585962295532 8
1782393014885 1.148029727935791 9
1782393019827 1.071861252784729 10
1782393024749 0.999068341255188 11
1782393029723 0.9294606971740723 12
1782393034559 0.8615488576889038 13
1782393039326 0.7943134832382203 14
1782393044012 0.7398366332054138 15
1782393048886 0.6747295475006103 16
1782393053743 0.6274902582168579 17
1782393058217 0.5711690974235535 18
1782393062633 0.5244006597995758 19
1782393067204 0.48584850430488585 20
1782393071757 0.45209487199783327 21
1782393076262 0.42188489317893985 22
1782393080809 0.3934486389160156 23
1782393085233 0.37091170191764833 24
1782393089509 0.34925988435745237 25
1782393093907 0.3384379971027374 26
1782393098491 0.325250403881073 27
1782393103234 0.3163878744840622 28
1782393107792 0.30672571003437044 29
1782393112290 0.29699867725372314 30
1782393116887 0.28699964463710786 31
1782393121480 0.2813975977897644 32
1782393126095 0.2766336888074875 33
1782393130572 0.27513639867305756 34
1782393135282 0.27005284070968627 35
1782393139810 0.26384621143341064 36
1782393144205 0.2629726308584213 37
1782393148773 0.26928178310394285 38
1782393153623 0.2627775716781616 39
1782393158076 0.25801312863826753 40
1782393163123 0.2531937718391418 41
1782393168001 0.24935606062412263 42
1782393172729 0.2531933546066284 43
1782393177047 0.25166947305202486 44
