1779917232611 1.425274920463562 1
1779917236829 0.9986191391944885 2
1779917241092 0.879820773601532 3
1779917245267 0.831129424571991 4
1779917249322 0.7183821702003479 5
1779917258868 0.6867473459243775 6
1779917263109 1.2866595935821534 7
1779917267226 0.8655927610397339 8
1779917271349 0.7903334307670593 9
1779917275407 0.7707312679290772 10
1779917279595 0.7562969374656677 11
1779917283810 0.7400348925590515 12
1779917288002 0.7253247761726379 13
1779917292270 0.7185661792755127 14
1779917296409 0.7052049589157104 15
1779917300681 0.7018563961982727 16
1779917304813 0.6886676645278931 17
1779917309022 0.6798818016052246 18
1779917313236 0.6707821202278137 19
1779917317533 0.6619685411453247 20
