1782651074464 1.5560235679149628 1
1782651076125 1.4509521424770355 2
1782651077814 1.4076179713010788 3
1782651079389 1.3805318474769592 4
1782651080999 1.3660920411348343 5
1782651082558 1.3430643826723099 6
1782651084127 1.3220907747745514 7
1782651085687 1.3056222945451736 8
1782651087304 1.2962232381105423 9
1782651088880 1.2904198169708252 10
1782651090510 1.2613613605499268 11
1782651092116 1.2439882457256317 12
1782651093727 1.2255992591381073 13
1782651095276 1.2124954462051392 14
1782651096823 1.213277667760849 15
1782651098395 1.1963155418634415 16
1782651099956 1.174366980791092 17
1782651101612 1.1647890508174896 18
1782651103197 1.1432059556245804 19
1782651104798 1.1357026547193527 20
1782651106367 1.1529372334480286 21
1782651107951 1.1224495619535446 22
1782651109509 1.1107397079467773 23
1782651111142 1.0869390070438385 24
1782651112728 1.0663593262434006 25
1782651114289 1.0601234063506126 26
1782651115853 1.034109115600586 27
1782651117403 1.0329212993383408 28
1782651119163 1.007307305932045 29
1782651120805 1.0037274807691574 30
1782651122369 0.9946554973721504 31
1782651123925 0.976117417216301 32
1782651125499 0.9550589919090271 33
1782651127066 0.9496428892016411 34
1782651128672 0.9389697536826134 35
1782651130245 0.9291889518499374 36
1782651131825 0.9212730750441551 37
1782651133393 0.8948749676346779 38
1782651134950 0.8831802979111671 39
1782651136582 0.8853737860918045 40
1782651138213 0.8790652006864548 41
1782651139837 0.8663258627057076 42
1782651141394 0.8459781184792519 43
1782651142943 0.852019302546978 44
1782651144492 0.8225454911589622 45
1782651146097 0.806572325527668 46
1782651147705 0.7925705388188362 47
1782651149329 0.8046368137001991 48
1782651150911 0.7819554805755615 49
1782651152514 0.7945100218057632 50
1782651154137 0.7611678466200829 51
1782651155725 0.7526057586073875 52
1782651157341 0.74721659719944 53
1782651158905 0.7344401776790619 54
1782651160526 0.7365082427859306 55
1782651162193 0.7186485677957535 56
1782651163797 0.707786962389946 57
1782651165322 0.7068072184920311 58
1782651166885 0.697447769343853 59
1782651168429 0.6838333830237389 60
1782651170027 0.6670828461647034 61
1782651171613 0.6737123057246208 62
1782651173162 0.661359466612339 63
1782651174719 0.6571348533034325 64
1782651176258 0.6482205986976624 65
1782651177804 0.634699247777462 66
1782651179388 0.6384118050336838 67
1782651180976 0.6309735029935837 68
1782651182558 0.6241390556097031 69
