1782651142517 2.9181275861016633 1
1782651157481 2.7502781358258477 2
1782651173346 2.5948823649307777 3
1782651189510 2.42552977594836 4
1782651205273 2.2391334073296907 5
1782651221287 2.039998872526761 6
1782651238419 1.8429689242922027 7
1782651254799 1.6561339312586292 8
1782651276996 1.4870552194529567 9
1782651293310 1.3429179068269401 10
1782651308589 1.229472308323301 11
1782651324791 1.130624820446146 12
1782651341017 1.0479041831246738 13
1782651357280 0.9881607211869339 14
1782651373815 0.9306056520034527 15
1782651390243 0.8730237114018408 16
1782651405762 0.825130703120396 17
1782651421798 0.7818564402646032 18
1782651442799 0.7341568696087805 19
1782651458156 0.6980122040058004 20
1782651473778 0.6677655454339653 21
1782651488934 0.6383735907488856 22
1782651504775 0.6146492012615862 23
1782651520011 0.5976355774649258 24
1782651534981 0.583132710950128 25
1782651551009 0.5699759064049557 26
1782651566047 0.5587429280938774 27
1782651581628 0.5524096036779469 28
1782651596701 0.5442122200439716 29
1782651619113 0.5332939789212984 30
1782651634727 0.5273904379071861 31
1782651651167 0.5207149293915979 32
1782651666228 0.5178849450473128 33
1782651681370 0.5119235083974641 34
1782651697351 0.5057792899937466 35
1782651712548 0.5026269483155218 36
1782651727778 0.4995298303406814 37
1782651743167 0.49621319976346245 38
1782651758402 0.490032022369319 39
1782651774186 0.4901536435916506 40
1782651789981 0.4879660051444481 41
1782651805345 0.4825359706220956 42
1782651821086 0.48316256033963173 43
1782651840585 0.4784355718514015 44
1782651856232 0.476533776727216 45
1782651871933 0.4732085641088157 46
1782651887590 0.47013045384966096 47
1782651903103 0.4747912811821905 48
1782651919057 0.4732908072142765 49
1782651934363 0.46597494544654056 50
1782651949985 0.4698808953679841 51
1782651966419 0.4663136724768014 52
1782651982384 0.4628314879433862 53
1782651998393 0.46500162934434824 54
1782652014639 0.46366047961958523 55
1782652030522 0.4656676187597472 56
1782652046913 0.4664997386521307 57
1782652062902 0.46022548449450523 58
1782652078747 0.4585043027483184 59
1782652094597 0.45917432575390255 60
