1779919015384 1.528114709854126 1
1779919019222 1.0315848302841186 2
1779919022987 0.8685429692268372 3
1779919026796 0.8235555362701416 4
1779919030690 0.797424898147583 5
1779919034619 0.7762295985221863 6
1779919038416 0.7579697895050049 7
1779919042270 0.739468379020691 8
1779919046090 0.724814486503601 9
1779919049877 0.7045830607414245 10
1779919053674 0.6899664616584777 11
1779919057451 0.6759540843963623 12
1779919061286 0.6614855051040649 13
1779919065129 0.6612122750282288 14
1779919068898 0.6488517355918885 15
1779919072663 0.6352856302261353 16
1779919076345 0.623148672580719 17
1779919080097 0.6146675515174865 18
1779919083831 0.6126289987564086 19
1779919087541 0.5962959098815918 20
1779919091323 0.5895031929016114 21
1779919095115 0.5970074295997619 22
1779919098856 0.5794223666191101 23
1779919102646 0.5741951727867126 24
1779919106505 0.565180778503418 25
1779919110471 0.5575140762329102 26
1779919114269 0.5550242471694946 27
1779919118113 0.5397618019580841 28
1779919121995 0.5328925955295563 29
1779919125861 0.5324360918998718 30
1779919129631 0.5447697103023529 31
1779919133418 0.5242872488498688 32
1779919137289 0.5065765726566315 33
1779919141148 0.5095258426666259 34
1779919144901 0.49692978620529177 35
1779919148702 0.49516676664352416 36
1779919152435 0.4850463080406189 37
1779919156219 0.47926404714584353 38
1779919160083 0.4755165946483612 39
1779919163846 0.47610096335411073 40
1779919167684 0.4655220699310303 41
1779919171451 0.46249354362487793 42
1779919175292 0.4544281530380249 43
1779919179108 0.4472099924087524 44
1779919182878 0.4420113790035248 45
1779919186715 0.43941851615905764 46
1779919190459 0.44284679293632506 47
1779919194249 0.4397352635860443 48
1779919198068 0.4307768726348877 49
1779919202605 0.422766820192337 50
