1783496021315 1.0847500048431695 1
1783496027948 0.8237097789259518 2
1783496034379 0.6878424123221752 3
1783496040981 0.5843280962869233 4
1783496047641 0.4752613422917385 5
1783496054346 0.3870763118360557 6
1783496060938 0.32247412613793913 7
1783496067491 0.2732441992151971 8
1783496073958 0.23424452046553293 9
1783496080554 0.20443778528886683 10
1783496087068 0.17467455595147377 11
1783496093595 0.15697000073451622 12
1783496100261 0.14927947608863606 13
1783496106748 0.14091125612749772 14
1783496113203 0.1328706265080209 15
1783496119691 0.12092793849753398 16
1783496126250 0.11913509491611929 17
1783496132783 0.10501526413010616 18
1783496139456 0.10439710085298501 19
1783496145980 0.10388581907632304 20
1783496152375 0.09762536179201275 21
1783496158978 0.09328701347112656 22
1783496165470 0.09003270461278803 23
1783496171924 0.08640948200927061 24
1783496178377 0.0871401619093091 25
1783496184834 0.08564597076060725 26
1783496191200 0.08417695994470634 27
1783496197533 0.0817407945207521 28
1783496203902 0.08471185275736977 29
1783496210227 0.07617089926612143 30
1783496216767 0.07317739973465602 31
1783496223149 0.07547203553657905 32
1783496229546 0.07034101563633657 33
1783496235998 0.06805463032979592 34
1783496242381 0.06926434465190943 35
1783496248798 0.0702341969544981 36
1783496255332 0.07028800964939828 37
1783496261838 0.06952332091682098 38
1783496268374 0.06744337542092099 39
1783496274838 0.06412089915544379 40
1783496281207 0.06400705822834782 41
1783496287688 0.06462228539235451 42
