1779919208086 1.445276265144348 1
1779919211865 1.0341420578956604 2
1779919215749 0.8911540389060975 3
1779919219475 0.8112675333023072 4
1779919223272 0.7248644804954529 5
1779919227049 0.6891615724563599 6
1779919230848 0.6673385310173034 7
1779919234621 1.1615113067626952 8
1779919238421 0.7645678973197937 9
1779919242235 0.7386606001853943 10
1779919246014 0.7225758481025696 11
1779919249824 0.7069305896759033 12
1779919253626 0.695722472667694 13
1779919257456 0.685072295665741 14
1779919261216 0.6800368738174438 15
1779919264998 0.6700758075714112 16
1779919268747 0.6643041396141052 17
1779919272571 0.6534400510787964 18
1779919276257 0.6472510933876038 19
1779919280048 0.6403417229652405 20
1779919283798 0.6368697619438172 21
1779919287644 0.6329660081863403 22
1779919291431 0.6307570314407349 23
1779919295279 0.6168193817138672 24
1779919299092 0.6202331042289734 25
1779919302870 0.6120856595039368 26
1779919306642 0.6066052198410035 27
1779919310481 0.6085872292518616 28
1779919314299 0.5955374836921692 29
1779919318118 0.5981313896179199 30
1779919321884 0.5890155363082886 31
1779919325732 0.590005235671997 32
1779919329548 0.5792020297050476 33
1779919333378 0.5762972164154053 34
1779919337241 0.5796998262405395 35
1779919341063 0.569144926071167 36
1779919344851 0.5655755865573883 37
1779919348685 0.5609547626972199 38
1779919352537 0.5641039800643921 39
1779919356264 0.5580493986606598 40
1779919360044 0.5519972538948059 41
1779919363947 0.5465597701072693 42
1779919367776 0.5408657944202423 43
1779919371572 0.5422304189205169 44
1779919375466 0.5394115400314331 45
1779919379305 0.5374389445781708 46
1779919383160 0.5395914959907532 47
1779919387046 0.5273082900047302 48
1779919390956 0.522479043006897 49
1779919394858 0.5233527326583862 50
