1782392632936 1.7795909309387208 1
1782392637679 1.6485986423492431 2
1782392642164 1.5382880067825317 3
1782392647060 1.4663691663742064 4
1782392651582 1.4002816438674928 5
1782392655947 1.33836856842041 6
1782392660349 1.2734865379333495 7
1782392664989 1.2082651329040528 8
1782392673910 1.142637186050415 9
1782392683467 1.0757705450057984 10
1782392688110 1.0109869027137757 11
1782392692777 0.9468374586105347 12
1782392697354 0.8878876614570618 13
1782392701748 0.8310623121261597 14
1782392706343 0.7731728839874268 15
1782392710896 0.7180711317062378 16
1782392715465 0.6694139099121094 17
1782392719802 0.6187750363349914 18
1782392724423 0.5744032859802246 19
1782392728900 0.533672935962677 20
1782392733495 0.500210874080658 21
1782392737858 0.4652339220046997 22
1782392742375 0.43423147559165953 23
1782392746786 0.40821352005004885 24
1782392751390 0.38831605195999147 25
1782392755821 0.37004673600196836 26
1782392760460 0.354134042263031 27
1782392764990 0.336954300403595 28
1782392769651 0.32889654994010925 29
1782392774162 0.3164699429273605 30
1782392778764 0.30902677595615385 31
1782392783350 0.2999944829940796 32
1782392788240 0.28976713478565214 33
1782392792911 0.2864058345556259 34
1782392797427 0.2819821149110794 35
1782392801931 0.2751466023921967 36
1782392806463 0.26965428769588473 37
