1782595586958 1.5348645001649857 1
1782595588482 1.3926592916250229 2
1782595589957 1.3554217517375946 3
1782595591408 1.3166279345750809 4
1782595592950 1.306465595960617 5
1782595594425 1.285111129283905 6
1782595595907 1.253586307168007 7
1782595597396 1.232185035943985 8
1782595598828 1.2101968675851822 9
1782595600293 1.2086836099624634 10
1782595601761 1.1935063898563385 11
1782595603231 1.1602655053138733 12
1782595604741 1.1542967855930328 13
1782595606183 1.1331872195005417 14
1782595607629 1.1197248548269272 15
1782595609117 1.1009571254253387 16
1782595610639 1.0780862495303154 17
1782595612139 1.071298137307167 18
1782595613717 1.0838605761528015 19
1782595615194 1.0489733219146729 20
1782595616627 1.0324595421552658 21
1782595618072 1.0105103552341461 22
1782595619552 0.9916690140962601 23
1782595621035 0.9843071401119232 24
1782595622524 0.9621532782912254 25
1782595623997 0.9573852941393852 26
1782595625477 0.9314688220620155 27
1782595626910 0.9099016413092613 28
1782595628389 0.8913648277521133 29
1782595629856 0.8808733969926834 30
1782595631290 0.8541619777679443 31
1782595632745 0.8470311760902405 32
1782595634225 0.8350993916392326 33
1782595635725 0.8217000737786293 34
1782595637256 0.7976691350340843 35
1782595638760 0.7980441823601723 36
1782595640239 0.767162449657917 37
1782595641757 0.762735977768898 38
1782595643270 0.740984782576561 39
1782595644752 0.7417030856013298 40
1782595646276 0.7254319563508034 41
1782595647775 0.7056767344474792 42
1782595649265 0.7153316736221313 43
1782595650730 0.6884721741080284 44
1782595652249 0.6666015610098839 45
1782595653741 0.6495118290185928 46
1782595655282 0.6377476155757904 47
1782595656763 0.6193644106388092 48
1782595658247 0.6140939220786095 49
1782595659785 0.5985783115029335 50
1782595661291 0.5848557204008102 51
1782595662804 0.5785186886787415 52
