1782083339085 1.5118431949615478 1
1782083343053 1.4058516597747803 2
1782083347037 0.8788809299468994 3
1782083350995 0.8044684290885925 4
1782083354762 0.7882253646850585 5
1782083358672 0.7640527367591858 6
1782083362662 0.735867531299591 7
1782083366390 0.718497769832611 8
1782083369974 0.7137107038497925 9
1782083373744 0.6969343614578247 10
1782083377489 0.6560522365570068 11
1782083381105 0.6150126218795776 12
1782083384982 0.60276939868927 13
1782083388851 0.5803961062431335 14
1782083392699 0.568481159210205 15
1782083396647 0.54758620262146 16
1782083400442 0.5404940748214722 17
1782083404396 0.5364533770084381 18
1782083408417 0.530202922821045 19
1782083412353 0.5162775683403015 20
1782083416389 0.5121570491790771 21
1782083420346 0.5091394591331482 22
1782083424239 0.5033356702327728 23
1782083428181 0.4932852566242218 24
1782083432105 0.4893000829219818 25
1782083435956 0.48688783288002013 26
1782083444688 0.48463924050331114 27
1782083448274 0.47601541042327883 28
1782083452294 0.46896692991256717 29
1782083456330 0.46867637157440184 30
1782083460038 0.47136431336402895 31
1782083464501 0.45761972665786743 32
1782083468242 0.4549928534030914 33
1782083472113 0.4605175793170929 34
1782083476084 0.4549258983135223 35
1782083479931 0.4465420174598694 36
1782083483648 0.44289214491844175 37
1782083487894 0.44720101714134214 38
1782083491869 0.4503941965103149 39
1782083495723 0.43626457691192627 40
1782083500841 0.4343951237201691 41
1782083506063 0.43482847094535826 42
1782083511478 0.4416725945472717 43
1782083516356 0.42937625527381895 44
1782083521427 0.4261657309532165 45
1782083526575 0.42909725069999693 46
1782083531929 0.4216375184059143 47
1782083536924 0.41543701410293576 48
1782083541900 0.41431857109069825 49
1782083547152 0.41671433568000793 50
1782083552223 0.41334765195846557 51
1782083557391 0.4070896017551422 52
1782083562575 0.4040412640571594 53
1782083567705 0.41412188291549684 54
1782083572868 0.438458092212677 55
1782083577891 0.40262961745262144 56
1782083582889 0.4004158782958984 57
