1782662578174 2.434823681910833 1
1782662585795 2.2785143752892814 2
1782662593488 2.1588922142982483 3
1782662601584 2.0347392559051514 4
1782662608840 1.9081388811270397 5
1782662617032 1.802134245634079 6
1782662624633 1.6508257140715916 7
1782662632507 1.5273383756478627 8
1782662640473 1.4018608580032985 9
1782662647937 1.2810068825880687 10
1782662655634 1.1705597440401714 11
1782662663444 1.0737488865852356 12
1782662670974 0.9806535641352335 13
1782662678559 0.8929097279906273 14
1782662686245 0.8065026998519897 15
1782662693613 0.722713460524877 16
1782662701589 0.6538539205988249 17
1782662710778 0.5983282948533694 18
1782662718423 0.5362159758806229 19
1782662726320 0.4826854256292184 20
1782662733490 0.437320572634538 21
1782662741229 0.3947812182207902 22
1782662749051 0.36630930999914807 23
1782662756819 0.32956604411204654 24
1782662764930 0.30402470752596855 25
1782662773330 0.2794550520678361 26
1782662780691 0.2643224547306697 27
1782662788229 0.24535195467372736 28
1782662796232 0.2344660752763351 29
1782662803891 0.22479924435416856 30
1782662811764 0.21329368154207864 31
1782662819158 0.20377384995420775 32
1782662827251 0.1967084767917792 33
1782662834547 0.1877156775444746 34
1782662842360 0.17977620537082353 35
1782662850179 0.1729705904920896 36
1782662857640 0.16963154325882593 37
1782662864969 0.1679432193438212 38
1782662872521 0.16328737884759903 39
1782662880111 0.15843587617079416 40
1782662887805 0.1541739453872045 41
1782662895664 0.15222598984837532 42
1782662902985 0.15261330517629781 43
1782662910786 0.14562384070207676 44
1782662917972 0.14057647654165825 45
1782662925917 0.14198576100170612 46
1782662933205 0.139270038343966 47
1782662940612 0.13759200926870108 48
1782662948026 0.1358928835640351 49
1782662955253 0.1341666147733728 50
1782662962910 0.13537245709449053 51
1782662970346 0.1379193471123775 52
1782662977650 0.13472688353310028 53
1782662985391 0.1305902563035488 54
1782662992685 0.12754940707236528 55
1782663000466 0.12806368743379912 56
1782663008094 0.12732532372077307 57
1782663015703 0.1260781573752562 58
1782663023255 0.12375295193245013 59
1782663030367 0.12094514134029548 60
1782663038208 0.1210313697035114 61
1782663045635 0.11937409732490778 62
1782663053874 0.11942874950667222 63
1782663061705 0.12135834898799658 64
1782663069626 0.11938309296965599 65
1782663077114 0.11869473134477933 66
1782663084270 0.11755302269011736 67
