1782681303786 3.3761420335088457 1
1782681345400 3.1547183224133084 2
1782681386419 2.954434173447745 3
1782681434020 2.7475127152034213 4
1782681474540 2.525974588734763 5
1782681510407 2.3093703474317278 6
1782681549910 2.0932752106870924 7
1782681583395 1.8884985148906708 8
1782681620311 1.7112054015908922 9
1782681657679 1.5596438561167036 10
1782681696216 1.4443313223975045 11
1782681734454 1.351285342659269 12
1782681769091 1.2777636349201202 13
1782681814104 1.233787374837058 14
1782681849792 1.1975903638771601 15
1782681885018 1.1550123734133584 16
1782681921245 1.1325727701187134 17
1782681963372 1.1146553882530756 18
1782682010103 1.0813612937927246 19
1782682047657 1.0556870102882385 20
1782682086031 1.0361305517809731 21
1782682122392 1.018581931080137 22
1782682159817 1.007543689438275 23
1782682199594 0.9963748518909726 24
1782682244369 0.9816211462020874 25
1782682281099 0.9688978684800011 26
1782682319367 0.9544796560491834 27
1782682355782 0.9364906741040093 28
1782682395233 0.9209427833557129 29
1782682435034 0.9024833227906909 30
1782682471214 0.8847253833498273 31
1782682509000 0.8720908058541161 32
1782682544413 0.8590100492749896 33
1782682586095 0.8449741005897522 34
1782682623153 0.8326391960893359 35
1782682659427 0.8273788797003883 36
1782682696739 0.8196830664362226 37
1782682731771 0.8158936479261943 38
1782682773833 0.8049825749226979 39
1782682816868 0.7979006958859307 40
1782682855932 0.7951185937438693 41
1782682893679 0.7887601980141231 42
1782682928865 0.7842131108045578 43
1782682970871 0.7782066208975655 44
1782683010811 0.7762110382318497 45
1782683049893 0.7636520947728839 46
1782683086463 0.7561904511281422 47
1782683127611 0.7524271117789405 48
1782683171729 0.7458969120468412 49
1782683216913 0.742588745696204 50
1782683257936 0.7345636146409171 51
1782683298978 0.732711564217295 52
1782683343301 0.7262847146817616 53
1782683379259 0.7247975149324962 54
1782683417076 0.7176186719111034 55
1782683453285 0.7165809252432415 56
1782683494656 0.7245638860123498 57
1782683529624 0.7111841674361911 58
1782683586091 0.7059942079441888 59
