1782328712521 1.720074954032898 1
1782328716677 1.6773549604415894 2
1782328720813 1.6107912683486938 3
1782328725004 1.5680872774124146 4
1782328729314 1.5556295013427734 5
1782328733441 1.521906657218933 6
1782328737293 1.4626178979873656 7
1782328741588 1.4260975265502929 8
1782328745760 1.4148259925842286 9
1782328749877 1.3827726459503173 10
1782328754042 1.3241876697540282 11
1782328757996 1.2873018598556518 12
1782328762144 1.2760396909713745 13
1782328766241 1.2435506534576417 14
1782328770414 1.1859827184677123 15
1782328774389 1.1501156997680664 16
1782328778677 1.1385120725631714 17
1782328782804 1.108384461402893 18
1782328786903 1.0553832864761352 19
1782328791195 1.0224794840812683 20
1782328795454 1.012625494003296 21
1782328799510 0.9881275796890259 22
1782328803772 0.938187780380249 23
1782328807958 0.908367998600006 24
1782328812320 0.898793694972992 25
1782328816680 0.8740776491165161 26
1782328820981 0.8317897272109985 27
1782328825296 0.8050504970550537 28
1782328829621 0.794974410533905 29
1782328834155 0.7761636924743652 30
1782328838852 0.7373920869827271 31
1782328843269 0.7119313430786133 32
1782328847546 0.7054883861541748 33
1782328852061 0.6888143730163574 34
1782328856694 0.6580522871017456 35
1782328860950 0.6378584861755371 36
1782328865620 0.6311826181411743 37
1782328869926 0.618670654296875 38
1782328874376 0.5929900574684143 39
1782328878767 0.5748688673973084 40
1782328883002 0.5692339706420898 41
1782328887226 0.56049471616745 42
1782328891413 0.542205913066864 43
1782328895593 0.5267652261257172 44
1782328899867 0.5211279463768005 45
1782328904328 0.516959228515625 46
1782328908395 0.5033010768890381 47
1782328912521 0.49129266262054444 48
1782328916980 0.486776305437088 49
1782328921244 0.4867961919307709 50
1782328925448 0.47667917370796203 51
1782328929427 0.46802866339683535 52
1782328933526 0.46084218978881836 53
1782328937614 0.46033480644226077 54
1782328941898 0.45034924149513245 55
1782328945887 0.4413890790939331 56
1782328949893 0.4398155426979065 57
1782328954092 0.4404744505882263 58
1782328958191 0.4347532320022583 59
1782328962225 0.42919079065322874 60
1782328974566 0.4254526627063751 61
1782328978818 0.42267254829406736 62
