1782685627759 2.0415324171384177 1
1782685637559 1.8777463386456172 2
1782685647146 1.7708956251541774 3
1782685656640 1.6557653745015461 4
1782685666225 1.5369861423969269 5
1782685675684 1.4109226763248444 6
1782685685318 1.2901598413785298 7
1782685694711 1.175274779399236 8
1782685704380 1.0756508360306423 9
1782685713732 0.97601468116045 10
1782685723359 0.8919185002644857 11
1782685733078 0.8136555105447769 12
1782685742555 0.7428155889113744 13
1782685752015 0.6755211651325226 14
1782685761467 0.6169764300187429 15
1782685771040 0.5587034051616987 16
1782685780690 0.5023314133286476 17
1782685790149 0.45147473613421124 18
1782685799719 0.40748364975055057 19
1782685811164 0.3747666999697685 20
1782685820735 0.3358806495865186 21
1782685830196 0.30739544704556465 22
1782685839604 0.27995433161656064 23
1782685849095 0.25733211760719615 24
1782685858593 0.2341310903429985 25
1782685868136 0.21655526446799436 26
1782685877744 0.20449553988873959 27
1782685889184 0.19799692556262016 28
1782685898749 0.18681233872969946 29
1782685908320 0.17666216691335043 30
1782685917837 0.1685183197259903 31
1782685927377 0.16398351825773716 32
1782685936937 0.15903295017778873 33
1782685946486 0.15402933893104395 34
1782685956254 0.1520355110988021 35
1782685965773 0.14851159478227297 36
1782685975364 0.14422939283152422 37
1782685984833 0.13852843921631575 38
1782685994377 0.1353884513179461 39
1782686003849 0.1334515456110239 40
