1782663493736 2.708493397153657 1
1782663508767 2.5225141048431396 2
1782663524285 2.357319946946769 3
1782663540266 2.1823241875089447 4
1782663555968 2.001806978521676 5
1782663572393 1.817575134080032 6
1782663587917 1.6389273199541816 7
1782663604550 1.4727515187756768 8
1782663620562 1.3240745930836118 9
1782663635604 1.2055719762012875 10
1782663651115 1.109266712747771 11
1782663667293 1.0307938559301968 12
1782663683612 0.9668416565862196 13
1782663698588 0.9143051505088806 14
1782663714457 0.8727687432848173 15
1782663729918 0.8421047165476042 16
1782663747211 0.8122855486540959 17
1782663763359 0.7943221453962654 18
1782663778814 0.7727938438283986 19
1782663794955 0.7588061731437157 20
1782663820363 0.7419609591878694 21
1782663835945 0.7328347234890379 22
1782663852004 0.7231935982046456 23
1782663867940 0.7159944690507034 24
1782663883144 0.7036835612921879 25
1782663899388 0.6976392659647711 26
1782663915271 0.6914807311419783 27
1782663931511 0.6864852227013687 28
1782663947576 0.6807128047120983 29
1782663963263 0.6764008053417864 30
1782663978456 0.6700931623064238 31
1782663994306 0.6660588424781273 32
1782664009557 0.6645785590697979 33
1782664025263 0.6576368336019844 34
1782664041308 0.653056473567568 35
1782664056607 0.6497628586045627 36
1782664071503 0.6474529566435978 37
