1783009640646 2.40146936972936 1
1783009648061 2.25247260928154 2
1783009655398 2.1009824176629386 3
1783009662904 1.9462906420230865 4
1783009671087 1.799728348851204 5
1783009679080 1.6516918738683064 6
1783009686856 1.505864789088567 7
1783009695006 1.3647522032260895 8
1783009702295 1.2362495958805084 9
1783009709685 1.1172242661317189 10
1783009716799 1.0102645605802536 11
1783009724492 0.9155529911319414 12
1783009732355 0.8304237748185793 13
1783009740458 0.755777895450592 14
1783009747864 0.6846130937337875 15
1783009756057 0.6191121364633242 16
1783009763455 0.5566977883378664 17
1783009770838 0.5011341037849585 18
1783009778393 0.45023104175925255 19
1783009785635 0.40403298288583755 20
1783009793265 0.3543006554245949 21
1783009800991 0.3162209913134575 22
1783009811978 0.29337553555766743 23
1783009820348 0.2664009841779868 24
1783009828036 0.24318434732655683 25
1783009835541 0.22465388414760432 26
1783009843504 0.21031579996148744 27
1783009850759 0.20303908300896487 28
1783009857997 0.19015362982948622 29
1783009866035 0.18401458052297434 30
1783009873673 0.17355658548573652 31
1783009881283 0.1640381682664156 32
1783009888636 0.15912840391198793 33
1783009896390 0.15226831752806902 34
1783009903643 0.14872173002610603 35
1783009911335 0.14468832996984324 36
1783009918633 0.14359132014214993 37
1783009926304 0.13912266617019972 38
1783009933807 0.13638846265772978 39
1783009941118 0.13297783148785433 40
1783009948616 0.13154079702993235 41
1783009956282 0.1312263896688819 42
1783009963994 0.130950715392828 43
1783009971766 0.1278137331828475 44
1783009979438 0.12704017478972673 45
1783009987056 0.12516564099738994 46
1783009994293 0.12467028014361858 47
1783010001734 0.12096255831420422 48
1783010009167 0.11932737845927477 49
1783010016629 0.11804099163661401 50
1783010024067 0.11535553851475318 51
1783010031504 0.11753991867105167 52
1783010039021 0.1158888175462683 53
1783010046368 0.1120352561896046 54
1783010053760 0.11100622918456793 55
1783010061780 0.11178971609721582 56
1783010069239 0.1111617408071955 57
1783010076620 0.11007123005886872 58
1783010084002 0.10720929689705372 59
1783010091556 0.10573119856417179 60
1783010099231 0.1072215624153614 61
1783010106474 0.11009123890350263 62
1783010114251 0.10996776632964611 63
1783010121575 0.10885850650568803 64
1783010128962 0.10930396399150293 65
1783010136097 0.10763303345690171 66
1783010143187 0.10621847584843636 67
1783010151303 0.10205359694858392 68
1783010158965 0.10494119456658761 69
1783010166181 0.1031364556401968 70
1783010173242 0.10087091072152059 71
1783010180564 0.10005687146137159 72
1783010188347 0.10120053527255853 73
1783010195601 0.10016538978864749 74
