1781906558963 1.340240159034729 1
1781906613799 1.0616781501770018 2
1781906666964 0.8318043246269226 3
1781906719881 0.4318585052490234 4
1781906772473 0.24374159187078476 5
1781906825238 0.19794334772229194 6
1781906876851 0.18337649834156036 7
1781906928527 0.17474408680200576 8
1781906979487 0.1668446269631386 9
1781907028491 0.1615890362560749 10
1781907080928 0.15845599487423898 11
1781907131405 0.15713166570663453 12
1781907195015 0.1508664879500866 13
1781907250795 0.15037744605541228 14
1781907301726 0.1465751668214798 15
1781907352501 0.14725924295186996 16
1781907402997 0.1444795760512352 17
1781907453515 0.14405062690377235 18
1781907504032 0.1450341907441616 19
1781907554703 0.14348207300901414 20
1781907604801 0.14025071439146997 21
1781907655162 0.13986899906396866 22
1781907703889 0.14061239776015283 23
1781907755099 0.1387957725226879 24
1781907805400 0.13641319178044797 25
1781907856413 0.13590827330946922 26
1781907906709 0.1360321367830038 27
1781907958627 0.13344433987140655 28
1781908009087 0.13402146166563034 29
1781908062086 0.1335637284219265 30
1781908114656 0.13333750070631503 31
1781908175578 0.13485331955552102 32
