1782507407385 1.7153334140777587 1
1782507430998 1.653358793258667 2
1782507455091 1.5348509550094604 3
1782507479046 1.4749451160430909 4
1782507502779 1.4577645301818847 5
1782507526872 1.427252221107483 6
1782507551484 1.3854226350784302 7
1782507575293 1.3542752265930176 8
1782507599727 1.339741826057434 9
1782507623940 1.3162880897521974 10
1782507647750 1.2752914667129516 11
1782507671956 1.2421100378036498 12
1782507696458 1.2321510791778565 13
1782507720550 1.2057695627212524 14
1782507744939 1.1608579397201537 15
1782507769699 1.119370412826538 16
1782507793742 1.1066904544830323 17
1782507818259 1.0854777812957763 18
1782507842782 1.0484540224075318 19
1782507866718 1.0237865686416625 20
1782507891281 1.0142351388931274 21
1782507915763 1.0028545379638671 22
1782507939365 0.9686599135398865 23
1782507963808 0.9506811738014221 24
1782507987656 0.9404844999313354 25
1782508012130 0.9338043689727783 26
1782508036437 0.9066240549087524 27
1782508061214 0.8900346159934998 28
1782508085776 0.8777052640914917 29
1782508111330 0.8704774141311645 30
1782508136556 0.8544185757637024 31
1782508161035 0.8295169353485108 32
1782508186508 0.8274999976158142 33
1782508211180 0.8155495166778565 34
1782508235787 0.7990023374557496 35
1782508260352 0.7783312678337098 36
1782508284884 0.7738477230072022 37
1782508309529 0.774909257888794 38
1782508334024 0.7513731360435486 39
1782508357650 0.7332285523414612 40
1782508382157 0.7332996010780335 41
1782508406703 0.7234647035598755 42
1782508431305 0.7150006055831909 43
1782508455685 0.693327808380127 44
1782508479814 0.6901456713676453 45
1782508505426 0.6837437748908997 46
1782508529885 0.6730917572975159 47
1782508554351 0.6506277084350586 48
1782508578720 0.6527401447296143 49
1782508603799 0.6385828137397767 50
1782508628219 0.6268610119819641 51
1782508653048 0.6112829804420471 52
1782508677809 0.6053867101669311 53
1782508701990 0.6036482572555542 54
1782508726367 0.5852531552314758 55
1782508751326 0.5743825674057007 56
1782508775462 0.5711671829223632 57
1782508799861 0.5640211462974548 58
1782508824506 0.5611310005187988 59
1782508849181 0.5410579442977905 60
1782508873631 0.5380032300949097 61
1782508898020 0.533376669883728 62
1782508922501 0.518835973739624 63
1782508946893 0.5107176184654236 64
1782508971345 0.5032155752182007 65
1782508995488 0.49796477556228635 66
1782509084145 0.4883154571056366 67
1782509110775 0.4806754648685455 68
