1782084574650 1.7691060590744019 1
1782084578367 1.7168490028381347 2
1782084582184 1.1952983546257019 3
1782084585865 0.8938563680648803 4
1782084589556 0.8723027920722961 5
1782084593241 0.8259631299972534 6
1782084596917 0.7857784008979798 7
1782084600739 0.7754598712921142 8
1782084609504 0.7727711749076843 9
1782084613415 0.7634029936790466 10
1782084617218 0.749173104763031 11
1782084620988 0.7346611332893371 12
1782084624618 0.7277592158317566 13
1782084628291 0.6979974842071534 14
1782084631967 0.6684220957756043 15
1782084635751 0.6573183822631836 16
1782084639511 0.654746720790863 17
1782084643444 0.6486421847343444 18
1782084647201 0.6394773435592651 19
1782084651051 0.6328974866867065 20
1782084654807 0.6291721129417419 21
1782084658645 0.6278525924682617 22
1782084662587 0.617999997138977 23
1782084666354 0.612075171470642 24
1782084670141 0.6083487701416016 25
1782084673953 0.600228214263916 26
1782084677852 0.5953912210464477 27
1782084681695 0.5837390208244324 28
1782084685753 0.5793207597732544 29
1782084689532 0.5780920648574829 30
1782084693272 0.5708496236801147 31
1782084697099 0.5633506846427917 32
1782084700793 0.5592619061470032 33
1782084704615 0.5590341067314148 34
1782084708338 0.5558252000808716 35
1782084712233 0.5413464486598969 36
1782084715933 0.5400592851638794 37
1782084719710 0.5372958660125733 38
1782084723383 0.5313881087303162 39
1782084727111 0.5237485551834107 40
1782084730856 0.5195379292964936 41
1782084734596 0.5187733352184296 42
1782084738342 0.5153964626789093 43
1782084742140 0.504087108373642 44
1782084745922 0.49925801634788514 45
1782084749899 0.50292897939682 46
1782084753651 0.49807354211807253 47
1782084757528 0.488036949634552 48
1782084761448 0.4846062302589417 49
1782084765413 0.4877829098701477 50
1782084769414 0.4844004559516907 51
1782084773407 0.4769716167449951 52
1782084779069 0.4745759642124176 53
1782084783172 0.4738518273830414 54
1782084787104 0.47272847294807435 55
1782084791078 0.468101087808609 56
1782084795115 0.4640225899219513 57
1782084799124 0.4662461841106415 58
1782084803132 0.46599276781082155 59
1782084807004 0.4583522284030914 60
1782084810877 0.45646893739700317 61
1782084814899 0.45854726672172547 62
1782084818967 0.4522541046142578 63
1782084822846 0.4483653700351715 64
1782084826773 0.4481163954734802 65
1782084830791 0.44923771023750303 66
1782084834904 0.4481507408618927 67
1782084838868 0.44332085728645326 68
1782084842870 0.44080854296684263 69
1782084846759 0.44277445554733275 70
1782084850776 0.44125644087791444 71
1782084854808 0.43566910982131957 72
1782084858757 0.43373899221420287 73
1782084862866 0.4336391377449036 74
1782084866851 0.4315864598751068 75
1782084870747 0.42872218251228333 76
1782084874560 0.4257826352119446 77
1782084878512 0.4282469642162323 78
1782084882415 0.4342435359954834 79
1782084886367 0.42344870686531066 80
1782084890236 0.41968071937561036 81
1782084894105 0.4210823953151703 82
1782084897948 0.4216842770576477 83
1782084902053 0.4174658930301666 84
1782084906047 0.4147715401649475 85
1782084909980 0.4198992264270782 86
1782084913858 0.4151684820652008 87
1782084917919 0.4097853493690491 88
1782084921801 0.408469660282135 89
1782084925673 0.4175597357749939 90
1782084929560 0.40951086044311524 91
1782084933512 0.404242684841156 92
1782084937415 0.4029415428638458 93
1782084941245 0.4121144187450409 94
1782084944978 0.4094327259063721 95
