1783495846726 1.6540953874588014 1
1783495847901 1.4837177753448487 2
1783495849054 1.4220368146896363 3
1783495850214 1.369088387489319 4
1783495851355 1.3397615909576417 5
1783495852483 1.3010868549346923 6
1783495853658 1.2707119464874268 7
1783495854807 1.2481560230255127 8
1783495855984 1.2088642120361328 9
1783495857175 1.1815608501434327 10
1783495858422 1.1513192176818847 11
1783495859579 1.1283729553222657 12
1783495860683 1.103774642944336 13
1783495861881 1.083720874786377 14
1783495863031 1.0596108436584473 15
1783495864181 1.0273263216018678 16
1783495865350 1.0036258816719055 17
1783495866514 0.9736723184585572 18
1783495867700 0.9531221270561219 19
1783495868870 0.941979730129242 20
1783495870009 0.9106024622917175 21
1783495871167 0.87449711561203 22
1783495872341 0.8496451377868652 23
1783495873521 0.8319248676300048 24
1783495874699 0.8058993935585022 25
1783495875861 0.7715622663497925 26
1783495877015 0.7640485167503357 27
1783495878142 0.7501185059547424 28
1783495879316 0.723523736000061 29
1783495880541 0.7062017440795898 30
1783495881732 0.682517945766449 31
1783495882923 0.666995644569397 32
1783495884068 0.652192497253418 33
1783495885204 0.6219522595405579 34
1783495886366 0.6107657074928283 35
1783495887535 0.5920382380485535 36
1783495888766 0.5789731264114379 37
1783495889924 0.5483039855957031 38
1783495891116 0.5475220680236816 39
1783495892290 0.5323720693588256 40
1783495893470 0.5034681797027588 41
1783495894623 0.5005515396595002 42
1783495895770 0.47666887640953065 43
1783495896969 0.48584811091423036 44
1783495898111 0.45910497903823855 45
1783495899308 0.44647408127784727 46
1783495900503 0.4239925563335419 47
1783495901687 0.415062016248703 48
1783495902830 0.3984644293785095 49
1783495903984 0.38613139986991885 50
1783495905176 0.3740425169467926 51
1783495906357 0.36433647871017455 52
1783495907534 0.37939955592155455 53
1783495908732 0.3485447108745575 54
1783495909894 0.3418090224266052 55
1783495911087 0.33539278507232667 56
1783495912263 0.32659573554992677 57
1783495913398 0.31522480249404905 58
1783495914549 0.30541238784790037 59
