1782340136599 1.6190060329437257 1
1782340140927 1.0904171943664551 2
1782340145345 0.8315103054046631 3
1782340149514 0.7929265069961547 4
1782340153901 0.7685019254684449 5
1782340158489 0.7484376645088195 6
1782340162719 0.7179030752182007 7
1782340172686 0.6601798486709595 8
1782340176902 0.6243351006507873 9
1782340181406 0.5992858862876892 10
1782340185879 0.5740129017829895 11
1782340190474 0.5512039041519166 12
1782340194651 0.5357202672958374 13
1782340198828 0.5172719573974609 14
1782340206521 0.49730665564537047 15
1782340210824 0.48369935154914856 16
1782340216674 0.47313023209571836 17
1782340220846 0.46387307286262514 18
1782340225066 0.45099721431732176 19
1782340229313 0.45034693837165835 20
1782340233454 0.4484908354282379 21
1782340237685 0.434932667016983 22
1782340241794 0.43590404391288756 23
1782340246045 0.4254107677936554 24
1782340250269 0.4189357078075409 25
1782340254409 0.4110143578052521 26
1782340258927 0.409986127614975 27
1782340263223 0.41057751178741453 28
1782340267522 0.40822397589683534 29
1782340271806 0.407248774766922 30
1782340276241 0.4012770855426788 31
1782340280542 0.4014648377895355 32
1782340294600 0.3966714298725128 33
1782340299074 0.3911761474609375 34
1782340303245 0.39057838201522826 35
1782340307372 0.3964125680923462 36
1782340311963 0.390094051361084 37
1782340316223 0.3874102330207825 38
1782340320587 0.38142570972442624 39
1782340324758 0.3808588135242462 40
1782340328874 0.3853057777881622 41
1782340332915 0.377473338842392 42
1782340336965 0.3756739580631256 43
1782340341113 0.37740943431854246 44
1782340345272 0.3757896614074707 45
1782340349998 0.37142622351646426 46
1782340354265 0.37493534445762633 47
1782340358561 0.3840271210670471 48
1782340362934 0.3683325791358948 49
1782340367154 0.37139726042747495 50
1782340371480 0.3653273177146912 51
1782340375779 0.3625680494308472 52
1782340380020 0.3636342322826385 53
1782340384268 0.36386789202690123 54
1782340388630 0.36785800218582154 55
1782340392823 0.35690389275550843 56
1782340397038 0.3556704068183899 57
1782340401161 0.3550201654434204 58
1782340405699 0.35606120705604555 59
1782340410027 0.35153568983078004 60
1782340414479 0.34916271805763244 61
1782340418899 0.3493323576450348 62
1782340423365 0.3515636360645294 63
1782340427906 0.3523789930343628 64
1782340432061 0.35088180541992187 65
1782340436264 0.3504352390766144 66
1782340441063 0.3450440585613251 67
1782340445425 0.3455049788951874 68
1782340449839 0.34341822266578675 69
1782340454349 0.345030335187912 70
1782340458398 0.34284671902656555 71
1782340462450 0.34193629026412964 72
1782340466392 0.3402314269542694 73
1782340470660 0.34063171029090883 74
1782340474822 0.3415676975250244 75
1782340479092 0.33831382393836973 76
