1779917793362 1.528114776611328 1
1779917797325 1.0315925669670105 2
1779917801138 0.8687538599967957 3
1779917804974 0.8218198943138123 4
1779917808801 0.7957659816741943 5
1779917812643 0.7734761023521424 6
1779917816459 0.7559786510467529 7
1779917820190 0.7375421786308288 8
1779917823978 0.7194518303871155 9
1779917827729 0.7074248433113098 10
1779917831507 0.6938351106643676 11
1779917835257 0.6885674405097961 12
1779917839037 0.6672281622886658 13
1779917842801 0.6669393730163574 14
1779917846589 0.6497512769699096 15
1779917850317 0.633448748588562 16
1779917854121 0.6284143042564392 17
1779917857897 0.619925639629364 18
1779917861662 0.6075402069091796 19
1779917865456 0.5974767994880676 20
1779917869187 0.5946145629882813 21
1779917873010 0.5946898055076599 22
1779917876788 0.5781619763374328 23
1779917880526 0.5698871064186096 24
1779917884297 0.5587469506263733 25
1779917888085 0.5501961708068848 26
1779917891791 0.5423588407039642 27
1779917895637 0.5372720384597778 28
1779917899412 0.5401143956184388 29
1779917903222 0.5224425566196441 30
