1781348986579 1.5344597816467285 1
1781348991365 1.424891381263733 2
1781348996015 1.343626298904419 3
1781349000703 1.2618688344955444 4
1781349005385 1.1825413370132447 5
1781349010073 1.1038636112213134 6
1781349014780 1.0403098893165588 7
1781349019469 0.9837854313850403 8
1781349024126 0.9272368788719177 9
1781349028775 0.874021942615509 10
1781349034094 0.8238733696937561 11
1781349043658 0.774782862663269 12
1781349047958 0.7265529608726502 13
1781349052229 0.6867462158203125 14
1781349056559 0.6427817249298096 15
1781349060888 0.6027086663246155 16
1781349065193 0.5670812368392945 17
1781349069513 0.5338875210285187 18
1781349073768 0.5046646451950073 19
1781349078067 0.4790187680721283 20
1781349082713 0.4519240629673004 21
1781349087385 0.4247135353088379 22
1781349092063 0.4083347737789154 23
1781349096768 0.3944707703590393 24
1781349101394 0.37522647380828855 25
1781349106075 0.36398169994354246 26
1781349110783 0.3515427803993225 27
1781349115446 0.34099087595939637 28
1781349120068 0.3360103166103363 29
1781349124757 0.3314302408695221 30
1781349129427 0.3203239494562149 31
1781349134112 0.3135881572961807 32
1781349138778 0.3100297611951828 33
1781349143450 0.30325358748435977 34
1781349148186 0.2972847521305084 35
1781349152882 0.2942302495241165 36
1781349157577 0.29220337092876436 37
1781349162242 0.2894198137521744 38
1781349166920 0.28670437276363375 39
1781349171618 0.28102352797985075 40
1781349181501 0.27832542479038236 41
1781349186206 0.2803507286310196 42
1781349190893 0.274438344836235 43
1781349195574 0.2765279006958008 44
1781349200227 0.2760112625360489 45
1781349204871 0.2716091412305832 46
1781349209495 0.2715403997898102 47
1781349214117 0.26463984429836274 48
1781349218813 0.26316939294338226 49
1781349223505 0.2599096089601517 50
