1781922423241 1.2083293490409852 1
1781922472342 1.0379275755882262 2
1781922524455 1.0341714415550232 3
1781922576800 0.9707753801345825 4
1781922632873 0.9253438665866852 5
1781922695801 0.8450620262622833 6
1781922748934 0.7512275359630585 7
1781922799174 0.6952492804527283 8
1781922850281 0.6751739826202393 9
1781922901741 0.6576392307281494 10
1781922951250 0.6473831782341003 11
1781923000522 0.6426239290237427 12
1781923050893 0.6361360862255097 13
1781923100553 0.6282370693683624 14
1781923151312 0.6228865971565246 15
1781923204050 0.6193351714611054 16
1781923258743 0.6124055545330047 17
1781923311640 0.6063199164867401 18
1781923362859 0.6026882742643356 19
1781923416577 0.5976174535751343 20
1781923467732 0.5918116506338119 21
1781923518674 0.5891427552700043 22
1781923570470 0.5841048039197921 23
1781923621969 0.5800257855653763 24
1781923674627 0.573883742928505 25
1781923726852 0.5706871795654297 26
1781923777911 0.5658644305467606 27
1781923829722 0.560807356595993 28
1781923883280 0.5567675126791001 29
1781923936684 0.5532915140390396 30
1781923989748 0.5487052721977234 31
1781924040012 0.545064896941185 32
1781924093630 0.5416600705385208 33
1781924146813 0.5382116123437881 34
1781924197820 0.5349968044757843 35
1781924251985 0.5326146501302719 36
1781924302418 0.529062355875969 37
1781924353424 0.5272690094709397 38
1781924408590 0.5226338140964508 39
1781924458679 0.5205342432260514 40
1781924510047 0.5174473735094071 41
1781924564253 0.5145575826168061 42
1781924615359 0.5110096057653427 43
1781924666520 0.5091887164115906 44
1781924716093 0.5073346711397171 45
1781924767622 0.5045087139606476 46
1781924817432 0.5021371531486511 47
1781924869731 0.49909147679805754 48
1781924923670 0.49781970942020415 49
1781924977028 0.4956773329973221 50
1781925029489 0.49269014406204226 51
1781925080582 0.49092952060699463 52
1781925135172 0.4891393760442734 53
1781925185014 0.48675751078128815 54
1781925238773 0.4854943933486938 55
1781925292988 0.4856337697505951 56
1781925346847 0.4813419471979141 57
1781925401284 0.48053367507457734 58
1781925452311 0.479205600976944 59
1781925500697 0.4760510504245758 60
1781925549319 0.4754214062690735 61
1781925601146 0.47379302644729615 62
1781925652155 0.47260365283489225 63
1781925704953 0.4701964846849441 64
1781925758710 0.46934227681159973 65
1781925813758 0.4666396330595016 66
1781925867325 0.4649885815382004 67
1781925918758 0.4657274960279465 68
1781925968518 0.4637336902618408 69
1781926020442 0.4625488239526749 70
1781926071729 0.46149909007549283 71
1781926125179 0.4575419293642044 72
1781926176778 0.4565306335687637 73
1781926231997 0.4561733969449997 74
1781926294035 0.45339463698863985 75
1781926347964 0.4556409010887146 76
1781926402912 0.45156079268455507 77
1781926456986 0.45015734720230105 78
1781926509574 0.450390928030014 79
1781926562200 0.4502476170063019 80
1781926615476 0.449582248210907 81
1781926668584 0.44663500928878785 82
1781926721326 0.4473125693798065 83
1781926774765 0.44506303882598874 84
1781926828663 0.4444534447193146 85
1781926880887 0.4434869397878647 86
1781926934102 0.4414986147880554 87
1781926987296 0.44192225551605224 88
1781927038121 0.44082666039466856 89
1781927091164 0.44187375843524934 90
1781927145006 0.4401058917045593 91
1781927200208 0.4390478891134262 92
1781927254109 0.43951910412311557 93
1781927307742 0.439787771821022 94
1781927358839 0.4367194244861603 95
1781927410489 0.43632793152332305 96
1781927462652 0.4376773980855942 97
1781927515515 0.43513581240177157 98
1781927571189 0.43549837708473205 99
1781927623824 0.43479349672794343 100
