1783012875906 1.6566455125808717 1
1783012877091 1.4375838041305542 2
1783012878383 1.3439728498458863 3
1783012879676 1.2878484725952148 4
1783012880853 1.2452385663986205 5
1783012882018 1.199847674369812 6
1783012883222 1.155105185508728 7
1783012884440 1.115989327430725 8
1783012885680 1.084259533882141 9
1783012886843 1.0550174951553344 10
1783012888080 1.0156360626220704 11
1783012889242 0.9829100728034973 12
1783012890425 0.9586494326591491 13
1783012891590 0.9339825510978699 14
1783012892846 0.9097061634063721 15
1783012894032 0.8839559555053711 16
1783012895237 0.8491891264915467 17
1783012896431 0.8269750237464905 18
1783012897729 0.7980528831481933 19
1783012898890 0.7849096179008483 20
1783012900099 0.7526193499565125 21
1783012901267 0.7265752673149108 22
1783012902458 0.705105996131897 23
1783012903652 0.6852999448776245 24
1783012904827 0.6627857089042664 25
1783012906001 0.6476687431335449 26
1783012907169 0.6238593220710754 27
1783012908369 0.6067088723182679 28
1783012909617 0.5829527616500855 29
1783012910808 0.5592741370201111 30
1783012911984 0.5435474276542663 31
1783012913173 0.5195453882217407 32
1783012914344 0.49983819723129275 33
1783012915494 0.4847084701061249 34
1783012916670 0.47083399891853334 35
1783012917845 0.46345641016960143 36
1783012919032 0.45103790163993834 37
1783012920246 0.4389427602291107 38
1783012921423 0.4225159645080566 39
1783012922651 0.4040693283081055 40
1783012923863 0.40150477886199953 41
1783012925050 0.3837932527065277 42
1783012926266 0.3745149791240692 43
1783012927494 0.36290677189826964 44
1783012928669 0.3496332049369812 45
1783012929901 0.3443755626678467 46
1783012931096 0.32967414855957033 47
1783012932344 0.31650456190109255 48
1783012933558 0.3058072328567505 49
1783012934790 0.2953344762325287 50
1783012936063 0.2869325041770935 51
1783012937276 0.28851172924041746 52
1783012938436 0.2817351520061493 53
1783012939655 0.2721032440662384 54
1783012940881 0.2618393778800964 55
1783012942113 0.25193852186203003 56
1783012943297 0.24401105046272278 57
1783012944494 0.2389206439256668 58
1783012945684 0.23639896810054778 59
1783012946866 0.23962331116199492 60
1783012948086 0.2469292551279068 61
1783012949252 0.2319137454032898 62
1783012950483 0.22685056924819946 63
1783012951665 0.21834083199501036 64
1783012952866 0.21035310626029968 65
1783012954084 0.20526340901851653 66
1783012955262 0.20733216106891633 67
1783012956457 0.20026196539402008 68
1783012957652 0.22078169584274293 69
1783012958834 0.201168754696846 70
1783012960042 0.19204606711864472 71
1783012961253 0.190505713224411 72
1783012962460 0.18196129202842712 73
1783012963623 0.17676385939121247 74
1783012964803 0.17739958167076111 75
1783012966027 0.1847915917634964 76
1783012967245 0.17445783019065858 77
1783012968435 0.17282806634902953 78
1783012969653 0.16223512589931488 79
1783012970819 0.15694516599178315 80
1783012971989 0.1543457180261612 81
1783012973167 0.15369874536991118 82
1783012974383 0.1573973149061203 83
1783012975599 0.14872525930404662 84
1783012976780 0.15077110528945922 85
1783012977961 0.14475635886192323 86
1783012979162 0.14236314594745636 87
1783012980361 0.1390028029680252 88
1783012981551 0.13305644690990448 89
1783012982780 0.13343828320503234 90
1783012984010 0.1345248579978943 91
1783012985254 0.1326635077595711 92
1783012986459 0.13377420902252196 93
1783012987636 0.12680269181728362 94
