1781739868190 1.283642909049988 1
1781739972054 1.0039410119056702 2
1781740034589 0.6507303025722504 3
1781740089132 0.27588997745513916 4
1781740137619 0.20922972497344017 5
1781740184956 0.18880285516381265 6
1781740236003 0.1797823465168476 7
1781740302531 0.17752370312809945 8
1781740351010 0.17297333788871766 9
1781740399358 0.1672289913892746 10
1781740446353 0.16516545310616493 11
1781740494643 0.16472358518838884 12
1781740560073 0.16369689121842385 13
1781740610515 0.15876142194867135 14
1781740659230 0.15771619784832 15
1781740706507 0.16087302079796792 16
1781740754590 0.15730563029646874 17
1781740803749 0.15376358798146247 18
1781740850929 0.1555138903558254 19
1781740899948 0.15288653180003167 20
1781740953225 0.1514324913918972 21
1781741013591 0.15088072615861892 22
1781741077832 0.15050996649265289 23
1781741128415 0.1476040232181549 24
1781741175958 0.1500541388988495 25
1781741223731 0.15094702479243277 26
1781741272534 0.14627219700813293 27
1781741321618 0.1464946604371071 28
1781741370797 0.14723214748501778 29
1781741419765 0.1453214891254902 30
1781741482712 0.14540278366208076 31
1781741535453 0.14524832487106323 32
1781741583041 0.14178899323940278 33
1781741631676 0.1449170164465904 34
1781741680272 0.14194131395220758 35
1781741729763 0.14079289731383324 36
1781741779392 0.1466448001563549 37
1781741828068 0.13959908992052078 38
1781741875213 0.14200380578637123 39
1781741925854 0.14164895340800285 40
1781741974407 0.14067497210204602 41
1781742021497 0.13938037911057471 42
1781742070153 0.139974262163043 43
