1782667962062 1.37042851631458 1
1782667964512 1.2131772591517522 2
1782667966848 1.0597674204752996 3
1782667969206 1.0173144890711858 4
1782667971615 0.9683387967256399 5
1782667973960 0.9271549949279199 6
1782667976282 0.8937376737594604 7
1782667978714 0.8625804873613211 8
1782667981143 0.8335760923532339 9
1782667983598 0.8118185859460098 10
1782667986008 0.796191522708306 11
1782667988411 0.7632484619434063 12
1782667990803 0.7407119640937219 13
1782667993188 0.7241610059371362 14
1782667995625 0.7002278979008014 15
1782667998047 0.6768342302395747 16
1782668000415 0.6598993814908541 17
1782668002845 0.646542489528656 18
1782668005248 0.6286523617230929 19
1782668007676 0.6180689701667199 20
1782668010095 0.5934634208679199 21
1782668012452 0.5771156297280238 22
1782668014878 0.5704894753602835 23
1782668017291 0.550775564633883 24
1782668020052 0.5348545152407426 25
1782668022489 0.5215733486872453 26
1782668024916 0.5215920232809507 27
1782668027388 0.5072499880423913 28
1782668030258 0.489007280423091 29
1782668033252 0.48085408485852754 30
1782668035666 0.4747294164620913 31
1782668038018 0.4631874400835771 32
1782668040377 0.4475045639735002 33
1782668042731 0.4459982170508458 34
