1781912315430 1.3573950581550598 1
1781912367235 1.0226569712162017 2
1781912417678 0.6510818021297455 3
1781912468629 0.2797305708527565 4
1781912521254 0.21703701758384705 5
1781912573097 0.19969419685006143 6
1781912625381 0.19084632003307342 7
1781912674476 0.184040003657341 8
1781912725290 0.18023812970519065 9
1781912775116 0.17578542998433114 10
1781912828255 0.17365821868181228 11
1781912881012 0.1710909607410431 12
1781912938846 0.16854714375734328 13
1781912989674 0.16568023520708083 14
1781913041168 0.16411163797974587 15
1781913091866 0.1634285486340523 16
1781913142616 0.16301805964112281 17
1781913194276 0.1625892158448696 18
1781913245078 0.1601051636636257 19
1781913295470 0.16007498013973237 20
1781913346891 0.15924101796746254 21
1781913398694 0.15717141938209533 22
1781913450947 0.15540309235453606 23
1781913502260 0.15468893256783486 24
1781913555412 0.15378061285614966 25
1781913605982 0.1569890796840191 26
1781913657099 0.15455388170480727 27
