1782454268315 1.6422659301757812 1
1782454272841 1.5658937835693358 2
1782454277708 1.491302366256714 3
1782454281967 1.4351003074645996 4
1782454286564 1.3753542518615722 5
1782454290886 1.3154740381240844 6
1782454295243 1.2567592239379883 7
1782454299679 1.1983476066589356 8
1782454303933 1.1426247787475585 9
1782454308537 1.0850129890441895 10
1782454312972 1.030587055683136 11
1782454317515 0.9793692564964295 12
1782454322064 0.9283360671997071 13
1782454327438 0.8814088582992554 14
1782454331851 0.8371125197410584 15
1782454336214 0.7955627679824829 16
1782454340666 0.7582426810264588 17
1782454344909 0.7232949542999267 18
1782454349320 0.6883850216865539 19
1782454353598 0.6618982291221619 20
1782454358068 0.6342673587799073 21
1782454362250 0.6123788642883301 22
1782454367173 0.5878343558311463 23
1782454371576 0.5732824134826661 24
1782454376217 0.5571731090545654 25
1782454380597 0.5451728558540344 26
1782454384892 0.5308987700939178 27
1782454389866 0.5163771605491638 28
1782454394027 0.512108119726181 29
1782454398591 0.505016804933548 30
1782454403170 0.49512653350830077 31
1782454407724 0.48505717754364014 32
1782454417190 0.48457534790039064 33
1782454421581 0.4752044773101807 34
1782454426146 0.4709944951534271 35
1782454430893 0.4688166916370392 36
1782454435513 0.46156821012496946 37
1782454440132 0.46109254598617555 38
1782454444744 0.4613769865036011 39
1782454449577 0.4589841842651367 40
1782454454131 0.4527366697788239 41
1782454458724 0.45115846633911133 42
1782454463409 0.4478565800189972 43
1782454467742 0.44391208052635195 44
1782454472244 0.44391843914985657 45
