1782662693710 1.2938309719688015 1
1782662698529 1.1348554711592824 2
1782662703797 1.0331227669590397 3
1782662708677 0.9356901582918669 4
1782662713482 0.8378893074236418 5
1782662718314 0.7418470555230191 6
1782662723193 0.6523267924785614 7
1782662728003 0.5636638975457141 8
1782662732762 0.48498318618849706 9
1782662737470 0.4120055648841356 10
1782662742447 0.3473431742505023 11
1782662747208 0.29857048196227925 12
1782662752119 0.2739522049301549 13
1782662756901 0.23150027778587842 14
1782662761737 0.20479794670092433 15
1782662766532 0.1827019978510706 16
1782662771399 0.16948953506193662 17
1782662776237 0.1609162484344683 18
1782662781213 0.14862476818655668 19
1782662786058 0.14102825855738238 20
1782662790797 0.13535630036341517 21
1782662795817 0.13340882525632256 22
1782662800622 0.1295973142903102 23
1782662805387 0.12399804925448016 24
1782662810199 0.12610949477867076 25
1782662815067 0.138465045510154 26
1782662819955 0.12102782785108215 27
1782662824705 0.11973216541503605 28
1782662829491 0.11753295283568532 29
1782662834300 0.11182559987432078 30
1782662839089 0.10980265607175074 31
1782662843920 0.10870840204389472 32
1782662848687 0.10705520702820075 33
1782662853450 0.10536403601106845 34
1782662858178 0.10679364557328977 35
1782662862989 0.10837923617739427 36
1782662867789 0.10324095071930635 37
1782662872660 0.10183992178032272 38
1782662877501 0.10288289326586221 39
1782662882218 0.10197201312372559 40
1782662887040 0.10249096704156775 41
1782662891956 0.10412775391810819 42
1782662896789 0.09926040450993337 43
1782662901471 0.0988514099858309 44
1782662906192 0.10683636720243253 45
1782662910875 0.10266884220273871 46
1782662915490 0.09739458639370768 47
1782662920321 0.09690296042122339 48
