1781914312524 1.3870417307584713 1
1781914333239 1.069418619840573 2
1781914354782 1.0427719843693268 3
1781914375290 1.018124534533574 4
1781914396097 1.008590178611951 5
1781914417052 1.0026371203936064 6
1781914437709 1.0033533282769032 7
1781914458556 0.9892196609423711 8
1781914479115 0.9844698294615134 9
1781914499764 0.9739182988802592 10
1781914521071 0.9702083040506412 11
1781914541547 0.9685274973893777 12
1781914562189 0.9588131767052871 13
1781914582642 0.9531169212781466 14
1781914603064 0.9523134246850625 15
1781914623701 0.9520734563851968 16
1781914644904 0.946494229328938 17
1781914665610 0.9415191946885525 18
1781914686518 0.9371910049365118 19
1781914707572 0.9312847944406363 20
1781914727881 0.9290232398571112 21
1781914748419 0.9166428049405416 22
1781914768798 0.9147434738966135 23
1781914789570 0.8941753949874487 24
1781914809966 0.9188727675340115 25
1781914830813 0.8937977659396636 26
1781914851605 0.8850953655365186 27
1781914872054 0.8552367350994012 28
1781914892997 0.871698782994197 29
1781914913610 0.8573913161571209 30
1781914934166 0.8492766481179458 31
1781914955047 0.8260832612331097 32
1781914975327 0.8198816699859424 33
1781914995495 0.8146272500356039 34
1781915015957 0.7773264417281518 35
1781915036604 0.7710159741915189 36
1781915057299 0.7520078267806616 37
1781915077918 0.7309688421396109 38
1781915098889 0.7109765991186484 39
1781915119579 0.7056385416250962 40
1781915140620 0.7018354611519055 41
1781915161325 0.6890480396075126 42
1781915182071 0.6660021436520112 43
1781915203008 0.6684396557318859 44
1781915223903 0.6549857136530753 45
1781915244392 0.6355675535324292 46
1781915265115 0.6272535660328009 47
1781915286843 0.6648987531661987 48
1781915309453 0.618687874231583 49
1781915330238 0.6062393050927383 50
1781915351004 0.6110190733885154 51
1781915371849 0.588050324183244 52
1781915392863 0.5759991537301968 53
1781915416239 0.5764770721777891 54
1781915438153 0.5937870633907807 55
1781915459049 0.5705341704380817 56
1781915479868 0.5804046209041889 57
1781915500407 0.5831879858787243 58
1781915521158 0.5562227773360717 59
1781915543904 0.5492778504506136 60
1781915564499 0.5560341614943284 61
1781915585535 0.5439306306533325 62
1781915606681 0.5261803582692758 63
1781915627810 0.5326438355140197 64
1781915658745 0.53943770359724 65
1781915679548 0.5352876942891341 66
1781915700238 0.5169032964950953 67
1781915721838 0.5313247297054682 68
1781915742825 0.5166605344185462 69
1781915763287 0.5033684487526233 70
1781915784170 0.5072256005727328 71
1781915804696 0.5002626860753084 72
1781915826382 0.4911032143311623 73
1781915847137 0.5126656270944155 74
