1782376754400 1.6498253440856934 1
1782376759173 1.5572095012664795 2
1782376764041 1.483055739402771 3
1782376768700 1.416116681098938 4
1782376773425 1.3428641510009767 5
1782376778384 1.272748465538025 6
1782376783046 1.2031906604766847 7
1782376787819 1.1364672660827637 8
1782376792626 1.071074755191803 9
1782376797363 1.0085859823226928 10
1782376802077 0.9428932094573974 11
1782376806715 0.8822496247291565 12
1782376811707 0.8233738470077515 13
1782376816288 0.7679444551467896 14
1782376820979 0.7130253458023071 15
1782376825955 0.6621556854248047 16
1782376831199 0.6164839243888856 17
1782376836183 0.5693559992313385 18
1782376841238 0.5263443040847778 19
1782376845879 0.48950878381729124 20
1782376850785 0.456260267496109 21
1782376855544 0.43462987780570983 22
1782376860347 0.4033989250659943 23
1782376864779 0.37939069867134095 24
1782376869551 0.3604598796367645 25
1782376874177 0.35035344123840334 26
1782376878683 0.3365238070487976 27
1782376883429 0.32160495579242704 28
1782376888181 0.3100719881057739 29
1782376893047 0.30229180455207827 30
1782376897807 0.2941728502511978 31
1782376902783 0.2860901898145676 32
1782376907527 0.27929181516170504 33
1782376912044 0.2751840502023697 34
1782376916833 0.27490549921989443 35
1782376921546 0.27180287837982176 36
1782376926329 0.26850534200668336 37
1782376931074 0.26755061209201814 38
