1782668704531 1.3826190578310114 1
1782668709606 1.1990469317687185 2
1782668715014 1.0958489995253713 3
1782668720344 1.000681768906744 4
1782668725574 0.9013170631308305 5
1782668730771 0.808040998483959 6
1782668736057 0.7229924750955481 7
1782668741294 0.6340445891806954 8
1782668746560 0.5538196187270316 9
1782668751796 0.48060245890366404 10
1782668757089 0.4160308508496535 11
1782668762249 0.35812694853857946 12
1782668767536 0.31434282503629984 13
1782668772894 0.2779326427139734 14
1782668778104 0.24796945523274572 15
1782668783323 0.22631949696101641 16
1782668788439 0.20664289946618833 17
1782668793708 0.1907361902688679 18
1782668798890 0.18033760197852788 19
1782668804146 0.1711978657465232 20
1782668809325 0.16415171991837652 21
1782668814540 0.15603482252673098 22
1782668819715 0.15651454972593407 23
1782668825037 0.15230025292227142 24
1782668830135 0.1455468500131055 25
1782668835379 0.143347777034107 26
1782668840577 0.14096635991805478 27
1782668845805 0.13652613288477847 28
1782668850970 0.13712560659960696 29
1782668856206 0.13356913371305718 30
1782668861456 0.13111470796559987 31
1782668866573 0.12879379172074168 32
1782668871707 0.13305384116737465 33
1782668876985 0.15070734231879837 34
1782668882387 0.1313784816547444 35
1782668887500 0.128246749310117 36
1782668892767 0.12379363492915504 37
1782668897944 0.12231637811974476 38
1782668903178 0.12187421459116433 39
1782668908355 0.12229989292590242 40
1782668913678 0.12075116877493106 41
1782668918968 0.1201951276314886 42
1782668924231 0.11714785428423631 43
1782668929454 0.11990917238749955 44
1782668934735 0.11690682682551835 45
1782668939980 0.11592960651767881 46
1782668945258 0.11353534950237525 47
1782668950424 0.11515345345986516 48
1782668955714 0.1174729419381995 49
1782668961063 0.11406723841240532 50
1782668966334 0.11487561778018349 51
1782668971588 0.11381651912080615 52
1782668976746 0.11281168539273112 53
