1783457772725 2.187485098838806 1
1783457780516 2.077428658803304 2
1783457788636 1.9824996590614319 3
1783457796730 1.9278606722752254 4
1783457804927 1.9107463508844376 5
1783457813187 1.8590350995461147 6
1783457820981 1.7581596076488495 7
1783457829044 1.6907036155462265 8
1783457837343 1.666972945133845 9
1783457845234 1.6039952536424 10
1783457853508 1.5015262067317963 11
1783457861305 1.434682567914327 12
1783457870005 1.4113200356562932 13
1783457878031 1.3571221480766933 14
1783457885854 1.2626567780971527 15
1783457894742 1.2010647654533386 16
1783457902876 1.1811275780200958 17
1783457911013 1.1365501781304677 18
1783457918972 1.0592142194509506 19
1783457927105 1.005438856780529 20
1783457935123 0.9888477250933647 21
1783457943355 0.9518782868981361 22
1783457951530 0.8899483556548754 23
1783457959393 0.8458350797494253 24
1783457967453 0.8299858396251997 25
1783457975596 0.8006820057829221 26
1783457983789 0.7487447410821915 27
1783457991736 0.7093262200554212 28
1783458000180 0.6953404967983564 29
1783458013860 0.6713824917872747 30
1783458021967 0.6317641139030457 31
1783458029754 0.594887708624204 32
1783458037767 0.5801392992337545 33
1783458046002 0.5559388150771459 34
1783458053855 0.5140073510507742 35
1783458062026 0.4850156232714653 36
1783458070118 0.47532912095387775 37
1783458078342 0.4570559809605281 38
1783458086373 0.4395356426636378 39
1783458094143 0.40355054164926213 40
1783458102691 0.39084314679106075 41
1783458111229 0.3754483833909035 42
1783458119091 0.3536824869612853 43
1783458126942 0.3349400460720062 44
1783458135276 0.3219929486513138 45
1783458143514 0.3111698602636655 46
1783458151545 0.29460474103689194 47
1783458159145 0.27639363954464596 48
1783458167175 0.26939102448523045 49
1783458175028 0.2620009376356999 50
1783458182922 0.2589852387706439 51
1783458191676 0.24125020143886408 52
1783458199452 0.2325491290539503 53
1783458207718 0.228673513357838 54
1783458215882 0.23739511705935 55
1783458223524 0.2152148298919201 56
1783458231446 0.2050972357392311 57
1783458239544 0.20122092651824156 58
