1781132396769 1.5646686270123435 1
1781132417845 1.2258215026249961 2
1781132431559 1.0386642766377283 3
1781132445673 1.0364570787974767 4
1781132459408 1.0358143761044456 5
1781132473769 1.0355741126196725 6
1781132488802 1.03549629733676 7
1781132503520 1.03543402089013 8
1781132518925 1.0354111970417084 9
1781132532669 1.0353076325522528 10
1781132548126 1.0352061192194622 11
1781132561969 1.03521043913705 12
1781132575907 1.0350957862914554 13
1781132590455 1.0349384867955769 14
1781132605561 1.034900911270626 15
1781132620039 1.0348830923201546 16
1781132635588 1.034632474657089 17
1781132650015 1.0345940154696267 18
1781132667244 1.034406923112415 19
1781132680628 1.0344188024127294 20
1781132695066 1.0343252306892758 21
1781132709333 1.0340844373854379 22
1781132723665 1.0340432458453708 23
1781132738959 1.0338489195657155 24
1781132754015 1.0336710990421356 25
1781132767389 1.033596988708254 26
1781132782182 1.0334086683061388 27
1781132797062 1.033360555058434 28
1781132812275 1.0330493828606984 29
1781132826202 1.032470534718226 30
1781132841296 1.0317177280547127 31
1781132856560 1.0307778801236833 32
1781132870490 1.029670376626272 33
1781132884728 1.0275682683974978 34
1781132899778 1.00360040342997 35
1781132913166 0.9618917221114749 36
1781132927027 0.9298516492995005 37
1781132941341 0.8482443378085182 38
1781132958991 0.816391196515825 39
1781132974520 0.8075921923395187 40
1781132988948 0.7967646576109386 41
1781133003663 0.7839682632022433 42
1781133018183 0.7708201323236737 43
1781133032450 0.7347976120691451 44
1781133046747 0.7164491859693376 45
1781133063229 0.70550237856214 46
1781133078600 0.6950992374193101 47
1781133092758 0.6874830590354072 48
1781133107584 0.6786108016967773 49
1781133122017 0.6749064562812684 50
1781133137208 0.6687863137986925 51
1781133150871 0.6597537720014178 52
1781133166782 0.6478368460185944 53
1781133180484 0.639583895130763 54
1781133195064 0.626033396001846 55
1781133210185 0.6202916919238983 56
1781133224645 0.6163454103091407 57
1781133239288 0.6133165217581249 58
1781133254422 0.60966066803251 59
1781133270321 0.606810486505902 60
1781133284514 0.6022449594641489 61
1781133298735 0.5997259437091766 62
1781133312663 0.6004799438847436 63
1781133326853 0.5965837268602281 64
1781133341204 0.5936202851552812 65
1781133356162 0.5933434140114557 66
1781133371604 0.5915965461541736 67
1781133385765 0.592132948693775 68
1781133400407 0.5876804278010413 69
1781133415220 0.5870039008912586 70
1781133430730 0.5848996677095928 71
1781133445184 0.585151525716933 72
1781133459777 0.5834073012783414 73
1781133474982 0.5818768172037034 74
1781133489351 0.581192699216661 75
1781133503224 0.5792239010334015 76
1781133517084 0.5768704835384612 77
1781133532437 0.5792136599147131 78
1781133548004 0.5746556156211429 79
1781133562956 0.5732802961553846 80
1781133577950 0.5730594879104978 81
1781133592536 0.5724579062726762 82
1781133607431 0.5698605127750881 83
1781133622162 0.5694951760390449 84
1781133636504 0.5683684093611581 85
1781133651033 0.5697371193340847 86
1781133665617 0.5661600236854856 87
1781133679650 0.566140656906461 88
1781133694004 0.5635785190832048 89
1781133708959 0.5642855243077354 90
1781133723660 0.5639821603184655 91
1781133744567 0.5620647517461625 92
1781133759701 0.5592100478353954 93
1781133774697 0.5588789128121876 94
1781133789662 0.557648144544117 95
1781133804333 0.5568842944644746 96
1781133819061 0.5559507698293716 97
1781133833623 0.5544811350012583 98
1781133848410 0.5541142736162458 99
1781133863432 0.5521900057792664 100
