1782692985599 3.4654341765812466 1
1782693028908 3.3196626220430647 2
1782693067669 3.170733315604074 3
1782693105376 2.9894609791891917 4
1782693142793 2.7772718157087053 5
1782693180513 2.538773034300123 6
1782693216478 2.2997022015707835 7
1782693251594 2.0546171367168427 8
1782693288757 1.8307499034064156 9
1782693323502 1.6577159251485551 10
1782693359619 1.4958626287324088 11
1782693396128 1.3802376346928733 12
1782693433198 1.3051088792937142 13
1782693471539 1.2427814943449838 14
1782693510094 1.2027864285877772 15
1782693548602 1.1656008192471095 16
1782693597687 1.1382141624178206 17
1782693635871 1.115138394492013 18
1782693674432 1.097544299704688 19
1782693717513 1.0763573220797948 20
1782693754773 1.0627445578575134 21
1782693790111 1.0533220044204168 22
1782693829281 1.0397581670965468 23
1782693866469 1.0229619549853461 24
1782693905231 1.0094211505992072 25
