1782653868176 1.2475296445921356 1
1782653874730 1.0674363421458823 2
1782653881174 0.9086231437383914 3
1782653887745 0.7555971110568327 4
1782653894173 0.6077591543104134 5
1782653900732 0.4797339515358794 6
1782653907300 0.37282416575095234 7
1782653913922 0.30795635253775355 8
1782653920460 0.2547925044508541 9
1782653927065 0.21748239912238776 10
1782653933594 0.18405950683004715 11
1782653940130 0.17092669243906058 12
1782653946679 0.15538054909191878 13
1782653953287 0.13687248937055177 14
1782653959859 0.13450700570555293 15
1782653966382 0.13492412397674486 16
1782653972838 0.1180464097974347 17
1782653979537 0.11176205353409636 18
1782653986258 0.10601834149337282 19
1782653992735 0.0984686858513776 20
1782653999364 0.09608772397041321 21
1782654006054 0.09204848081457849 22
1782654012982 0.08799197773138683 23
1782654024426 0.0915047741111587 24
1782654031060 0.0852043517664367 25
1782654037620 0.08288278050866782 26
1782654044296 0.0864606368191102 27
1782654050898 0.0899930609499707 28
1782654057579 0.07895221678065319 29
1782654064006 0.08205761453684639 30
1782654070367 0.07475604978846569 31
1782654077024 0.0718783353473626 32
1782654083598 0.07133797899472948 33
1782654090211 0.07471349601652108 34
1782654096895 0.068172990764473 35
1782654103588 0.07508340828558978 36
1782654110307 0.0864033582163792 37
1782654116835 0.0715496567826645 38
1782654123567 0.06332601920938959 39
1782654130281 0.0623859204351902 40
1782654137053 0.0620438452883094 41
1782654143622 0.06716466030361605 42
