1782327896636 1.5118716955184937 1
1782327901149 1.4518765544891357 2
1782327905797 1.3635180950164796 3
1782327910293 1.3213819932937623 4
1782327915034 1.3086638402938844 5
1782327919367 1.2772138595581055 6
1782327923598 1.2258703184127808 7
1782327928060 1.1943466329574586 8
1782327932443 1.1839174079895018 9
1782327936734 1.1572832155227661 10
1782327941318 1.1106490516662597 11
1782327945936 1.0794048595428467 12
1782327950387 1.0698831605911254 13
1782327954635 1.0424372243881226 14
1782327959165 0.9981485271453857 15
1782327963765 0.9674331259727478 16
1782327968076 0.957295274734497 17
1782327972518 0.9336820125579834 18
1782327976907 0.8903168559074401 19
1782327981232 0.8597592377662658 20
1782327985451 0.8493525385856628 21
1782327989888 0.8261230206489563 22
1782327994344 0.7860164141654968 23
1782328003707 0.7572694253921509 24
1782328007903 0.7472357892990112 25
1782328012585 0.7250151991844177 26
1782328017066 0.689141845703125 27
1782328021615 0.6599574208259582 28
1782328025815 0.6523948168754578 29
1782328030230 0.6354437351226807 30
1782328034603 0.6006953477859497 31
1782328038800 0.576553897857666 32
1782328043071 0.5665001690387725 33
1782328047328 0.5524597406387329 34
1782328052019 0.5273689222335816 35
1782328056814 0.5013829481601715 36
1782328061357 0.494894722700119 37
1782328065719 0.47946160078048705 38
1782328070121 0.4578964161872864 39
1782328074671 0.44106209635734556 40
1782328078944 0.43456918001174927 41
1782328083400 0.4257228243350983 42
1782328087992 0.40715203285217283 43
1782328100351 0.3958273887634277 44
1782328104670 0.3909413194656372 45
1782328109081 0.38631783246994017 46
1782328113257 0.3709766435623169 47
1782328117867 0.3613674831390381 48
1782328122228 0.356495236158371 49
1782328126650 0.3539906978607178 50
1782328130970 0.34146727204322813 51
1782328135395 0.33297799825668334 52
1782328139801 0.3308354234695435 53
1782328144092 0.3290138107538223 54
1782328148506 0.324385746717453 55
