1782667934286 1.5777767944335936 1
1782667938702 1.4605512857437133 2
1782667943024 1.3897669124603271 3
1782667947415 1.3333007955551148 4
1782667951931 1.276726016998291 5
1782667956527 1.2170343685150147 6
1782667960839 1.157650499343872 7
1782667965274 1.0993902397155761 8
1782667969667 1.0437803173065185 9
1782667974182 0.9859446334838867 10
1782667978621 0.9327297258377075 11
1782667983172 0.8769022464752197 12
1782667987568 0.8237740778923035 13
1782667991977 0.7731659102439881 14
1782667996479 0.7282979702949524 15
1782668000897 0.6806823182106018 16
1782668005426 0.6333155512809754 17
1782668009824 0.5906856226921081 18
1782668014296 0.5540663266181945 19
1782668018771 0.5200526916980743 20
1782668023598 0.49191388607025144 21
1782668028315 0.45765893697738647 22
1782668035033 0.4343477976322174 23
1782668039389 0.4121836471557617 24
1782668043796 0.39359880089759824 25
1782668048199 0.3747036468982696 26
1782668052674 0.3581907069683075 27
1782668057225 0.35001142382621764 28
1782668061781 0.33894651353359223 29
1782668066801 0.3296127289533615 30
1782668071649 0.32232621252536775 31
1782668076564 0.31644586205482483 32
1782668081338 0.3058569484949112 33
1782668085970 0.2990767276287079 34
1782668090826 0.2951317048072815 35
1782668095863 0.2937023913860321 36
1782668100453 0.2938300120830536 37
1782668105021 0.28723486840724943 38
1782668109681 0.2882882964611053 39
1782668114149 0.2845375347137451 40
1782668118794 0.2836731207370758 41
1782668123369 0.27838900446891784 42
1782668127926 0.2734702509641647 43
1782668132477 0.27009273767471315 44
1782668137299 0.26884899139404295 45
1782668142134 0.26303027868270873 46
1782668146876 0.2640108233690262 47
1782668152432 0.2625243490934372 48
1782668157629 0.26011900484561923 49
