1781985370998 1.2852249787403986 1
1781985391964 1.1915690684929872 2
1781985413054 1.1365845784162865 3
1781985434103 1.0750414285904322 4
1781985455959 1.0119331096991515 5
1781985477125 0.947481612364451 6
1781985498477 0.882790880325513 7
1781985519524 0.8183808357287676 8
1781985540490 0.7631550095020196 9
1781985561780 0.709540626941583 10
1781985582852 0.6655678901916895 11
1781985604845 0.6326749661029913 12
1781985625780 0.5888416186357156 13
1781985646619 0.5607703251716418 14
1781985667446 0.5301820628153973 15
1781985688098 0.5090693533420563 16
1781985709303 0.48726174235343933 17
1781985730036 0.4780185986787845 18
1781985750927 0.45670519654567426 19
1781985771891 0.4440376544610048 20
1781985792506 0.42709200657331026 21
1781985813628 0.42640657761158085 22
1781985834657 0.3987706563411615 23
1781985855899 0.3939470274326129 24
1781985877583 0.39400848822715956 25
1781985898661 0.3767444216288053 26
1781985920285 0.36318465990897936 27
1781985941254 0.35625932690424794 28
1781985962353 0.36308761743398815 29
1781985983412 0.3478590074257973 30
1781986004456 0.3365634163984886 31
1781986025327 0.3239858081707588 32
1781986046134 0.3191580787683145 33
1781986066881 0.32047984309685534 34
1781986087649 0.30997709700694454 35
1781986107978 0.30660904065156597 36
1781986128742 0.2925727845002443 37
1781986149419 0.28646068351391035 38
1781986169932 0.29042685184723294 39
1781986190463 0.2843532600463965 40
1781986212180 0.2721422647054379 41
1781986233194 0.27573533814686996 42
1781986254083 0.26273157046391415 43
1781986274779 0.26292995382577944 44
1781986295529 0.26243630548318225 45
1781986317663 0.25940579634446365 46
1781986338364 0.24853671552279058 47
1781986359437 0.24484259768938407 48
1781986379982 0.23224773697364023 49
1781986400516 0.23410208485065362 50
1781986421322 0.23341979277439606 51
1781986442576 0.2297782485301678 52
