1782691594992 1.0959766203281927 1
1782691610674 0.8573444918090222 2
1782691626567 0.7138372881739747 3
1782691642367 0.5809084936684253 4
1782691658170 0.47777066920317857 5
1782691674118 0.3837134616047728 6
1782691690000 0.30929262614717673 7
1782691705888 0.2582353435310663 8
1782691721731 0.2219441758067 9
1782691737623 0.20029464393269783 10
1782691753668 0.18184857713241204 11
1782691769616 0.16308937733079873 12
1782691785640 0.1473258819942381 13
1782691801598 0.1365781335854063 14
1782691817641 0.1273764780923432 15
1782691833756 0.11869850520994149 16
1782691849829 0.1192501684029897 17
1782691865737 0.11332153324403015 18
1782691881737 0.1099490178566353 19
1782691897756 0.1107220068281772 20
1782691913766 0.0978600844448688 21
1782691929770 0.10308798212631076 22
1782691945754 0.0939475750806285 23
1782691961709 0.09468821100160188 24
1782691977682 0.08770053249363806 25
1782691993854 0.08831429934384775 26
1782692009762 0.08462246069136788 27
1782692025904 0.08446996659040451 28
1782692042001 0.09351778176485323 29
1782692057900 0.08822173040871527 30
1782692073950 0.08458003094967674 31
1782692089855 0.07728728812699225 32
1782692105762 0.073532232466866 33
1782692121760 0.07439857662892808 34
1782692137692 0.07480169219129226 35
1782692153722 0.07050412900599778 36
1782692169612 0.06628447478892756 37
1782692185585 0.06763535759904805 38
1782692201476 0.06764689204739589 39
1782692217248 0.07159697249823925 40
1782692233045 0.06971712395841 41
1782692249017 0.06555559405801344 42
1782692264813 0.06569418910087324 43
1782692280646 0.07114349612418343 44
1782692296648 0.06756976531708941 45
1782692312656 0.07481576538845605 46
1782692328623 0.06329846148397408 47
