1782085349012 1.6693340396881104 1
1782085353125 1.6121376800537108 2
1782085357240 1.1401300287246705 3
1782085361477 0.8796303176879883 4
1782085365904 0.8594525337219239 5
1782085370072 0.8155761456489563 6
1782085374377 0.7780777359008789 7
1782085378560 0.7685076713562011 8
1782085382966 0.7663412737846375 9
1782085387453 0.7584783029556275 10
1782085391763 0.7476809191703796 11
1782085396177 0.7405300736427307 12
1782085400586 0.7373928833007812 13
1782085404879 0.7250734305381775 14
1782085409449 0.6921196150779724 15
1782085413825 0.6805950379371644 16
1782085418172 0.6775948619842529 17
1782085422395 0.6740698313713074 18
1782085426919 0.6646681070327759 19
1782085431359 0.6597315621376038 20
1782085435737 0.6563376951217651 21
1782085440114 0.6525560212135315 22
1782085444338 0.6476188659667969 23
1782085448780 0.6401117777824402 24
1782085453124 0.636139075756073 25
1782085457352 0.6316131567955017 26
1782085461813 0.6228907132148742 27
1782085466291 0.615148491859436 28
1782085470597 0.6120045280456543 29
1782085474906 0.6054790258407593 30
1782085479207 0.6023111939430237 31
1782085488354 0.5818347883224487 32
1782085492778 0.5795962047576905 33
1782085497166 0.5748775267601013 34
1782085501496 0.5655197548866272 35
1782085505710 0.5596853995323181 36
1782085510240 0.5545879507064819 37
1782085514788 0.558759617805481 38
1782085519730 0.5468164825439453 39
1782085523960 0.5415143811702728 40
1782085528402 0.537734956741333 41
1782085532802 0.5382508957386016 42
1782085537230 0.5340858006477356 43
1782085541610 0.5248674964904785 44
1782085545938 0.5250287127494812 45
1782085550310 0.5242238688468933 46
1782085554643 0.5241304409503936 47
1782085564141 0.5189388906955719 48
1782085573885 0.5095298838615417 49
1782085577998 0.510113240480423 50
1782085581992 0.5076920819282532 51
1782085585904 0.5039433884620667 52
1782085589792 0.5007435405254363 53
1782085593723 0.4980627465248108 54
1782085603052 0.4936482763290405 55
1782085607708 0.491288548707962 56
1782085611703 0.49047137022018433 57
1782085615460 0.4880454826354981 58
1782085619263 0.4850131642818451 59
1782085622999 0.48186779022216797 60
1782085626889 0.48046523809432984 61
1782085630911 0.48134427189826967 62
1782085634924 0.48114518880844115 63
1782085638775 0.4725743353366852 64
1782085642865 0.47170756697654725 65
1782085646686 0.47169151425361633 66
1782085650466 0.4700314044952393 67
1782085654549 0.4668858766555786 68
1782085658508 0.46439087986946104 69
1782085662644 0.46713863372802733 70
1782085666613 0.4631239676475525 71
1782085670416 0.45802411913871766 72
1782085674290 0.4572316741943359 73
1782085678277 0.46139256954193114 74
1782085682176 0.46422431349754334 75
1782085686068 0.45473713517189024 76
1782085689967 0.4507903230190277 77
1782085693822 0.4511557161808014 78
1782085697881 0.44943291902542115 79
1782085701842 0.44560089111328127 80
1782085705834 0.4445214414596558 81
1782085709826 0.44847618699073794 82
1782085713658 0.4464823603630066 83
1782085717559 0.4389416766166687 84
1782085721336 0.43910334348678587 85
1782085725162 0.4390287399291992 86
1782085729242 0.4528373622894287 87
1782085733178 0.43549096703529355 88
1782085737309 0.43347986102104186 89
1782085741384 0.4354970395565033 90
1782085745273 0.4349411880970001 91
1782085749369 0.42827784061431884 92
1782085753294 0.4280205762386322 93
1782085757296 0.43226774454116823 94
1782085761328 0.42811041355133056 95
1782085765282 0.4239127719402313 96
1782085769209 0.4224606966972351 97
1782085772996 0.42811704039573667 98
1782085776916 0.4258170235157013 99
1782085780892 0.42081774353981016 100
