1782082768948 1.6984608507156371 1
1782082773388 1.2642275094985962 2
1782082777850 0.5214860045909882 3
1782082782292 0.41263358235359193 4
1782082786405 0.3943074917793274 5
1782082790502 0.3997192656993866 6
1782082794616 0.38693912863731383 7
1782082798737 0.34557623028755186 8
1782082803792 0.33592098534107206 9
1782082812698 0.3415216529369354 10
1782082816806 0.33388265371322634 11
1782082820900 0.31275739669799807 12
1782082830160 0.3001405221223831 13
1782082834396 0.30092490673065186 14
1782082838510 0.29994639933109285 15
1782082842602 0.28502948820590973 16
1782082846696 0.2746349197626114 17
1782082850790 0.27924400568008423 18
1782082854900 0.28013959527015686 19
1782082859020 0.26738185703754425 20
1782082863075 0.26341040432453156 21
1782082867177 0.26813563108444216 22
1782082871243 0.26316839396953584 23
1782082875344 0.25448415994644163 24
1782082879450 0.25208600997924807 25
1782082883530 0.25301470935344694 26
1782082887625 0.2612111520767212 27
1782082891665 0.25231806218624114 28
1782082895830 0.24837707698345185 29
1782082899889 0.2568818515539169 30
1782082903989 0.265169158577919 31
1782082908082 0.2502713644504547 32
1782082912235 0.24489310145378113 33
1782082916322 0.24899272501468658 34
