1781976013758 1.5119612981111576 1
1781976034369 1.3982569773991902 2
1781976054850 1.3093319489405706 3
1781976075362 1.2598223563952324 4
1781976095929 1.198131099725381 5
1781976117986 1.1409497750111115 6
1781976139690 1.0887129856989934 7
1781976160730 1.0382877038075373 8
1781976181620 0.9941747738764837 9
1781976202564 0.9452040944343958 10
1781976223460 0.9043939556830969 11
1781976244464 0.8562085613226279 12
1781976265281 0.8129997177001758 13
1781976285808 0.7783686243570768 14
1781976306556 0.7353421969291492 15
1781976327412 0.6920750110577314 16
1781976347728 0.6553489214334732 17
1781976368343 0.6246126630367377 18
1781976388852 0.5889658973767207 19
1781976409743 0.5576299115633353 20
1781976430407 0.5301477366533035 21
1781976450923 0.5032820564049941 22
1781976471672 0.4756607031210875 23
1781976492282 0.4547412471893506 24
1781976514772 0.4377048710982005 25
1781976536212 0.422662547765634 26
1781976557005 0.40166330948854106 27
1781976578514 0.37802392626420045 28
1781976599127 0.36240722200809383 29
1781976621464 0.3634388859455402 30
1781976642137 0.34950499656872874 31
1781976663322 0.3348302581371405 32
1781976694568 0.32667305224981064 33
1781976715530 0.3186662770234622 34
1781976735932 0.31381539962230587 35
1781976756341 0.30117838428570676 36
1781976776927 0.2879366385631072 37
1781976797739 0.2833987084718851 38
1781976818618 0.2940147626094329 39
1781976840582 0.26860498388608295 40
1781976862601 0.2587345521419476 41
1781976883728 0.2542988784038104 42
1781976904504 0.2527037534194115 43
1781976925228 0.24352159408422616 44
1781976958115 0.2385763976818476 45
1781976987081 0.24074502480335724 46
1781977007959 0.24480430667216962 47
1781977028650 0.25922998251059115 48
1781977049272 0.23643019107671884 49
1781977070288 0.2178471925166937 50
1781977090807 0.2274942921522336 51
1781977112393 0.22133739025164872 52
1781977134020 0.22727261521877387 53
1781977154796 0.22965964101828062 54
1781977175728 0.21085212054925087 55
1781977196183 0.20596319322402662 56
