1782692905046 1.4474121809005738 1
1782692907123 1.2155772686004638 2
1782692909237 1.1139473915100098 3
1782692911314 1.0723864793777467 4
1782692913446 1.0342838525772096 5
1782692915597 1.0044528007507325 6
1782692917738 0.9764650106430054 7
1782692919869 0.9439809322357178 8
1782692922004 0.9285679221153259 9
1782692924063 0.8927759766578675 10
1782692926140 0.872707200050354 11
1782692928325 0.8507325291633606 12
1782692930421 0.8261931657791137 13
1782692932487 0.7990986347198487 14
1782692934584 0.7763333559036255 15
1782692936681 0.7541616201400757 16
1782692938757 0.7428857684135437 17
1782692940830 0.7204824328422547 18
1782692943041 0.6992047905921936 19
1782692945137 0.6669541120529174 20
1782692947218 0.6539112448692321 21
1782692949310 0.6264962792396546 22
1782692951424 0.6043328046798706 23
1782692953553 0.5871154189109802 24
1782692955680 0.584627103805542 25
1782692957774 0.5676511526107788 26
1782692959854 0.5432104110717774 27
1782692961969 0.542322325706482 28
1782692964055 0.5267116665840149 29
1782692966226 0.5090519249439239 30
1782692968362 0.49713839292526246 31
1782692970435 0.48770794868469236 32
1782692972471 0.4716129958629608 33
