1779917149947 1.445276255607605 1
1779917153771 1.0341403245925904 2
1779917157569 0.8911980915069581 3
1779917161393 0.8100466680526733 4
1779917165277 0.7232832765579223 5
1779917174373 0.6888514876365661 6
1779917178250 0.6674741268157959 7
1779917182082 1.491081235408783 8
1779917185859 0.8048453426361084 9
1779917189853 0.7526041436195373 10
1779917193701 0.7369162726402283 11
1779917197753 0.7227437734603882 12
1779917201562 0.7110661506652832 13
1779917205368 0.6995357656478882 14
1779917209222 0.6914166975021362 15
1779917213072 0.6807028293609619 16
1779917216855 0.6752410769462586 17
1779917220700 0.6639372253417969 18
1779917224543 0.6549666261672974 19
1779917228356 0.6492046308517456 20
