1782678971595 1.2351524035135906 1
1782678972744 1.1191567182540894 2
1782678973929 1.0415117541948955 3
1782678975067 0.9958972235520681 4
1782678976247 0.962192545334498 5
1782678977390 0.9338361521561941 6
1782678978562 0.9122095207373301 7
1782678979758 0.8906872868537903 8
1782678980908 0.8656465510527293 9
1782678982075 0.8491754233837128 10
1782678983244 0.8281200528144836 11
1782678984388 0.8091029028097788 12
1782678985828 0.7901957333087921 13
1782678986999 0.7709994713465372 14
1782678988129 0.7568090260028839 15
1782678989268 0.7359490295251211 16
1782678990473 0.7161205808321635 17
1782678991657 0.6982874572277069 18
1782678992789 0.6833265721797943 19
1782678993943 0.6687601010004679 20
1782678995083 0.6522763868172964 21
1782678996245 0.6339689294497172 22
1782678997357 0.6166678269704183 23
1782678998484 0.6010596553484598 24
1782678999693 0.586043506860733 25
1782679000819 0.5716555913289388 26
1782679001975 0.5607641339302063 27
1782679003160 0.543041835228602 28
1782679004335 0.5273611545562744 29
1782679005504 0.5107910682757696 30
1782679006670 0.5038683960835139 31
1782679007823 0.48588227729002637 32
1782679009013 0.47202669084072113 33
1782679010203 0.4600113381942113 34
1782679011359 0.4499838799238205 35
1782679012523 0.4329822013775508 36
1782679013684 0.4214126765727997 37
1782679014846 0.41127165655295056 38
1782679016025 0.39858995874722797 39
1782679017224 0.3844994306564331 40
1782679018382 0.37673096855481464 41
1782679019556 0.3652368684609731 42
1782679020747 0.35421140988667804 43
1782679021934 0.3478134125471115 44
1782679023077 0.3368951082229614 45
1782679024257 0.33196541170279187 46
1782679025459 0.31946083903312683 47
1782679026630 0.31738340854644775 48
1782679027761 0.3041282494862874 49
1782679028896 0.2979281196991603 50
1782679030013 0.2878206968307495 51
1782679031157 0.28394540150960285 52
1782679032284 0.272478719552358 53
1782679033421 0.265039602915446 54
1782679034575 0.2578313996394475 55
1782679035733 0.25458974391222 56
1782679036906 0.24750451743602753 57
1782679038041 0.2435389185945193 58
