1782757662309 3.146977457506903 1
1782757680936 2.9334629732986977 2
1782757695891 2.749142761888175 3
1782757711296 2.548255443572998 4
1782757727193 2.344654650523745 5
1782757742853 2.136276335551821 6
1782757758277 1.9311758773080234 7
1782757774144 1.7352481052793305 8
1782757789809 1.5511736540958798 9
1782757809602 1.3932891303095325 10
1782757824998 1.2588037786812618 11
1782757841765 1.1507836909129703 12
1782757857444 1.0645935124364392 13
1782757874041 1.0008958516449764 14
1782757892054 0.9318930075086397 15
1782757907861 0.8869943166601246 16
1782757923246 0.8494807152912535 17
1782757939091 0.8118913769721985 18
1782757955625 0.7775558603220972 19
1782757972342 0.7516149446882051 20
1782757988115 0.7205346144478897 21
1782758003753 0.695780190928229 22
1782758019895 0.6774887319268852 23
1782758035887 0.6586347427861444 24
1782758051464 0.6495506475711691 25
1782758066713 0.6374616705138108 26
1782758083345 0.6214012996903782 27
1782758099801 0.608736529432494 28
1782758119834 0.5943112928291847 29
1782758135863 0.5757732432464073 30
1782758151979 0.5635489040407641 31
1782758169373 0.5495770532509376 32
1782758196615 0.5370632492262741 33
1782758212109 0.530390302682745 34
1782758228084 0.522522345699113 35
1782758243735 0.51713342604966 36
1782758259418 0.513065762560943 37
1782758274611 0.5091428170944082 38
1782758292447 0.5074155484807903 39
1782758308984 0.5016825815726971 40
1782758324848 0.4962585239574827 41
1782758340801 0.4954604023489459 42
1782758355980 0.48943264731045427 43
1782758370467 0.48741717276902036 44
1782758386338 0.48300980905006674 45
1782758401465 0.483644077490116 46
1782758416779 0.47911204037995175 47
1782758431819 0.4817881923297356 48
1782758446838 0.47609977064461545 49
1782758462365 0.4760850565186862 50
1782758477783 0.4714352221324526 51
1782758494627 0.46964491235798805 52
1782758510991 0.4688001686129077 53
1782758525985 0.4664971150200942 54
1782758541814 0.4678730831064027 55
1782758557601 0.4661447457198439 56
1782758573856 0.46997565031051636 57
1782758589007 0.46306179515246687 58
1782758604203 0.459674184692317 59
1782758619743 0.46002436095270616 60
1782758635067 0.45940686505416345 61
1782758651050 0.4602755832261053 62
1782758667081 0.46721293186319285 63
1782758682229 0.45701070797854454 64
1782758698303 0.4567719101905823 65
1782758714555 0.45369219471668376 66
1782758730406 0.4536900746411291 67
1782758745611 0.4520473028051442 68
1782758761449 0.45135198893218204 69
1782758777416 0.45146323894632273 70
1782758792951 0.45407691803471795 71
1782758813630 0.4534764742029124 72
1782758830178 0.4503154364125482 73
1782758846751 0.45033539060888617 74
1782758862936 0.4470085645544118 75
1782758879442 0.4493374464840725 76
1782758896480 0.4486762932662306 77
1782758912944 0.4486942034343193 78
1782758929140 0.44710756889705 79
1782758944290 0.446856545990911 80
1782758959653 0.4469294363054736 81
1782758975322 0.44462967741078346 82
1782758991246 0.4464334300879774 83
1782759007091 0.44514292170261516 84
1782759022769 0.44351863244484213 85
