1782595998905 1.6574021100997924 1
1782596000063 1.4931274890899657 2
1782596001258 1.4366462707519532 3
1782596002396 1.3885745286941529 4
1782596003553 1.3545225858688354 5
1782596004704 1.3120833873748778 6
1782596005895 1.2783557415008544 7
1782596007044 1.2539562225341796 8
1782596008222 1.2183690309524535 9
1782596009329 1.1917967557907105 10
1782596010432 1.1619625329971313 11
1782596011589 1.1396721124649047 12
1782596012752 1.113375449180603 13
1782596013904 1.092732310295105 14
1782596015040 1.0648791790008545 15
1782596016159 1.0358805894851684 16
1782596017326 1.0018738150596618 17
1782596018461 0.9745624184608459 18
1782596019580 0.9499889731407165 19
1782596020702 0.9370954632759094 20
1782596021814 0.9039509892463684 21
1782596022970 0.8715220093727112 22
1782596024098 0.8524092555046081 23
1782596025191 0.8286402821540833 24
1782596026264 0.8054768562316894 25
1782596027371 0.7727052927017212 26
1782596028454 0.7628429055213928 27
1782596029538 0.7435027837753296 28
1782596030625 0.7238192081451416 29
1782596031773 0.7083927989006042 30
1782596032970 0.6871630072593689 31
1782596034150 0.6629159450531006 32
1782596035339 0.6447666764259339 33
1782596036485 0.6178611159324646 34
1782596037595 0.6087154388427735 35
1782596038658 0.5864118218421936 36
1782596039717 0.5609468460083008 37
1782596040785 0.5416492104530335 38
1782596041903 0.5361595630645752 39
1782596043099 0.5196697413921356 40
1782596044244 0.49264257550239565 41
1782596045455 0.49778594970703127 42
1782596046578 0.4695378661155701 43
1782596047772 0.46508529782295227 44
1782596048976 0.4427970588207245 45
1782596050166 0.4285637319087982 46
1782596051372 0.41357254385948183 47
1782596052473 0.3984010398387909 48
1782596053687 0.3820594549179077 49
1782596054866 0.37032397985458376 50
1782596056058 0.36205941438674927 51
1782596057170 0.35110278725624083 52
1782596058265 0.3767474055290222 53
1782596059366 0.3837783634662628 54
1782596060461 0.3771698474884033 55
1782596061566 0.3649083852767944 56
