1782334395591 1.6058388471603393 1
1782334400031 1.3926703119277954 2
1782334404419 0.8264610052108765 3
1782334408974 0.789353814125061 4
1782334413336 0.7825800490379333 5
1782334417717 0.7732286572456359 6
1782334422146 0.7586744952201844 7
1782334426547 0.7479089236259461 8
1782334430687 0.7435723662376403 9
1782334435078 0.7299423789978028 10
1782334439149 0.708873541355133 11
1782334443455 0.6929489374160767 12
1782334447874 0.6865453910827637 13
1782334452196 0.6679012417793274 14
1782334456453 0.6517124462127686 15
1782334460830 0.6359231543540954 16
1782334465049 0.6314506530761719 17
1782334469358 0.6271857213973999 18
1782334473455 0.614172773361206 19
1782334477660 0.6043025803565979 20
1782334482134 0.600927095413208 21
1782334486396 0.6011201167106628 22
1782334490538 0.587675883769989 23
1782334494932 0.5695283877849578 24
1782334499119 0.5637163531780243 25
1782334503273 0.5545230317115784 26
1782334507522 0.5396939325332641 27
1782334512076 0.5195480012893676 28
1782334516472 0.5162383043766021 29
1782334520708 0.5105385398864746 30
1782334524946 0.5061066830158234 31
1782334529257 0.491836701631546 32
1782334533511 0.4874891936779022 33
1782334537924 0.48339396953582764 34
1782334542344 0.4843576753139496 35
1782334546617 0.4681775784492493 36
1782334551101 0.4662343549728394 37
1782334555480 0.468285391330719 38
1782334559904 0.4582086980342865 39
1782334564264 0.45684147119522095 40
1782334568466 0.44849963426589967 41
1782334572770 0.4520041882991791 42
1782334577152 0.449837988615036 43
1782334581781 0.440098363161087 44
1782334586080 0.43602812170982364 45
1782334590630 0.4377268362045288 46
1782334595063 0.4314365518093109 47
1782334599660 0.42777390122413633 48
1782334604145 0.4254422974586487 49
1782334608473 0.42737887024879456 50
1782334612860 0.42603034257888794 51
1782334617030 0.4181120431423187 52
1782334621406 0.41765461921691893 53
1782334625775 0.4223985314369202 54
1782334630077 0.424973703622818 55
1782334634436 0.4130526578426361 56
1782334638792 0.4104233825206757 57
1782334643057 0.4125352585315704 58
1782334647604 0.4138333749771118 59
1782334651878 0.4044317972660065 60
1782334656288 0.4035943877696991 61
1782334660866 0.40401789665222165 62
1782334665215 0.4098019540309906 63
1782334669355 0.4006623721122742 64
1782334673730 0.3974749040603638 65
1782334678110 0.402137748003006 66
1782334682637 0.39954584002494814 67
1782334686988 0.3937235248088837 68
1782334691274 0.39091708660125735 69
1782334695864 0.39402263045310976 70
1782334700199 0.39237175941467284 71
1782334704420 0.3869286799430847 72
1782334708646 0.3868223869800568 73
1782334712888 0.3894717729091644 74
1782334717161 0.3887487137317657 75
1782334721384 0.383542138338089 76
1782334725721 0.3806555151939392 77
1782334730192 0.38377183318138125 78
1782334734523 0.386330851316452 79
1782334738933 0.37852773666381834 80
1782334743338 0.3761836850643158 81
1782334747640 0.37869372010231017 82
1782334752111 0.3784826135635376 83
1782334756613 0.37499755024909975 84
1782334761037 0.3715198767185211 85
1782334765593 0.37650753021240235 86
1782334769943 0.37541780233383176 87
1782334774428 0.370186847448349 88
1782334778856 0.36762802124023436 89
1782334783399 0.370384646654129 90
1782334787927 0.3742044258117676 91
1782334792402 0.3659069001674652 92
1782334796948 0.3648944318294525 93
1782334811164 0.3693911015987396 94
1782334815552 0.3660830044746399 95
1782334819851 0.3624010801315308 96
1782334824255 0.3611391019821167 97
1782334828629 0.3655637955665588 98
1782334833099 0.3628080415725708 99
1782334842337 0.35857425451278685 100
