1783008659859 1.391613571267379 1
1783008665082 1.2137120679805153 2
1783008670200 1.1161191055649204 3
1783008675328 1.0226570995230424 4
1783008680493 0.9306908720418027 5
1783008685568 0.8400699527640092 6
1783008690664 0.7523999935702274 7
1783008695852 0.6648271052460921 8
1783008701018 0.5909948145088396 9
1783008706126 0.5279931567217174 10
1783008711202 0.4628692112470928 11
1783008716328 0.400060111754819 12
1783008721465 0.3470474983516492 13
1783008726679 0.30076417483781515 14
1783008731881 0.26676819983281586 15
1783008737072 0.2375986744698725 16
1783008742191 0.22026745504454562 17
1783008747272 0.19707258280954862 18
1783008752396 0.18446274180161326 19
1783008757551 0.16782855713053754 20
1783008762615 0.1599254737559118 21
1783008767679 0.1543623401146186 22
1783008772754 0.14553975588396975 23
1783008777838 0.138902999852833 24
1783008782982 0.13783072405739835 25
1783008788226 0.1352642996138648 26
1783008793307 0.12828475472174192 27
1783008798408 0.12482364436513499 28
1783008803429 0.12208521522973713 29
1783008808546 0.12251167646364163 30
1783008813792 0.12155813861050103 31
1783008818902 0.11764692554348394 32
1783008824022 0.11299660664639975 33
1783008829152 0.11382494964881947 34
1783008834226 0.11396848645649459 35
1783008839336 0.11711653223947475 36
1783008844513 0.10871648455136701 37
1783008849556 0.10976970842794369 38
1783008854672 0.10438074210756704 39
1783008859734 0.10595339968016274 40
1783008864831 0.10509859260759856 41
1783008870002 0.10291077294632008 42
1783008875071 0.10088567435741425 43
1783008880169 0.10153603436131227 44
1783008885240 0.10769033980996985 45
1783008890336 0.10260516444319173 46
1783008895446 0.09922433017115843 47
1783008900483 0.09850661005628736 48
1783008905611 0.10121975525429375 49
1783008910718 0.09814783656283428 50
1783008915833 0.09710720632421344 51
1783008920941 0.09800280258059502 52
1783008926020 0.09712915220542957 53
1783008931050 0.09567643996132047 54
1783008936239 0.09833039637458951 55
1783008941352 0.09668018453215298 56
1783008946330 0.09673520412884261 57
1783008951478 0.09560200885722511 58
1783008956506 0.09487579900183175 59
1783008961571 0.09786146036104153 60
1783008966756 0.09391496781455844 61
1783008971766 0.09502145295080386 62
1783008976880 0.09197951049396866 63
1783008981951 0.09357775100751926 64
1783008987028 0.09349000787264422 65
1783008992141 0.09201261263928916 66
1783008997297 0.09272108128980587 67
1783009002432 0.09470634907484055 68
1783009007513 0.10705995481265218 69
1783009012702 0.09810354482186467 70
1783009017895 0.09515496578655745 71
1783009022918 0.09222723955386564 72
1783009027953 0.09343405891405909 73
1783009033135 0.09377242467905346 74
1783009038237 0.09079797938466072 75
1783009043271 0.09292215442186907 76
1783009048296 0.09052184518230588 77
1783009053417 0.09064371589767306 78
1783009058599 0.08874292240331047 79
1783009063727 0.09475326969435341 80
1783009068808 0.1326250845664426 81
1783009073842 0.10936649163302622 82
1783009078858 0.10048900819138477 83
1783009083887 0.0961417161712521 84
1783009089030 0.09488288587645481 85
1783009094143 0.09319819235487987 86
1783009099224 0.09230147243330353 87
1783009104385 0.09093636588046425 88
1783009109571 0.09165908357030467 89
1783009114701 0.09725305379221313 90
1783009119739 0.09345862171367596 91
1783009124843 0.09067844619092189 92
1783009129887 0.08963847748543087 93
1783009134920 0.09166028899581809 94
1783009140008 0.09455272359283347 95
1783009145099 0.09122802277928904 96
1783009150302 0.09293804160858456 97
1783009155453 0.08961006410812077 98
