1780590779129 1.3053260949941783 1
1780590802835 1.0662736128538082 2
1780590826645 1.0411750231033716 3
1780590851435 1.022996492874928 4
1780590877777 1.0059703955283532 5
1780590903125 0.9945619901021322 6
1780590928197 0.9865881082339164 7
1780590952731 0.9771097195454133 8
1780590976179 0.9715710572707348 9
1780591000257 0.9730729032785465 10
1780591024037 0.9689594018153656 11
1780591051772 0.9684474651630108 12
1780591077627 0.9690979780294956 13
1780591101442 0.9591019336993878 14
1780591127634 0.9622600995577298 15
1780591151410 0.9567333154189281 16
1780591175537 0.9530325104028751 17
1780591200959 0.9493130307931167 18
1780591225033 0.9483467279336392 19
1780591249221 0.9461457408391513 20
1780591273632 0.9402733384034573 21
1780591296910 0.9337327006535653 22
1780591321042 0.9280467705848889 23
1780591345709 0.9233971543801136 24
1780591369282 0.9161012784028665 25
1780591392564 0.9126916466615139 26
1780591417460 0.9009472727775574 27
1780591442245 0.9121247973197546 28
1780591467195 0.8963748002663637 29
1780591491605 0.8887337354513315 30
1780591514773 0.8918542739672538 31
1780591539143 0.8849275433100187 32
1780591563258 0.8747399021417667 33
1780591587067 0.8668029247186123 34
1780591610267 0.8596339195202558 35
1780591634878 0.8467399325126257 36
1780591660248 0.8476886733984336 37
1780591684760 0.8347354057507638 38
1780591710206 0.8191613127023746 39
1780591734574 0.8064640959103903 40
1780591758758 0.7953285146982242 41
1780591783606 0.7729765467154674 42
1780591808216 0.7512326790736272 43
1780591832958 0.7288729303922409 44
1780591859596 0.7016277083983788 45
