1782662457659 2.9514455466434875 1
1782662473364 2.7798029389874688 2
1782662490095 2.6262478252937056 3
1782662506122 2.460008514338526 4
1782662521373 2.2808787740510086 5
1782662537519 2.0825356573894105 6
1782662554533 1.8763016708965958 7
1782662570617 1.6768937521967395 8
1782662587202 1.500494907642233 9
1782662603104 1.3451414026063064 10
1782662618665 1.2160862560929924 11
1782662634546 1.1038997461055886 12
1782662650172 1.0157236888490875 13
1782662666154 0.9378227016021465 14
1782662681980 0.8772295158484886 15
1782662697529 0.8170228744375294 16
1782662714593 0.772118301227175 17
1782662729955 0.7372146906523869 18
1782662746038 0.7034467540938278 19
1782662762062 0.6692055422684242 20
1782662777224 0.6488354884344956 21
1782662793966 0.6384600442031334 22
1782662810044 0.6116724630882 23
1782662825180 0.5879457284664286 24
1782662841085 0.5743932333485834 25
1782662856471 0.5664728818268612 26
1782662872329 0.5554394578111583 27
1782662887602 0.5473902225494385 28
1782662903005 0.5357390662719463 29
1782662918264 0.5303209043782333 30
1782662934198 0.5248812087650957 31
1782662949988 0.5192975699901581 32
1782662965153 0.5171545466472363 33
