1783008051062 1.356995375532853 1
1783008056132 1.2340167196173417 2
1783008061310 1.1286817098918713 3
1783008066481 1.018873039044832 4
1783008071481 0.9093120349080939 5
1783008076442 0.797725930025703 6
1783008081544 0.6948152059002927 7
1783008086597 0.5953641157401236 8
1783008091589 0.5060810219300421 9
1783008096567 0.4257917074780715 10
1783008101716 0.36130832292531667 11
1783008106780 0.2994769811630249 12
1783008111837 0.26030518545916204 13
1783008116911 0.2665442102833798 14
1783008121981 0.21527568603816785 15
1783008127167 0.1847809172774616 16
1783008132346 0.16777940055257395 17
1783008137506 0.1553860643976613 18
1783008142531 0.14989475749040904 19
1783008147576 0.14039337889928566 20
1783008152692 0.13361102832775368 21
1783008157849 0.12885858687131027 22
1783008162845 0.12478897916643243 23
1783008168032 0.12273555347009708 24
1783008173110 0.12243256129716572 25
1783008178211 0.11892151911007731 26
1783008183490 0.11435434614357196 27
1783008188437 0.1117580758505746 28
1783008193535 0.11164479290968493 29
1783008198698 0.1095138419615595 30
1783008203790 0.10923952079917255 31
1783008208882 0.10807609734566588 32
1783008214015 0.1095971149441443 33
1783008219198 0.10349596095712561 34
1783008224277 0.10287713377099288 35
1783008229376 0.10438527970721848 36
1783008234418 0.10351498366186493 37
1783008239546 0.10415281649482877 38
1783008244523 0.10325506623638303 39
1783008249589 0.10178961840115096 40
1783008254573 0.09819684118816727 41
1783008259672 0.1161137403626191 42
1783008264704 0.10838812373970684 43
1783008269804 0.10124411982925315 44
1783008274904 0.09759148445568587 45
1783008280069 0.09698274417927391 46
1783008285355 0.09660242733202483 47
1783008290505 0.09595369018222157 48
1783008295698 0.09747877364095889 49
1783008300769 0.09550566265457555 50
1783008305780 0.11204821243882179 51
1783008310867 0.10400049133520377 52
1783008315929 0.09822780521292436 53
1783008321051 0.09733207680677113 54
1783008326080 0.09528769435066926 55
