1783495756937 2.918445611822194 1
1783495772471 2.750547433721608 2
1783495787838 2.5958243485154777 3
1783495803995 2.4254318187976707 4
1783495822241 2.2422809436403472 5
1783495838137 2.0499331622288146 6
1783495854939 1.8520511306565384 7
1783495870488 1.6623074802859077 8
1783495886307 1.4856139544782967 9
1783495901551 1.336321205928408 10
1783495917906 1.2166323045204426 11
1783495933728 1.1155080014261707 12
1783495949036 1.0289984920929218 13
1783495964893 0.960561898247949 14
1783495980655 0.899767030929697 15
1783495996732 0.8417218450842232 16
1783496011996 0.7930517402188532 17
1783496027438 0.7502124104006537 18
1783496043027 0.7087942238511711 19
1783496059025 0.6782132099414694 20
1783496074503 0.6534318780076915 21
1783496090256 0.627474556709158 22
1783496106032 0.608288678629645 23
1783496122441 0.5897214515455838 24
1783496138568 0.576216171527731 25
1783496154014 0.5623026880724676 26
1783496169812 0.5534482413324816 27
1783496185345 0.5482749384025047 28
1783496201127 0.5435874729320921 29
1783496216480 0.5326279381225849 30
1783496231849 0.5232659660536667 31
1783496247447 0.5165049495368168 32
1783496263284 0.5142984123065554 33
1783496279427 0.5067413562330706 34
1783496296132 0.5014341617452687 35
1783496311607 0.5004374127963493 36
1783496327256 0.49503691648614817 37
1783496343122 0.4958798474278943 38
1783496358859 0.48907497833515035 39
1783496375127 0.48826097414411346 40
1783496390781 0.48805911890391646 41
1783496406934 0.48230295037401133 42
1783496422945 0.4805211486487553 43
1783496438474 0.47675622126151773 44
1783496454253 0.47386810286291714 45
1783496470457 0.4719094171606261 46
1783496486093 0.46892747180215244 47
1783496502024 0.4728385806083679 48
1783496518028 0.4725961500200732 49
1783496532994 0.4666214821667507 50
1783496548068 0.4672844759349165 51
1783496563256 0.465182893235108 52
1783496578799 0.46175401375211517 53
