1782651782774 1.2436912176655788 1
1782651789402 1.0005494461340063 2
1782651796117 0.850961842957665 3
1782651802847 0.7193809630824071 4
1782651809516 0.5980002739850212 5
1782651816159 0.49248958919562547 6
1782651822718 0.40708817278637605 7
1782651829267 0.33988210383583517 8
1782651838743 0.29102932354983163 9
1782651845312 0.2419834478813059 10
1782651851879 0.20909387749784134 11
1782651858446 0.1869173613833446 12
1782651865188 0.175797489343905 13
1782651871773 0.16577959235976725 14
1782651878509 0.14426803822610892 15
1782651885119 0.13795206359788484 16
1782651891726 0.12531141425464667 17
1782651898438 0.11672452837228775 18
1782651905034 0.11116201678911845 19
1782651911635 0.10788186142841975 20
1782651918288 0.11236719903992672 21
1782651924834 0.10046359472999386 22
1782651931337 0.10112967692753848 23
1782651937907 0.09218753947346818 24
1782651944639 0.09199708685571072 25
1782651951190 0.08347105673130821 26
1782651957849 0.08521060178092882 27
1782651964416 0.08386790883891723 28
1782651971034 0.07860950278300866 29
1782651977657 0.08219216515620549 30
1782651984216 0.07707854754784528 31
1782651990753 0.07600952670270321 32
1782651997373 0.08566876719979678 33
1782652003946 0.07400951468769242 34
1782652010573 0.06983930062429577 35
