1781347913270 1.2929902076721191 1
1781347917155 1.1719119596481322 2
1781347921055 1.0948375606536864 3
1781347924919 1.028731713294983 4
1781347928778 0.9654259896278381 5
1781347932658 0.9023780536651611 6
1781347936553 0.8441027355194092 7
1781347940416 0.7910898208618165 8
1781347944272 0.7399610328674316 9
1781347948153 0.6921323156356811 10
1781347952114 0.6452395915985107 11
1781347956032 0.602582311630249 12
1781347959952 0.5665546357631683 13
1781347963885 0.5246388983726501 14
1781347967781 0.4909330379962921 15
1781347971655 0.4602981984615326 16
1781347975565 0.4336090409755707 17
1781347979456 0.4121187722682953 18
1781347983395 0.3871645820140839 19
1781347987296 0.3667519056797028 20
1781347991170 0.3537169986963272 21
1781347995035 0.34488909780979154 22
1781347998956 0.3311863362789154 23
1781348002829 0.3233835971355438 24
1781348006710 0.3152120643854141 25
1781348010652 0.3089392828941345 26
1781348014640 0.29396798014640807 27
1781348018480 0.285950026512146 28
1781348022333 0.2802649682760239 29
1781348026206 0.2791989642381668 30
1781348030092 0.2756794387102127 31
1781348033973 0.27015152633190154 32
1781348037868 0.2680365562438965 33
1781348041731 0.2661984771490097 34
1781348045693 0.2708070683479309 35
1781348049534 0.26782945096492766 36
