1783457604280 2.509501603933481 1
1783457609190 2.415927373445951 2
1783457614162 2.297724888874934 3
1783457619055 2.2349576399876523 4
1783457623926 2.212874412536621 5
1783457629003 2.1836036168611965 6
1783457633984 2.119441399207482 7
1783457638681 2.0717370876899133 8
1783457643601 2.0583498844733605 9
1783457648220 2.0234654041437 10
1783457653114 1.968177291063162 11
1783457658107 1.9307017509753888 12
1783457662706 1.917758849950937 13
1783457667518 1.8884264322427602 14
1783457672326 1.8337090198810284 15
1783457676860 1.7885993077204778 16
1783457681580 1.7727346878785353 17
1783457686401 1.7411613922852736 18
1783457691199 1.6929364112707286 19
1783457696005 1.6489106966898992 20
1783457700646 1.638484157048739 21
1783457705555 1.6076332789201002 22
1783457710475 1.5563505337788508 23
1783457715309 1.511655596586374 24
1783457720177 1.5006134326641376 25
1783457725142 1.4698393711676965 26
1783457730035 1.4237952324060292 27
1783457734748 1.3896712981737578 28
1783457739979 1.3687168176357563 29
1783457745282 1.3468990509326642 30
1783457750418 1.2995381446985097 31
1783457755190 1.2663286007367647 32
1783457759772 1.254371166229248 33
1783457764512 1.2447916544400728 34
1783457769154 1.2674057758771455 35
1783457774046 1.2078978648552527 36
1783457778663 1.1888108987074633 37
1783457783281 1.1591924795737634 38
1783457788191 1.119202577150785 39
1783457793174 1.0826190343269935 40
1783457797717 1.0710226939274714 41
1783457802260 1.0530538192162147 42
1783457806866 1.0242351935460017 43
1783457811587 0.9954268611394442 44
1783457816361 0.9954497676629287 45
1783457821012 0.9774954594098605 46
1783457825663 0.9462458766423739 47
1783457830735 0.9253516013805683 48
1783457835576 0.9152529514752902 49
1783457840424 0.897200767810528 50
1783457845167 0.8681847453117371 51
1783457850191 0.8489561676979065 52
1783457854952 0.838135838508606 53
1783457859597 0.8373804550904494 54
1783457864130 0.8777974660579975 55
1783457868865 0.8189784196706918 56
1783457873952 0.8074467732356145 57
1783457878587 0.7888361628238971 58
1783457883145 0.7693143762074984 59
1783457887973 0.7419608006110558 60
1783457892729 0.7405151862364548 61
1783457897349 0.7308270105948815 62
1783457902044 0.7168595194816589 63
1783457906640 0.7039507306539096 64
1783457911489 0.6887788405785193 65
1783457916503 0.6867133837479812 66
1783457921226 0.6688270843946017 67
1783457926016 0.6562819755994357 68
1783457930682 0.652429094681373 69
1783457935425 0.6447943769968473 70
1783457940005 0.6359633665818435 71
1783457944540 0.6201332899240347 72
1783457949136 0.6175889647923983 73
1783457953953 0.6058957393352802 74
1783457958467 0.6057108319722689 75
1783457963035 0.5906155843001145 76
1783457967749 0.5802465127064631 77
1783457972420 0.5763002038002014 78
1783457977112 0.5694718269201425 79
1783457981867 0.561354384972499 80
1783457986756 0.5554231176009545 81
1783457991238 0.5523744592299829 82
