1781129524842 1.282649140509348 1
1781129538473 1.0327065899258567 2
1781129552119 1.0038201960306319 3
1781129566728 0.7238478130764432 4
1781129581593 0.5446064670880636 5
1781129595799 0.44064620042604113 6
1781129610446 0.4267115465232304 7
1781129623960 0.39929213457637364 8
1781129637792 0.3884927247251783 9
1781129652006 0.3578663141954513 10
1781129665523 0.46025081380965216 11
1781129680679 0.35693457864579703 12
1781129694817 0.34863223584871444 13
1781129709519 0.3882055854986584 14
1781129724520 0.3739136731813824 15
1781129738250 0.3287162676690117 16
1781129752566 0.32314588011257234 17
1781129766137 0.3264054897285643 18
1781129779747 0.3059267479748953 19
1781129793376 0.3087241015737019 20
1781129807503 0.2989049227464767 21
1781129821549 0.33447245189121794 22
1781129835967 0.2944184056823216 23
1781129851280 0.28398659967240836 24
1781129865758 0.28581775772193124 25
1781129879919 0.2837690015633901 26
1781129893710 0.2836578705954173 27
1781129908405 0.27283782689344316 28
1781129922278 0.2717559945488733 29
1781129936959 0.27395758080104043 30
1781129952128 0.2681471584808259 31
1781129966691 0.25860110327364905 32
1781129980257 0.2619402583629366 33
1781129994344 0.2556114788093264 34
1781130008441 0.2584485991133584 35
1781130023071 0.25335566321062664 36
1781130037227 0.246945758424108 37
1781130051256 0.24341395118879894 38
1781130065300 0.2441685571083947 39
1781130080250 0.2399850059596319 40
1781130094929 0.23457612404747616 41
1781130108916 0.24099111533354198 42
1781130122528 0.23404383659362793 43
1781130135897 0.2327320029338201 44
1781130149785 0.22813729587055387 45
1781130163353 0.22992156871727534 46
1781130178254 0.2279766502361449 47
1781130192912 0.22396517036453126 48
1781130208033 0.4008868421827044 49
1781130223494 0.3237879815555754 50
1781130237457 0.26536006421323804 51
1781130250726 0.2359086230160698 52
1781130264137 0.24599031725573162 53
1781130278794 0.22845173544353908 54
1781130292614 0.22686906939461118 55
1781130307486 0.21928207032264224 56
1781130321018 0.2207562005709088 57
1781130337062 0.21723641739005134 58
1781130352472 0.214890580328684 59
1781130365874 0.21634762533127316 60
1781130379333 0.20920681444898484 61
1781130393702 0.21112771332263947 62
1781130407528 0.21060605086977519 63
1781130421468 0.21604568310200223 64
1781130435316 0.22069255842102897 65
1781130448711 0.21148099880369883 66
1781130462968 0.2070589168440728 67
1781130477222 0.20190538016576615 68
1781130491094 0.20295178346217624 69
1781130505587 0.20825135163844577 70
1781130519998 0.20506202772496238 71
1781130533901 0.19909629888004726 72
1781130547985 0.1986757545244126 73
1781130562278 0.20372294220659468 74
1781130576305 0.20344299858524686 75
1781130590142 0.19867640922939966 76
1781130606870 0.19558649829455785 77
1781130621204 0.19319797602910843 78
1781130635237 0.19384951605683282 79
1781130649546 0.19230621130693526 80
1781130663023 0.19320610496732923 81
1781130676985 0.18986641934939794 82
1781130690857 0.1922502335574892 83
1781130706185 0.20845672559170497 84
1781130720371 0.19454671111371782 85
1781130733898 0.189969431076731 86
1781130747522 0.18847366032146273 87
1781130762130 0.193418945348452 88
1781130775340 0.19094276156217332 89
1781130789981 0.18739075946902473 90
1781130805775 0.18566134063497422 91
1781130820221 0.18420989385672978 92
1781130835314 0.18588363154539986 93
1781130848634 0.18591732508133327 94
1781130862708 0.18603359186460103 95
1781130876327 0.1894573312666681 96
1781130890405 0.18473183990470946 97
1781130904552 0.19229121506214142 98
1781130917826 0.18250781983610184 99
1781130931368 0.18067442401060982 100
