1781036453995 1.6491450315866716 1
1781036510137 1.5644810902766693 2
1781036566614 1.1503196343397484 3
1781036623224 1.0861315024204743 4
1781036679323 1.0755939330810156 5
1781036735716 1.0722874127901518 6
1781036792173 1.0694637787647736 7
1781036848514 1.0677840404021435 8
1781036905540 1.0653286897219145 9
1781036962399 1.0632395041294587 10
1781037018915 1.0611002475787432 11
1781037076455 1.0592058193989289 12
1781037133680 1.0584079302274263 13
1781037190136 1.0564769873252282 14
1781037246491 1.0554774816219623 15
1781037303030 1.0539768322920189 16
1781037359575 1.052281813743787 17
1781037416350 1.0524398271854107 18
1781037473124 1.0506942241619794 19
1781037529565 1.0510861659661317 20
1781037586168 1.0502778719633052 21
1781037642587 1.0513774706767156 22
1781037699628 1.05108664280329 23
1781037756010 1.049782156944275 24
1781037811934 1.0494882540825086 25
1781037868449 1.049401729534834 26
1781037925044 1.0493790736565223 27
1781037981501 1.049420518752856 28
1781038289842 1.0493283241223066 29
1781038347801 1.048975415718861 30
1781038404333 1.0489596311862652 31
1781038461094 1.0490181079277625 32
1781038520774 1.0481006304423015 33
1781038577238 1.0488831416154518 34
1781038633923 1.048067222803067 35
1781038690292 1.0479108767631726 36
1781038746651 1.0483109186857174 37
1781038803208 1.0479310506429427 38
1781038860154 1.0479034277108998 39
1781038916697 1.0475189135624812 40
1781038973398 1.0472742410806508 41
1781039029882 1.0471609708590386 42
1781039086330 1.0476257006327312 43
1781039142865 1.0476676164529262 44
1781039199556 1.0473674505184858 45
1781039256917 1.0465284280287914 46
1781039316117 1.047149156912779 47
1781039374261 1.0469984366343572 48
1781039431333 1.0469587277143428 49
1781039488458 1.04726041891636 50
1781039545790 1.0480244404230363 51
1781039603750 1.046324100249853 52
1781039661571 1.0462210545173058 53
1781039719283 1.0461837771611335 54
1781039777334 1.0464089512825012 55
1781039835793 1.046048607581701 56
1781039893585 1.0465041521268013 57
1781039950466 1.045533482845013 58
1781040007606 1.0461404201311943 59
1781040065501 1.0462829791582549 60
1781040122243 1.0454251643938897 61
1781040180684 1.045962379528926 62
1781040238842 1.0458140250964043 63
1781040297922 1.0449207409834251 64
1781040357180 1.045502931643755 65
1781040413981 1.0461110335129957 66
1781040470703 1.0453277428944905 67
1781040527053 1.0454046573394384 68
1781040583240 1.045383101854569 69
1781040639756 1.0446681670653515 70
1781040698163 1.0453845919706883 71
1781040755666 1.0455516148836186 72
1781040812657 1.0448025403878627 73
1781040870055 1.0447521530664885 74
1781040926608 1.044717972095196 75
1781040983308 1.0444739353962433 76
1781041040648 1.0448622856384668 77
1781041098435 1.0449456832347772 78
1781041154544 1.0447780872002626 79
1781041210943 1.0447427829106648 80
1781041267006 1.043969145187965 81
1781041323366 1.0447499813177648 82
1781041380470 1.044020047554603 83
1781041436586 1.0445186755596063 84
1781041492249 1.0439923634895911 85
1781041547944 1.0441450614195604 86
1781041603746 1.0444727280201056 87
1781041659886 1.0440594813762567 88
1781041715739 1.0439231915351672 89
1781041771489 1.0443737904230754 90
1781041827495 1.0444178856336153 91
1781041883900 1.0442138390663342 92
1781041939736 1.044229541069422 93
1781041995753 1.0440077078648102 94
1781042051565 1.043928922751011 95
1781042107297 1.0438377612676375 96
1781042163850 1.0437856973745885 97
1781042220626 1.0442302043621356 98
1781042276516 1.043853596234933 99
1781042332402 1.0442363787920048 100
