1783008464748 2.3591137131055198 1
1783008472599 2.259674847126007 2
1783008480349 2.163909504810969 3
1783008487806 2.0575303634007773 4
1783008505405 1.9443941960732143 5
1783008513219 1.8241885503133137 6
1783008521314 1.6918994287649791 7
1783008529232 1.5529241263866425 8
1783008536665 1.4128675957520802 9
1783008543791 1.2873023996750514 10
1783008551766 1.1687553077936172 11
1783008560161 1.0558786193529766 12
1783008567637 0.9684439674019814 13
1783008574953 0.8920199945569038 14
1783008582524 0.8217982252438863 15
1783008590861 0.7529938668012619 16
1783008598630 0.6931630273660024 17
1783008606123 0.6320605079332987 18
1783008613456 0.5654951309164366 19
1783008621163 0.49530211339394253 20
1783008628462 0.44488005712628365 21
1783008635861 0.3994266850252946 22
1783008643313 0.3567738098402818 23
1783008650853 0.327106108268102 24
1783008658216 0.2977764656146367 25
1783008666051 0.2731918767094612 26
1783008673818 0.24909697907666364 27
1783008680803 0.24424640151361623 28
1783008688741 0.2286909483373165 29
1783008696538 0.2120104661832253 30
1783008704464 0.19954909260074297 31
1783008712533 0.18902221508324146 32
1783008720527 0.17900903957585493 33
1783008728194 0.17418471413354078 34
1783008735566 0.16801794804632664 35
1783008743032 0.16176201154788336 36
1783008751041 0.1555611283207933 37
1783008758865 0.15552056673914194 38
1783008766441 0.1525460829337438 39
1783008773696 0.1544757311542829 40
1783008781767 0.14945483425011238 41
1783008789201 0.14267229133596024 42
1783008797073 0.14098787307739258 43
1783008804647 0.13780087853471437 44
1783008812500 0.13504599872976542 45
1783008820433 0.13230771198868752 46
1783008827688 0.13070455503960451 47
1783008835324 0.13065791533639035 48
1783008843210 0.12892898203184208 49
1783008850718 0.12699046855171522 50
1783008857883 0.125284387730062 51
1783008865344 0.1269790374984344 52
1783008873258 0.13024938199669123 53
1783008880952 0.12439118729283412 54
1783008888448 0.12138527197142442 55
1783008895711 0.12048544362187386 56
1783008903110 0.11848818324506283 57
1783008910337 0.11629899311810732 58
1783008917717 0.11503724039842685 59
1783008924908 0.11384977369258802 60
1783008932686 0.12068549388398726 61
1783008940474 0.11424059296647708 62
1783008948565 0.11361906118690968 63
1783008956510 0.11395158432424068 64
1783008963906 0.11660460351655881 65
1783008971503 0.11607912679513295 66
1783008978851 0.11248254279295604 67
1783008986318 0.10929758939892054 68
1783008993758 0.10806918113181989 69
