1781733857712 0.9988044800758362 1
1781733906346 0.5001203992366791 2
1781733960917 0.36953606790304183 3
1781734010537 0.3110114620923996 4
1781734060360 0.27841435784101487 5
1781734108449 0.25949157643318177 6
1781734156398 0.24881306260824204 7
1781734206452 0.23215439477562905 8
1781734254940 0.22511434203386307 9
1781734303458 0.22868456023931502 10
1781734352245 0.2182359826564789 11
1781734401613 0.21796574485301973 12
1781734451027 0.20462487399578094 13
1781734499945 0.2006969613134861 14
1781734550448 0.19707231280207635 15
1781734599766 0.19650043004751205 16
1781734651115 0.19486533519625665 17
1781734701119 0.18714663457870484 18
1781734752104 0.19518961507081986 19
1781734800558 0.19227597606182098 20
1781734849062 0.1844001776278019 21
1781734898279 0.18320983269810676 22
1781734948951 0.184279269605875 23
1781735000385 0.1850151066184044 24
1781735051181 0.1780926466882229 25
1781735100590 0.17737989741563798 26
1781735149032 0.17607380068302156 27
1781735198925 0.1777620224952698 28
1781735273556 0.17467197740077972 29
1781735355400 0.17144827818870545 30
1781735406980 0.17115807181596757 31
1781735455329 0.16832942914962767 32
1781735505268 0.16833941739797592 33
1781735555102 0.17120197203755377 34
1781735603839 0.184627674639225 35
1781735656932 0.17916582956910132 36
1781735707267 0.1705691105425358 37
1781735756393 0.16637643027305604 38
1781735805992 0.16497427928447722 39
1781735856395 0.16661848190426826 40
1781735906232 0.16435010343790055 41
1781735955033 0.16588457682728766 42
1781736003694 0.15967338633537292 43
1781736054165 0.1602547470331192 44
1781736104606 0.16025541841983795 45
1781736154270 0.16322326931357384 46
1781736215211 0.19747876530885697 47
1781736265937 0.16947930046916007 48
1781736314255 0.17213176307082176 49
1781736363900 0.173832714676857 50
1781736416850 0.1599636612534523 51
1781736466322 0.17088848173618318 52
