1781118459827 1.5646686251201327 1
1781118474272 1.2258215007327853 2
1781118488456 1.0386642766377283 3
1781118503519 1.0364570806896876 4
1781118518391 1.0358143761044456 5
1781118532815 1.0355741069430398 6
1781118549369 1.035496295444549 7
1781118564772 1.035434018997919 8
1781118579128 1.035411202718341 9
1781118593425 1.0353076363366747 10
1781118608064 1.0352061154350403 11
1781118622632 1.035210441029261 12
1781118637313 1.0350957862914554 13
1781118650836 1.0349384867955769 14
1781118665276 1.034900911270626 15
1781118679162 1.0348830923201546 16
1781118692799 1.034632474657089 17
1781118706999 1.0345940116852048 18
1781118721601 1.034406926896837 19
1781118736522 1.0344187986283075 20
1781118751084 1.0343252287970648 21
1781118765417 1.034084435493227 22
1781118780261 1.0340432496297927 23
1781118794828 1.0338489101046608 24
1781118808981 1.0336710990421356 25
1781118824003 1.033596983031621 26
1781118839173 1.033408666413928 27
1781118853307 1.033360549381801 28
1781118866824 1.0330493828606984 29
1781118881105 1.0324705176883273 30
1781118895636 1.0317176883182828 31
1781118909774 1.030777783620925 32
1781118923703 1.0296702138961307 33
1781118937885 1.0275677726382302 34
1781118952287 1.0035974742874267 35
1781118967001 0.9618902310492501 36
1781118982111 0.9297844493199908 37
1781118996996 0.8480953545797438 38
1781119011679 0.8163496634316822 39
1781119025811 0.8076595105822124 40
1781119040540 0.7969464442086598 41
1781119054426 0.7845074061363463 42
1781119141719 0.7704576121436225 43
1781119155868 0.7355765567885505 44
1781119170242 0.7181865781072586 45
1781119184607 0.7062463249479022 46
1781119200049 0.6954949923924038 47
1781119215026 0.6869357426961263 48
1781119228940 0.6776073158733429 49
1781119243231 0.6736542724427723 50
1781119258747 0.6674182556924366 51
1781119274981 0.6525951746910338 52
1781119289056 0.6396483003147064 53
1781119303262 0.6356853208844624 54
1781119316549 0.6224946691876366 55
1781119330561 0.6180909635528685 56
1781119349629 0.614264932889787 57
1781119363971 0.6091055113171774 58
1781119377582 0.6074572186621409 59
1781119391538 0.6050458824823773 60
1781119406570 0.6010980379013788 61
1781119421913 0.5982220508749523 62
1781119437730 0.6003399765680707 63
1781119452279 0.5940102352982476 64
1781119466296 0.5915238289606004 65
1781119480814 0.58974075695825 66
1781119495136 0.5899100762511057 67
1781119509545 0.590573807557424 68
1781119524461 0.5834917960658906 69
1781119540150 0.5827818569682893 70
1781119554330 0.5805315744309199 71
1781119569077 0.5806225930887555 72
1781119583659 0.5774438911014133 73
1781119598002 0.5762423499236031 74
1781119612672 0.5772366320329999 75
1781119628603 0.5737264355023702 76
1781119644014 0.5719347255570548 77
1781119659236 0.5722086301871708 78
1781119674403 0.569882408494041 79
1781119689331 0.5685072394590529 80
1781119703054 0.5675864621760354 81
1781119717318 0.5673337507815588 82
1781119731496 0.5642673756395068 83
1781119746786 0.5650966370862628 84
1781119761848 0.5626824928654565 85
1781119776729 0.5634652361983344 86
1781119790766 0.5615920206857106 87
1781119808758 0.5613500438039265 88
1781119823997 0.5593546061288743 89
