1782644579327 2.3238180577754974 1
1782644586680 2.1687838435173035 2
1782644593591 2.0597889125347137 3
1782644601104 1.9699684530496597 4
1782644608490 1.8722473035256069 5
1782644615811 1.770807147026062 6
1782644623070 1.6679353763659794 7
1782644630270 1.5477597117424011 8
1782644637903 1.421114981174469 9
1782644645307 1.2947777857383092 10
1782644653119 1.1944418549537659 11
1782644661093 1.1021178911129634 12
1782644668700 1.0221243773897488 13
1782644676341 0.949467437962691 14
1782644683477 0.8794670278827349 15
1782644690813 0.8150075525045395 16
1782644698239 0.7535324767231941 17
1782644705840 0.6970874468485514 18
1782644713358 0.6437694976727167 19
1782644720753 0.5914135997494062 20
1782644728023 0.5464358565708002 21
1782644735435 0.4989253891011079 22
1782644743157 0.4592308501402537 23
1782644750595 0.42967570448915166 24
1782644757992 0.3981005574266116 25
1782644765400 0.3696637414395809 26
1782644773873 0.34944035361210507 27
1782644781524 0.32994401827454567 28
1782644789053 0.31228241076072055 29
1782644796562 0.3002602967123191 30
1782644804272 0.28835802525281906 31
1782644812256 0.27741249836981297 32
1782644820781 0.2647423322002093 33
1782644828577 0.25438598295052844 34
1782644836285 0.24956382190187773 35
1782644844425 0.248435877263546 36
1782644852082 0.24085835802058378 37
1782644859254 0.23523486902316412 38
1782644866933 0.2285859938710928 39
1782644875364 0.21952561289072037 40
1782644882809 0.21649191652735075 41
1782644890278 0.2154701699813207 42
1782644897944 0.20883256321152052 43
1782644905685 0.20684058219194412 44
1782644913601 0.20768356882035732 45
1782644921642 0.20448709093034267 46
1782644929520 0.20502940689524016 47
1782644937412 0.19651868318518004 48
1782644945923 0.1942220013588667 49
1782644954087 0.1931677187482516 50
1782644961625 0.1918096827963988 51
1782644969371 0.18700980891784033 52
1782644977225 0.18735490553081036 53
1782644984965 0.18587886231640974 54
1782644992788 0.18217026380201182 55
