1782687300862 1.4590653032064438 1
1782687303953 1.3431885689496994 2
1782687307042 1.304332435131073 3
1782687310101 1.2787698358297348 4
1782687313145 1.2427018582820892 5
1782687316151 1.2222004383802414 6
1782687319161 1.1967499554157257 7
1782687322211 1.181575432419777 8
1782687325214 1.1479262709617615 9
1782687328183 1.1216129958629608 10
1782687331312 1.1068509221076965 11
1782687334380 1.0850350707769394 12
1782687337385 1.0797462165355682 13
1782687340422 1.0471133440732956 14
1782687343478 1.0354810804128647 15
1782687346460 1.0070089176297188 16
1782687349436 0.994393028318882 17
1782687352416 0.962586984038353 18
1782687355482 0.948549173772335 19
1782687358539 0.9241111874580383 20
1782687361521 0.9197032377123833 21
1782687364539 0.8997552990913391 22
1782687367569 0.8674461394548416 23
1782687370588 0.8532177433371544 24
1782687373581 0.8399252966046333 25
1782687376621 0.8229556605219841 26
1782687379689 0.7986819371581078 27
1782687382727 0.7773832008242607 28
1782687385717 0.7545516565442085 29
1782687388726 0.7381719127297401 30
1782687391766 0.7181043773889542 31
1782687394796 0.7024337723851204 32
1782687397869 0.6838121712207794 33
1782687400854 0.6706243976950645 34
1782687403915 0.6623150259256363 35
1782687406951 0.6397701278328896 36
1782687409964 0.6183500811457634 37
1782687413007 0.6074851676821709 38
1782687416027 0.6014958247542381 39
1782687419083 0.5789463520050049 40
1782687422117 0.5549829266965389 41
1782687425133 0.5395431667566299 42
1782687428196 0.5299243256449699 43
1782687431196 0.5115847326815128 44
1782687434203 0.49613260477781296 45
1782687437170 0.47736813873052597 46
1782687440153 0.46759456023573875 47
1782687443233 0.4545164108276367 48
1782687446255 0.44459693878889084 49
1782687449292 0.43226364254951477 50
1782687452346 0.4254405163228512 51
1782687455334 0.41674940660595894 52
1782687458332 0.40308377891778946 53
1782687461342 0.3803586848080158 54
1782687464366 0.3733360655605793 55
1782687467459 0.36995804682374 56
1782687470476 0.3469865694642067 57
1782687473526 0.33985376730561256 58
1782687476569 0.3327021300792694 59
1782687479604 0.32794734463095665 60
1782687482639 0.3113237340003252 61
1782687485669 0.30791741609573364 62
1782687488697 0.30398909747600555 63
1782687491721 0.2952053099870682 64
1782687494801 0.28975000604987144 65
1782687497865 0.2784217968583107 66
1782687500933 0.2720742002129555 67
1782687503945 0.2819815166294575 68
1782687507002 0.2626520413905382 69
1782687510009 0.26430910639464855 70
1782687513035 0.25763554126024246 71
1782687516090 0.24932166934013367 72
1782687519126 0.24158113449811935 73
1782687522121 0.23512784391641617 74
1782687525119 0.2344844900071621 75
1782687528210 0.22943377681076527 76
1782687531253 0.22526775114238262 77
1782687534266 0.22156338766217232 78
1782687537289 0.22008231841027737 79
1782687540307 0.2131123449653387 80
1782687543323 0.21193664707243443 81
1782687546323 0.21456491015851498 82
1782687549376 0.21518075093626976 83
1782687552427 0.20745779015123844 84
1782687555452 0.20630059763789177 85
1782687558482 0.2114996425807476 86
1782687561529 0.19878828525543213 87
1782687564556 0.1996670365333557 88
1782687567564 0.2026225235313177 89
1782687570585 0.19324025884270668 90
