1781989185683 1.2230851941108705 1
1781989253442 1.0386547379493714 2
1781989316285 1.0378921389579774 3
1781989386481 1.037031991004944 4
1781989448087 0.9834659187793732 5
1781989510192 0.904030652999878 6
1781989572408 0.8444005267620087 7
1781989635566 0.7525998601913452 8
1781989698683 0.6782225821018218 9
1781989761880 0.6614284694194794 10
1781989823574 0.6467203061580657 11
1781989886016 0.6362412407398224 12
1781989949176 0.6322097098827362 13
1781990013660 0.6268398158550262 14
1781990076581 0.6238788657188415 15
1781990141000 0.6195005339384079 16
1781990203412 0.6179289021492005 17
1781990268778 0.6151342043876648 18
1781990338230 0.6136440780162812 19
1781990401711 0.6110105912685394 20
1781990466128 0.6058538110256195 21
1781990529209 0.6043165014982224 22
1781990591511 0.5994644055366516 23
1781990656229 0.596963262796402 24
1781990719586 0.5927321636676788 25
1781990781431 0.5915800614356994 26
1781990845495 0.5863332686424255 27
1781990909459 0.5843452150821686 28
1781990970588 0.5792572870254517 29
1781991038762 0.5753774825334549 30
1781991110677 0.5713472467660904 31
1781991176210 0.5687646609544754 32
1781991236981 0.5674580934047699 33
1781991298445 0.5620609064102173 34
1781991359192 0.5585278519392014 35
1781991424056 0.5548507153987885 36
1781991487661 0.552455413222313 37
1781991553371 0.5499311399459839 38
1781991616037 0.5463421335220336 39
1781991696409 0.5442314049005509 40
1781991763174 0.5402083768844604 41
1781991823629 0.5387582864761352 42
1781991888028 0.5363590871095657 43
1781991951800 0.5342675485610962 44
1781992015685 0.5331810097694397 45
1781992078901 0.5301808480024338 46
1781992142899 0.5282493733167648 47
1781992204600 0.5267466267347336 48
1781992267124 0.5260645960569381 49
1781992328207 0.5223056577444076 50
1781992392181 0.5207353783845902 51
1781992452945 0.5175657780170441 52
1781992515769 0.5165929287672043 53
1781992578108 0.5168417810201645 54
1781992640723 0.5133674833774566 55
1781992703054 0.5118382383584976 56
1781992764155 0.5104419652223587 57
1781992830009 0.5087200469970703 58
1781992906101 0.5084495329856873 59
1781992964726 0.5070777786970139 60
1781993026338 0.5046205109357834 61
1781993097157 0.5021447901725768 62
1781993158974 0.5014752479791641 63
1781993219345 0.5009012585878372 64
1781993314068 0.4991564810276031 65
1781993378769 0.49858077192306516 66
1781993438184 0.49889718449115755 67
1781993499746 0.49571817445755006 68
1781993562596 0.49387953627109527 69
1781993623025 0.4926745127439499 70
1781993684743 0.4919335186481476 71
1781993745708 0.4909057886600494 72
1781993807060 0.48969284975528715 73
1781993868502 0.48672062253952025 74
