1782667762375 1.6208522653579711 1
1782667766877 1.5238100004196167 2
1782667771296 1.4288421726226808 3
1782667775720 1.3458929920196534 4
1782667780086 1.2838243627548218 5
1782667784500 1.2204973649978639 6
1782667789129 1.1573857927322388 7
1782667794306 1.0981988000869751 8
1782667799353 1.0379654121398927 9
1782667807370 0.9755243730545043 10
1782667811847 0.9204377865791321 11
1782667816251 0.8637173652648926 12
1782667820734 0.8134513092041016 13
1782667825231 0.7596173715591431 14
1782667829843 0.7080102229118347 15
1782667834294 0.6624291419982911 16
1782667838700 0.6234667205810547 17
1782667843074 0.5755377197265625 18
1782667847498 0.5390940868854522 19
1782667851864 0.5077521705627441 20
1782667856381 0.47279754400253293 21
1782667860809 0.44711312770843503 22
1782667865278 0.4285010755062103 23
1782667869690 0.40653074383735655 24
1782667874105 0.38589767456054686 25
1782667878526 0.3687307977676392 26
1782667884246 0.35914872169494627 27
1782667888669 0.34775583386421205 28
1782667893069 0.3371198093891144 29
1782667897624 0.3294294369220734 30
1782667902079 0.3187203741073608 31
1782667906501 0.31273479998111725 32
1782667911576 0.3072944813966751 33
1782667916020 0.3050575655698776 34
1782667920538 0.3002985030412674 35
1782667924836 0.2945899933576584 36
1782667929385 0.28862079977989197 37
