1782595913095 1.474149912595749 1
1782595919173 1.1685028780590405 2
1782595925164 0.9711401462554932 3
1782595930972 0.8100559494712136 4
1782595944595 0.676576404408975 5
1782595950517 0.5672671943902969 6
1782595956318 0.47743299129334366 7
1782595962239 0.4012777771462094 8
1782595968114 0.3399835872379216 9
1782595973997 0.283547851849686 10
1782595979884 0.23959880525415594 11
1782595985790 0.2045279900458726 12
1782595991712 0.17288825525478882 13
1782595997589 0.15032790804451163 14
1782596003344 0.1365676737305793 15
1782596009255 0.1271052731370384 16
1782596015068 0.11575974744151939 17
1782596021016 0.10541124032302336 18
1782596026842 0.09879795444959943 19
1782596032614 0.09602619995447723 20
1782596038563 0.09050862643529069 21
1782596044393 0.08894751881333915 22
1782596050171 0.0828806043348529 23
1782596056026 0.08249965106899088 24
1782596062124 0.07912565886297009 25
1782596067953 0.07663787799802693 26
1782596073801 0.07762167010117661 27
1782596079760 0.07385512932457707 28
1782596085563 0.07191952351819385 29
1782596091493 0.06925858015363867 30
1782596097465 0.06998707354068756 31
1782596103349 0.06863672150806947 32
1782596109093 0.06478776003826749 33
1782596115293 0.06740401541306214 34
1782596121054 0.06480629369616508 35
1782596127276 0.06448544959791681 36
1782596133232 0.0631292558867823 37
1782596139151 0.06332335341721773 38
1782596144949 0.06244982203299349 39
1782596150962 0.06142535560171713 40
1782596156942 0.059750490229238166 41
1782596162794 0.060181679712100464 42
1782596168727 0.058057285167954185 43
1782596174544 0.05936268742450259 44
1782596180582 0.05822315287183632 45
1782596186374 0.055345489135520023 46
1782596192247 0.05655543573878028 47
1782596198164 0.05629512836987322 48
1782596203977 0.05640327964316715 49
1782596209762 0.05512180043892427 50
