1782652888587 2.7176003784968934 1
1782652904553 2.482638794800331 2
1782652922676 2.290344674011757 3
1782652937772 2.0918476787106743 4
1782652953632 1.893675265641048 5
1782652969371 1.7036945326574917 6
1782652984570 1.5255640169669842 7
1782653009130 1.363043472684663 8
1782653025061 1.2326230386207844 9
1782653040785 1.1276041762582187 10
1782653056703 1.0443436195110452 11
1782653072093 0.9775789482840176 12
1782653088314 0.9215137691333376 13
1782653104888 0.8777196037358251 14
1782653119676 0.8337810142286892 15
1782653135647 0.7980287383342611 16
1782653151069 0.7672092174661571 17
1782653167877 0.7358542680740356 18
1782653182958 0.7095657669264694 19
1782653198662 0.6885811378215921 20
1782653214710 0.6701671851092371 21
1782653229915 0.6484672509390732 22
