1782653716228 1.510966796875 1
1782653720969 1.434201593399048 2
1782653725693 1.3718882989883423 3
1782653730580 1.3098946475982667 4
1782653735152 1.2461315393447876 5
1782653739898 1.1828294944763185 6
1782653744570 1.119797534942627 7
1782653749330 1.0549204134941101 8
1782653754238 0.9915883684158325 9
1782653759088 0.9312818002700806 10
1782653763739 0.872569682598114 11
1782653768606 0.8171437001228332 12
1782653773930 0.7563971138000488 13
1782653778824 0.7000394535064697 14
1782653783866 0.6475305271148681 15
1782653788923 0.6031288862228393 16
1782653793759 0.5580687844753265 17
1782653798641 0.5219522130489349 18
1782653803427 0.48422582268714903 19
1782653808302 0.4501447904109955 20
1782653812985 0.4237740612030029 21
1782653817998 0.40155835390090944 22
1782653822762 0.3843595027923584 23
1782653827769 0.36250872373580934 24
