1782662263454 1.5162692666053772 1
1782662265067 1.422333613038063 2
1782662266724 1.3652012050151825 3
1782662268404 1.3293936550617218 4
1782662270089 1.3099081963300705 5
1782662271819 1.2883757799863815 6
1782662273554 1.2577962577342987 7
1782662275197 1.22878298163414 8
1782662276851 1.2112381607294083 9
1782662278530 1.1793371140956879 10
1782662280169 1.1667638719081879 11
1782662281868 1.1362423449754715 12
1782662283529 1.1178787499666214 13
1782662285240 1.1091072708368301 14
1782662286930 1.0696839690208435 15
1782662288580 1.0516129285097122 16
1782662290205 1.0308081358671188 17
1782662291791 1.0013930350542068 18
1782662293450 0.9793181717395782 19
1782662295137 0.9510071203112602 20
1782662296825 0.9378628060221672 21
1782662298499 0.9173489362001419 22
1782662300179 0.8900163695216179 23
1782662301845 0.866453692317009 24
1782662303547 0.8570076823234558 25
1782662305169 0.8201949894428253 26
1782662306764 0.8056516423821449 27
1782662308443 0.788597010076046 28
1782662310190 0.758401945233345 29
1782662311858 0.7542476803064346 30
1782662313504 0.7196007370948792 31
1782662315167 0.6946079358458519 32
1782662316856 0.6809911802411079 33
1782662318611 0.6532925739884377 34
1782662320284 0.6419194489717484 35
1782662321989 0.6218457520008087 36
1782662323647 0.6122076138854027 37
1782662325266 0.6029177382588387 38
1782662326896 0.5793154388666153 39
1782662328560 0.6017890200018883 40
1782662330220 0.5800370648503304 41
1782662331960 0.5613388940691948 42
1782662333615 0.537756409496069 43
1782662335266 0.513436958193779 44
1782662337028 0.49548474699258804 45
1782662338673 0.48568882793188095 46
1782662340279 0.46089449897408485 47
1782662341902 0.45079371333122253 48
