1782686013924 2.2415537734826407 1
1782686023425 2.1250239511330924 2
1782686033155 2.00407083829244 3
1782686042651 1.875343124071757 4
1782686052189 1.7356134951114655 5
1782686061587 1.5915029495954514 6
1782686071143 1.4501628627379735 7
1782686080590 1.3187335828940074 8
1782686090298 1.2012335360050201 9
1782686099836 1.1003892421722412 10
1782686109409 1.0167892848451932 11
1782686118880 0.94780632853508 12
1782686128458 0.8893501261870066 13
1782686137913 0.8376217409968376 14
1782686148378 0.7926677390933037 15
1782686160476 0.7557917435963949 16
1782686170118 0.7222462246815363 17
1782686179635 0.6912304187814394 18
1782686189044 0.6586901843547821 19
1782686198599 0.6309093311429024 20
1782686208140 0.6035170629620552 21
1782686217780 0.5778306598464648 22
1782686227411 0.5541988859574 23
1782686236903 0.5305370117227236 24
1782686246376 0.5045421694715818 25
1782686255815 0.4784610830247402 26
1782686265217 0.4550912181536357 27
1782686274719 0.4350658655166626 28
1782686284305 0.41297659402092296 29
1782686293825 0.3904358285168807 30
1782686303462 0.3696018730600675 31
1782686312957 0.352284283687671 32
1782686322431 0.3366539130608241 33
1782686332176 0.3204603927830855 34
1782686341655 0.3081110914548238 35
1782686351283 0.2986057947079341 36
1782686360842 0.2903582577904065 37
1782686370791 0.27707192301750183 38
1782686380446 0.2661242261528969 39
1782686390069 0.2574002978702386 40
1782686399669 0.25067237329979736 41
1782686409206 0.24350494829316935 42
1782686418743 0.2373405775676171 43
1782686428206 0.2303015273064375 44
1782686437648 0.22426646451155344 45
1782686447128 0.22040829372902712 46
1782686456564 0.21491217675308386 47
1782686466119 0.20967048592865467 48
1782686475615 0.20870193963249525 49
1782686485332 0.20222604709366956 50
1782686494904 0.19701602682471275 51
1782686504377 0.19118033659954867 52
1782686513865 0.190069030970335 53
1782686523466 0.1861451348910729 54
