1779991894594 1.38014882344466 1
1779991952203 1.0706615386865077 2
1779992009126 1.064484437306722 3
1779992064019 1.0572790671617558 4
1779992119018 1.047425994506249 5
1779992174192 1.0386866010152376 6
1779992229357 1.0287348123697133 7
1779992284679 1.0208772940513415 8
1779992340146 1.0153562044486022 9
1779992396160 1.0050484247696705 10
1779992451360 0.9991950071774997 11
1779992507126 1.000506804539607 12
1779992561905 0.986676478997255 13
1779992617010 0.9798331596912482 14
1779992672994 0.9825623478644934 15
1779992728411 0.97634691458482 16
1779992783931 0.9733183934138372 17
1779992839844 0.9647462184612567 18
1779992895173 0.9579941783195887 19
1779992950276 0.9607371382224255 20
1779993006779 0.9552980936490573 21
1779993135514 0.9455948685988401 22
