1782667691990 2.1140336096286774 1
1782667706185 1.981472169359525 2
1782667714305 1.8855045090119045 3
1782667722619 1.8063143193721771 4
1782667730303 1.72620656589667 5
1782667738033 1.6365306625763576 6
1782667745717 1.539057378967603 7
1782667753582 1.4370722671349843 8
1782667761427 1.3359477718671162 9
1782667769471 1.2367518246173859 10
1782667777320 1.1423310339450836 11
1782667784753 1.0455645446976025 12
1782667793235 0.9605093697706858 13
1782667801103 0.8861405452092489 14
1782667811762 0.8215681488315264 15
1782667820494 0.7650116110841433 16
1782667828252 0.6974039201935133 17
1782667836808 0.6392324343323708 18
1782667844490 0.5889085754752159 19
1782667852710 0.5387981372574965 20
1782667860955 0.49206075817346573 21
1782667869349 0.4525963154931863 22
1782667876805 0.42223041007916134 23
1782667886050 0.39077068244417507 24
1782667893324 0.35870729635159176 25
1782667901187 0.33686503147085506 26
1782667909024 0.3153706875940164 27
1782667917648 0.3021891837318738 28
1782667925309 0.2850243045638005 29
1782667933002 0.26696127156416577 30
1782667940726 0.25818816758692265 31
1782667948738 0.25065503517786664 32
1782667956315 0.2414344015220801 33
1782667964067 0.233256408944726 34
1782667972282 0.23183547084530196 35
1782667980366 0.22316140246888003 36
1782667988158 0.21221795864403248 37
1782667996030 0.21426403522491455 38
1782668004827 0.20664010755717754 39
