1783496594973 3.143248936225628 1
1783496610998 2.927591381401851 2
1783496626760 2.736067829460933 3
1783496642448 2.5378558142431853 4
1783496657843 2.3414136459087502 5
1783496673503 2.142123279900386 6
1783496688611 1.9390483724659886 7
1783496704897 1.7418675669308366 8
1783496721343 1.5580874969219338 9
1783496736936 1.3892807919403602 10
1783496753175 1.2451855848575462 11
1783496769926 1.1324691155861164 12
1783496785804 1.0399492670749795 13
1783496801117 0.9666328759028994 14
1783496816823 0.8900478708332983 15
1783496833805 0.8331861865931544 16
1783496850037 0.7850348990539024 17
1783496865364 0.7419501604705021 18
1783496881914 0.7069986483146404 19
1783496898894 0.6832657394738033 20
1783496915796 0.6579829495528648 21
1783496931741 0.6327990745675975 22
1783496948641 0.6156578146178147 23
1783496963986 0.597236561364141 24
1783496979596 0.5892200326097423 25
1783496996197 0.5771836432917364 26
1783497011762 0.563692569732666 27
1783497028237 0.5528635711505495 28
1783497044140 0.5427065286143072 29
1783497059833 0.5356903240598482 30
1783497076149 0.5305932801345299 31
1783497092468 0.5254017926495651 32
1783497107786 0.5155132895913618 33
1783497123630 0.5105734046163231 34
1783497140416 0.5058824265825337 35
1783497156178 0.5009578856928595 36
1783497172508 0.5018124570106638 37
1783497189008 0.49398625513602945 38
1783497204345 0.49688808054759587 39
1783497220882 0.4916590719387449 40
1783497236760 0.48799223735414704 41
1783497253602 0.4853305621393796 42
1783497270268 0.48032092945329075 43
1783497286335 0.4784305054565956 44
1783497303236 0.4783289422248972 45
1783497319799 0.47775205969810486 46
1783497336182 0.47334813866122016 47
1783497351836 0.47463557329671135 48
1783497367510 0.4712292017607853 49
1783497383609 0.47352463212506524 50
1783497399623 0.4656384854481138 51
1783497415537 0.46602579231919916 52
1783497430937 0.4666104676394627 53
1783497447313 0.4632243812084198 54
1783497463757 0.464077104782236 55
1783497480173 0.4617881271345862 56
1783497496599 0.4654640781468359 57
1783497512973 0.46112842498154477 58
