1781346918319 1.4252750921249389 1
1781346922272 0.9985971641540528 2
1781346926280 0.8803462600708007 3
1781346930214 0.83100825548172 4
1781346934257 0.7178395485877991 5
1781346938329 0.6829209709167481 6
1781346942421 0.7016543674468995 7
1781346946421 0.6595510029792786 8
1781346950623 0.6351517248153686 9
1781346954602 0.6159071350097656 10
1781346958549 0.6014215445518494 11
1781346962638 0.60817458152771 12
1781346966681 0.609964063167572 13
1781346970788 0.56815669298172 14
1781346974653 0.5383612012863159 15
1781346978679 0.5084572422504425 16
1781346982655 0.4863558602333069 17
1781346986675 0.4598479759693146 18
1781346990719 0.4455504322052002 19
1781346994770 0.44215460658073424 20
1781346998767 0.4276761269569397 21
1781347002735 0.42175501823425293 22
1781347006884 0.40770291924476626 23
1781347011021 0.3939492857456207 24
1781347015155 0.3852023661136627 25
1781347019138 0.3732359230518341 26
1781347023082 0.37507556676864623 27
1781347026774 0.37857216596603394 28
1781347030482 0.358054586648941 29
1781347034050 0.3587417757511139 30
1781347037658 0.3468273019790649 31
1781347041318 0.3426934254169464 32
1781347044962 0.33506993770599364 33
1781347048665 0.3390121448040009 34
1781347052366 0.32560807585716245 35
1781347056141 0.33584133386611936 36
1781347059825 0.3269127655029297 37
1781347063437 0.3147327291965485 38
1781347067214 0.30983865618705747 39
1781347071018 0.30823727369308473 40
1781347074827 0.3170394277572632 41
1781347078657 0.3030008280277252 42
1781347082585 0.3008595198392868 43
1781347086285 0.3029270362854004 44
1781347089970 0.29213001728057864 45
1781347093645 0.2905748039484024 46
1781347097354 0.2912387764453888 47
1781347100994 0.2829714781045914 48
1781347104684 0.2820601636171341 49
1781347108483 0.2796672666072845 50
1781347112185 0.27855466783046723 51
1781347115868 0.27353448390960694 52
1781347119548 0.27611939251422885 53
1781347123144 0.27811600983142853 54
1781347126869 0.27787635624408724 55
1781347130582 0.275670999288559 56
1781347134307 0.2777592772245407 57
1781347138027 0.2765373921394348 58
1781347141594 0.26673865377902983 59
1781347145326 0.26902897357940675 60
1781347149025 0.2726499873399735 61
1781347152815 0.26262363374233244 62
1781347156480 0.25812449991703035 63
1781347160219 0.2630372083187103 64
1781347164075 0.25891133069992067 65
1781347167900 0.2571449673175812 66
1781347171554 0.2587080132961273 67
1781347175281 0.26035405695438385 68
1781347178996 0.25479697197675705 69
1781347182773 0.2536086648702621 70
1781347186457 0.2602637469768524 71
1781347190279 0.2559057885408402 72
1781347194025 0.25078516006469725 73
1781347197795 0.24951092302799224 74
1781347201432 0.2484966778755188 75
1781347205084 0.24863723993301393 76
1781347208658 0.24783177733421324 77
1781347212296 0.24930088400840758 78
1781347215901 0.24762947618961334 79
1781347219670 0.24644951343536378 80
1781347223311 0.2468636840581894 81
1781347227013 0.2567896544933319 82
1781347230918 0.2515787583589554 83
1781347234764 0.2468531221151352 84
1781347238472 0.24560069680213928 85
1781347242087 0.24527020633220672 86
1781347245737 0.2469794797897339 87
1781347249777 0.2440318888425827 88
1781347253646 0.24656406819820403 89
1781347257290 0.25616789519786837 90
1781347260966 0.25218513906002044 91
1781347264662 0.24491698324680328 92
