1781205176812 1.5724294545158508 1
1781205193496 1.3351799798390223 2
1781205209821 1.0448729064729478 3
1781205227015 1.0376652308872767 4
1781205241929 1.0363841283889044 5
1781205258194 1.0359051303258018 6
1781205274346 1.0356852856893388 7
1781205289964 1.0355624982288905 8
1781205305599 1.0355615048181444 9
1781205321733 1.0353017004709395 10
1781205337367 1.035562551210797 11
1781205352687 1.0352225209039354 12
1781205369701 1.0349457074725439 13
1781205387375 1.034930499773177 14
1781205403843 1.0347061459980313 15
1781205420367 1.034538501784915 16
1781205438605 1.034493086830018 17
1781205456037 1.0342757493730574 18
1781205473211 1.0340845244271415 19
1781205488799 1.0339857680456979 20
1781205506202 1.033700008240957 21
1781205520695 1.0334428681267633 22
1781205537054 1.0331963414237613 23
1781205553653 1.0327812206177485 24
1781205569422 1.031826554782807 25
1781205585421 1.0257208404086886 26
1781205602696 1.0185508046831404 27
1781205620079 1.0048408555606054 28
1781205636358 0.9810636119237022 29
1781205652287 0.9573119188111926 30
1781205668446 0.8917008108562894 31
1781205684560 0.8692813099376739 32
1781205700935 0.8459937941460383 33
1781205715920 0.820880375211201 34
1781205732203 0.7901282897071232 35
1781205747973 0.756205279675741 36
1781205762974 0.7330046210970197 37
1781205777724 0.71792110091164 38
1781205794096 0.7060766409313868 39
1781205810980 0.6964210186685834 40
1781205827357 0.6877405435319931 41
1781205844321 0.6796646477684142 42
1781205861171 0.6765169974357362 43
1781205876634 0.6697753279928177 44
1781205892878 0.666319263359857 45
1781205909432 0.6686699125501845 46
1781205925832 0.6591186466671172 47
1781205944203 0.659040267505343 48
1781205960093 0.65525983534162 49
1781205978004 0.6509047131689768 50
1781205992951 0.6463356557346526 51
1781206009032 0.6505994087173825 52
1781206024775 0.6447777066911969 53
1781206041419 0.6429618228049505 54
1781206058518 0.641418823174068 55
1781206075828 0.639792139568026 56
1781206093294 0.6358471597943988 57
1781206116177 0.635956138845474 58
1781206132494 0.6349662892402165 59
1781206148585 0.6304385425552489 60
1781206164035 0.6322306914935036 61
1781206180576 0.631841242313385 62
1781206197302 0.6291407734628708 63
1781206215542 0.6263642840915256 64
1781206232178 0.6288089903574141 65
1781206249111 0.6237748880234976 66
1781206263820 0.6213401972301422 67
1781206280038 0.6258638245718819 68
1781206296677 0.6199930745457846 69
1781206313123 0.6191995200656709 70
1781206328918 0.6203981202746195 71
1781206344808 0.6153889818797036 72
1781206362115 0.6171372603802454 73
1781206379248 0.6157870973859515 74
1781206396120 0.6136725100259932 75
1781206411221 0.6132403158006214 76
1781206427765 0.6116938836990841 77
1781206444487 0.6112034453286065 78
1781206461850 0.6087230339882865 79
1781206478156 0.6056774268074642 80
1781206493360 0.6054591328378708 81
1781206510314 0.605587847649105 82
1781206525677 0.6036857101652358 83
1781206542028 0.6027045070178925 84
1781206557883 0.6000685398540799 85
1781206572891 0.6016571143316845 86
1781206588643 0.5997678722654071 87
1781206607233 0.5980040506711082 88
1781206623538 0.5959255288517664 89
1781206640716 0.595768887372244 90
1781206656391 0.5946351876334538 91
1781206672728 0.5934216365927741 92
1781206689089 0.5945876978692555 93
1781206706257 0.5919475905478947 94
1781206722686 0.5932516190740798 95
1781206740428 0.5913818327207414 96
1781206756820 0.5895905579839434 97
1781206773641 0.5904647390993815 98
1781206789707 0.5887585272864689 99
1781206805383 0.588742819097307 100
