1783495733771 1.5815400508317081 1
1783495740100 1.2691381194374778 2
1783495746264 1.0355630015785044 3
1783495752441 0.8380217619917609 4
1783495758724 0.6754725805737756 5
1783495764998 0.5448596755212004 6
1783495771444 0.441245859996839 7
1783495777673 0.3584098375656388 8
1783495783897 0.2920390448786996 9
1783495790295 0.2446739263832569 10
1783495796662 0.20494685525243933 11
1783495806281 0.1745068220929666 12
1783495813010 0.14969642223282295 13
1783495819389 0.1345112548971718 14
1783495825704 0.12210134755481374 15
1783495832098 0.11467986689372496 16
1783495838348 0.10798847641457211 17
1783495844490 0.10002895021303133 18
1783495850811 0.09523449550298127 19
1783495857167 0.09208512119948864 20
1783495863627 0.08795548653738065 21
1783495869857 0.08526360006494955 22
1783495876118 0.08308926156976006 23
1783495882501 0.07986044985326854 24
1783495888585 0.07856407355178487 25
1783495894822 0.07876393977891315 26
1783495901220 0.07647261057387698 27
1783495907516 0.07494626160372388 28
1783495913981 0.07200637612153184 29
1783495920247 0.07081781725653193 30
1783495926547 0.06941454120996324 31
1783495932754 0.06967610044574196 32
1783495939142 0.06769780484451489 33
1783495945250 0.06670657486062158 34
1783495951574 0.06660945942117409 35
1783495957712 0.06487806522372094 36
1783495963887 0.06541293470019643 37
1783495970339 0.06154823972081596 38
1783495976642 0.060548264448615635 39
1783495982860 0.06230976229364222 40
1783495988898 0.06015565441074697 41
1783495995176 0.060604631308127536 42
1783496001479 0.06186759751290083 43
1783496007755 0.05977068799124523 44
1783496014059 0.05875444175167517 45
1783496020468 0.05778490624983202 46
1783496026805 0.059428870169953865 47
1783496033301 0.05741158813576807 48
1783496039776 0.056011625650254165 49
1783496046226 0.05481256332925775 50
1783496052666 0.05334454647858034 51
1783496059016 0.056214597838168796 52
1783496065322 0.05612959103150801 53
1783496071869 0.0539834750816226 54
