1782732731154 1.4082580208778381 1
1782732734093 1.2377841472625732 2
1782732737104 1.1866235435009003 3
1782732740068 1.1441439539194107 4
1782732743032 1.1182250678539276 5
1782732746064 1.0910741984844208 6
1782732749022 1.0704012513160706 7
1782732751932 1.0546837151050568 8
1782732754895 1.0215242952108383 9
1782732757945 1.0041399598121643 10
1782732761003 0.9876154139637947 11
1782732763985 0.9626367464661598 12
1782732766968 0.9466628432273865 13
1782732769999 0.9425081610679626 14
1782732772989 0.9117533192038536 15
1782732775971 0.9028781205415726 16
1782732778944 0.8880404382944107 17
1782732781908 0.8641974106431007 18
1782732784857 0.8407938107848167 19
1782732787801 0.833682008087635 20
1782732790718 0.8109088018536568 21
1782732793724 0.8013403415679932 22
1782732796665 0.7847057580947876 23
1782732799675 0.7624074816703796 24
1782732802651 0.7447175607085228 25
1782732805635 0.7250123471021652 26
1782732808620 0.7118838280439377 27
1782732811561 0.7036802694201469 28
1782732814503 0.6850165575742722 29
1782732817440 0.6753034070134163 30
1782732820391 0.6563583761453629 31
1782732823406 0.650796689093113 32
1782732826443 0.6240274459123611 33
1782732829432 0.6097903922200203 34
1782732832474 0.6051346436142921 35
1782732835445 0.5989703387022018 36
1782732838410 0.5713773667812347 37
1782732841378 0.5548537895083427 38
1782732844291 0.5444023683667183 39
1782732847267 0.522844236344099 40
1782732850257 0.5141382738947868 41
1782732853176 0.5019596926867962 42
1782732856131 0.48863980919122696 43
1782732859127 0.4787222035229206 44
1782732862065 0.479246586561203 45
1782732865021 0.46084750071167946 46
1782732868000 0.44870471581816673 47
1782732871005 0.42676371708512306 48
1782732873953 0.42239637672901154 49
1782732876908 0.4081495441496372 50
1782732879887 0.3980260565876961 51
1782732882839 0.37774986401200294 52
1782732885849 0.380132507532835 53
1782732888861 0.37651753425598145 54
1782732891890 0.35721201822161674 55
1782732894888 0.35883528366684914 56
1782732897835 0.3508957661688328 57
1782732900839 0.33122343569993973 58
1782732903885 0.32484565675258636 59
1782732906884 0.33039670065045357 60
1782732909916 0.31594544649124146 61
1782732912968 0.309710580855608 62
1782732915976 0.29737431928515434 63
1782732918947 0.29888890124857426 64
1782732921926 0.2868938185274601 65
1782732924852 0.27653899043798447 66
1782732927790 0.2764577865600586 67
1782732930795 0.263237776234746 68
1782732933812 0.269256005063653 69
1782732936783 0.259142542257905 70
1782732939762 0.2545297984033823 71
1782732942700 0.24492123909294605 72
1782732945675 0.24373619817197323 73
1782732948647 0.2435009442269802 74
1782732951634 0.23590930551290512 75
1782732954560 0.23651390708982944 76
1782732957536 0.23302877321839333 77
1782732960509 0.2339428886771202 78
1782732963524 0.22965877316892147 79
1782732966507 0.23194562830030918 80
1782732969478 0.22561928629875183 81
1782732972467 0.2189814280718565 82
1782732975507 0.23589781299233437 83
1782732978525 0.23002974316477776 84
1782732981504 0.22073048166930676 85
1782732984480 0.28348093293607235 86
1782732987422 0.30907928198575974 87
1782732990381 0.27472883090376854 88
1782732993391 0.25292632170021534 89
