1778221144706 1.579739824771881 1
1778221245677 1.3113927807807921 2
1778221346652 1.1471800990104675 3
1778221447791 0.9682868943214417 4
1778221548436 0.5562173424959183 5
1778221648646 0.28215574157238005 6
1778222198883 0.22997544801235198 7
1778222296849 0.21318837895989418 8
1778222395090 0.19912777876853943 9
1778222494606 0.19627662271261215 10
1778222595271 0.19327568316459656 11
1778222695557 0.18667272743582725 12
1778222796213 0.18356784754991531 13
1778222896641 0.18593353500962256 14
1778222998151 0.17681393423676492 15
