1783012799609 1.6020788431167603 1
1783012800852 1.436997938156128 2
1783012802095 1.3635164737701415 3
1783012803282 1.30973961353302 4
1783012804495 1.2694770336151122 5
1783012805719 1.228433895111084 6
1783012806886 1.1993115663528442 7
1783012808073 1.1620014429092407 8
1783012809230 1.1334231615066528 9
1783012810471 1.1099402904510498 10
1783012811693 1.0824522495269775 11
1783012812892 1.0510112047195435 12
1783012814090 1.0229248046875 13
1783012815307 0.9965012907981873 14
1783012816615 0.9678279399871826 15
1783012817814 0.9533093810081482 16
1783012818982 0.9158667802810669 17
1783012820136 0.9016324877738953 18
1783012821285 0.876574182510376 19
1783012822480 0.8492565274238586 20
1783012823701 0.8260264039039612 21
1783012824922 0.8018051624298096 22
1783012826138 0.7744632244110108 23
1783012827314 0.7579962730407714 24
1783012828535 0.7401926279067993 25
1783012829762 0.7260983467102051 26
1783012830918 0.7047127723693848 27
1783012832128 0.7011307358741761 28
1783012833298 0.6750218152999878 29
1783012834532 0.6624891281127929 30
1783012835716 0.6347772598266601 31
1783012836915 0.6194405078887939 32
1783012838062 0.6095994710922241 33
1783012839279 0.5915337920188903 34
1783012840437 0.5790070533752442 35
1783012841639 0.5640834212303162 36
1783012842835 0.5498161792755127 37
1783012844035 0.5307754755020142 38
1783012845255 0.5180157899856568 39
1783012846471 0.5017098009586334 40
1783012847689 0.4919205367565155 41
1783012848861 0.48128103017807006 42
1783012850026 0.4707572221755981 43
1783012851203 0.465257728099823 44
1783012852348 0.45690399408340454 45
1783012853559 0.4404869437217712 46
1783012854746 0.43650743961334226 47
1783012855903 0.4317363202571869 48
1783012857148 0.4188812255859375 49
1783012858380 0.41518002152442934 50
1783012859590 0.4088776171207428 51
1783012860753 0.3956973910331726 52
1783012861932 0.3864034652709961 53
1783012863099 0.4006675899028778 54
1783012864270 0.42698472142219546 55
1783012865496 0.3937473714351654 56
1783012866663 0.3746448576450348 57
1783012867870 0.3688193500041962 58
1783012869057 0.35514186024665834 59
1783012870253 0.3487900197505951 60
1783012871416 0.33545747995376585 61
1783012872594 0.33685542345047 62
1783012873785 0.32578301429748535 63
