1782604360693 2.3353511889775596 1
1782604368393 2.181486576795578 2
1782604376237 2.068904290596644 3
1782604383744 1.9634521007537842 4
1782604391474 1.8552686721086502 5
1782604398676 1.740406647324562 6
1782604406591 1.6178005288044612 7
1782604414859 1.485285262266795 8
1782604423051 1.354513257741928 9
1782604430873 1.22533185283343 10
1782604438835 1.1023799578348796 11
1782604446908 0.978916252652804 12
1782604454568 0.8772508675853411 13
1782604462266 0.7974588423967361 14
1782604470468 0.7248031298319498 15
1782604478364 0.655152993897597 16
1782604486475 0.5934518774350485 17
1782604494394 0.535611112912496 18
1782604502118 0.4835889699558417 19
1782604509929 0.44101061671972275 20
1782604517899 0.39648901546994847 21
1782604526424 0.35604185859362286 22
1782604534307 0.3291219708820184 23
1782604542309 0.3023410091797511 24
1782604549898 0.27465246617794037 25
1782604557928 0.2602445390075445 26
1782604565537 0.2433816765745481 27
1782604573279 0.22644777409732342 28
1782604581450 0.21106344958146414 29
1782604589311 0.20215895461539427 30
1782604597378 0.19409291818737984 31
1782604605708 0.188398947318395 32
1782604613434 0.18034274938205877 33
1782604621185 0.17148969136178493 34
1782604628810 0.16598205578823885 35
1782604636035 0.16370848876734576 36
1782604644372 0.1599723951270183 37
1782604651583 0.15518145449459553 38
1782604659201 0.15012049240370592 39
1782604666977 0.14555620526274046 40
1782604674628 0.14689200961341461 41
1782604682485 0.14463558668891588 42
1782604690679 0.14322621996204057 43
1782604699022 0.14092369377613068 44
1782604706847 0.13662250339984894 45
1782604714577 0.13313881307840347 46
1782604722978 0.13680003738651672 47
1782604730959 0.140558997169137 48
1782604738839 0.13250802860905728 49
1782604746405 0.1285671228542924 50
