1782376936171 1.560725574493408 1
1782376940869 1.4316572666168212 2
1782376945677 1.339307084083557 3
1782376950222 1.273429379463196 4
1782376955256 1.2126512432098389 5
1782376960167 1.1560733461380004 6
1782376964974 1.099527463912964 7
1782376969914 1.0448988437652589 8
1782376974715 0.9943259358406067 9
1782376979540 0.9382499241828919 10
1782376984421 0.8869162249565125 11
1782376989144 0.8356824064254761 12
1782376993952 0.787254991531372 13
1782376998567 0.7373754644393921 14
1782377003483 0.6940763378143311 15
1782377008124 0.6474945974349976 16
1782377012795 0.6041117644309998 17
1782377017649 0.5667933750152588 18
1782377022843 0.5254970347881317 19
1782377027605 0.4906549894809723 20
1782377032250 0.4584243071079254 21
1782377037095 0.43051817655563357 22
1782377041915 0.4014634573459625 23
1782377046749 0.3793899190425873 24
1782377051797 0.3672924041748047 25
1782377056491 0.347946617603302 26
1782377061313 0.33085531771183013 27
1782377065968 0.3199602282047272 28
1782377070568 0.30815918803215026 29
1782377075308 0.29867700695991517 30
1782377079887 0.29196921944618226 31
1782377084646 0.2829920536279678 32
1782377089307 0.276882649064064 33
1782377094116 0.2719346535205841 34
1782377099082 0.26836878538131714 35
1782377103805 0.2623737055063248 36
1782377108306 0.2564262783527374 37
1782377113111 0.2547525441646576 38
1782377117886 0.2549415224790573 39
1782377122584 0.2519828850030899 40
1782377127553 0.24809331834316253 41
1782377132490 0.24633695542812348 42
1782377136922 0.24306187450885772 43
1782377141676 0.24493018329143523 44
