1782662254394 2.3918296557206373 1
1782662259761 2.258183919466459 2
1782662264879 2.180318520619319 3
1782662270022 2.116168058835543 4
1782662275600 2.046726795343252 5
1782662280761 1.976145258316627 6
1782662286580 1.912784301317655 7
1782662291879 1.8452903765898485 8
1782662296974 1.7709155632899358 9
1782662302346 1.7034503863408015 10
1782662307705 1.633160059268658 11
1782662313240 1.563899645438561 12
1782662318627 1.5029669724977934 13
1782662324173 1.437296674801753 14
1782662329473 1.3659572142821093 15
1782662334569 1.3064390696012056 16
1782662340045 1.246701900775616 17
1782662345636 1.1917752944506133 18
1782662351616 1.15100608422206 19
1782662356752 1.0984145861405592 20
1782662362577 1.0638660100790172 21
1782662367472 1.0219570123232329 22
1782662372655 0.9829918788029597 23
1782662377880 0.9560132943666898 24
1782662383400 0.9067462820273179 25
1782662388732 0.8846958187910227 26
1782662393569 0.854999656860645 27
1782662399073 0.8230546208528372 28
1782662405000 0.7858978509902954 29
1782662410275 0.7591684323090774 30
1782662415835 0.7367421892973093 31
1782662420742 0.7065090445371774 32
1782662425646 0.6843150624862084 33
1782662430752 0.6667542961927561 34
1782662435797 0.6484493063046382 35
1782662440639 0.628556815477518 36
1782662445815 0.6133780112633338 37
1782662451031 0.605457406777602 38
1782662456233 0.5910319364987887 39
1782662461587 0.5740262820170476 40
1782662466515 0.5557043965046222 41
1782662471644 0.5434219470390906 42
1782662476966 0.5423889435254611 43
1782662482069 0.5281067742751195 44
1782662487318 0.5139342752786783 45
1782662492625 0.49848366242188674 46
1782662497706 0.5009459417599899 47
1782662503127 0.4964279807530917 48
1782662508535 0.4984339429781987 49
1782662513338 0.4783218617622669 50
1782662518393 0.46828309847758365 51
1782662523551 0.46480037157352155 52
1782662529568 0.45643441722943234 53
1782662534868 0.4430369528440329 54
1782662539965 0.443587438418315 55
1782662545042 0.4424030276445242 56
1782662550031 0.44195422530174255 57
1782662555175 0.4393407908769754 58
1782662560451 0.4257789598061488 59
1782662565422 0.4323079219231239 60
1782662570142 0.4273325502872467 61
1782662575230 0.4065402379402748 62
1782662579995 0.4153192387177394 63
1782662585703 0.4133784518792079 64
1782662591153 0.41267162790665257 65
