1782602531449 1.3601392534646122 1
1782602536908 1.0590619580312208 2
1782602542721 0.8934032889929685 3
1782602548158 0.7502522400834344 4
1782602553872 0.6021079109473662 5
1782602559500 0.4886600781570781 6
1782602565194 0.39611461623148486 7
1782602570677 0.3183990337631919 8
1782602576212 0.2570568130097606 9
1782602581856 0.21780179407108913 10
1782602587389 0.17881762845949692 11
1782602592844 0.15183003449981863 12
1782602598429 0.1379101484675299 13
1782602603996 0.12464890104125846 14
1782602609597 0.11646277254278009 15
1782602615214 0.10719658535989848 16
1782602621026 0.10555629195137457 17
1782602626700 0.09895400584421375 18
1782602632328 0.09644723175601526 19
1782602637863 0.09087613716044209 20
1782602643351 0.08906882798129862 21
1782602648752 0.0857763175259937 22
1782602654459 0.08455258099870248 23
1782602660232 0.08198844793845307 24
1782602666050 0.07998011261224747 25
1782602671776 0.07760964723473246 26
1782602677330 0.07692663659426299 27
1782602683154 0.07690131799741225 28
1782602688821 0.072247176007791 29
1782602694452 0.07083926459943707 30
1782602700168 0.06885164036330851 31
1782602705664 0.07068847145207903 32
1782602711279 0.06835329668088393 33
1782602716757 0.06596445927227085 34
1782602722345 0.06693920721723275 35
1782602727926 0.06557579973543232 36
1782602733653 0.06474967072294517 37
1782602739129 0.06353659995577553 38
1782602744697 0.06330726219510491 39
1782602750215 0.06166764873672615 40
1782602755694 0.061837691136381844 41
