1782651192756 1.6020787715911866 1
1782651193920 1.4369979858398438 2
1782651195058 1.3635165691375732 3
1782651196216 1.3097396850585938 4
1782651197399 1.2694769620895385 5
1782651198554 1.2284339427948 6
1782651199759 1.1993115425109864 7
1782651200917 1.1620014667510987 8
1782651202111 1.1334231615066528 9
1782651203262 1.109940242767334 10
1782651204408 1.0824522256851197 11
1782651205593 1.0510112047195435 12
1782651206746 1.0229247570037843 13
1782651207918 0.9965013146400452 14
1782651209108 0.9678280115127563 15
1782651210252 0.9533093810081482 16
1782651211443 0.915866756439209 17
1782651212589 0.9016325235366821 18
1782651213751 0.876574182510376 19
1782651214928 0.8492565870285034 20
1782651216091 0.8260263800621033 21
1782651217323 0.8018051743507385 22
1782651218505 0.7744632363319397 23
1782651219680 0.7579962730407714 24
1782651220880 0.7401926040649414 25
1782651222092 0.7260983467102051 26
1782651223278 0.7047127842903137 27
1782651224426 0.701130723953247 28
1782651225621 0.6750218272209167 29
1782651226780 0.662489140033722 30
1782651227944 0.634777283668518 31
1782651229078 0.6194405436515809 32
1782651230291 0.6095994710922241 33
1782651231416 0.5915338277816773 34
1782651232597 0.5790070414543151 35
1782651233740 0.5640834093093872 36
1782651234967 0.5498161315917969 37
1782651236122 0.5307754874229431 38
1782651237302 0.5180157780647278 39
1782651238459 0.501709806919098 40
1782651239631 0.49192054271698 41
1782651240770 0.48128103613853457 42
1782651241921 0.4707572102546692 43
1782651243151 0.465257728099823 44
1782651244294 0.4569040060043335 45
1782651245500 0.4404869437217712 46
1782651246668 0.4365074455738068 47
1782651247847 0.4317363083362579 48
1782651249002 0.41888121962547303 49
1782651250174 0.41518003940582277 50
1782651251349 0.4088776171207428 51
1782651252478 0.39569740295410155 52
1782651253609 0.3864034652709961 53
