1781758122606 1.2707139148712159 1
1781758175180 1.013337396621704 2
1781758224698 0.6738204027414322 3
1781758277798 0.26807384461164474 4
1781758329600 0.2043274374604225 5
1781758380727 0.1896588775217533 6
1781758433090 0.1803567179441452 7
1781758485505 0.1735544649064541 8
1781758538097 0.1726649158000946 9
1781758590325 0.1701533643603325 10
1781758642624 0.16353935059905053 11
1781758695943 0.1611955398619175 12
1781758748728 0.16029006421566008 13
1781758801300 0.1562774121761322 14
1781758857202 0.15845531967282295 15
1781758911361 0.15433197033405305 16
1781758968682 0.15248890823125838 17
1781759020574 0.15164158287644386 18
1781759071349 0.1496281782388687 19
1781759122866 0.1473250540792942 20
1781759175517 0.14856784862279893 21
1781759227428 0.14753671342134475 22
1781759284189 0.14524044024944305 23
1781759334562 0.14408719059824943 24
1781759390168 0.1424026916027069 25
1781759442687 0.14240494206547738 26
1781759494752 0.14104420749843122 27
1781759556790 0.14277864825725556 28
1781759609705 0.14080266723036766 29
1781759661688 0.13923013913631438 30
1781759713670 0.13831984329223632 31
1781759764138 0.13855265939235686 32
1781759816232 0.13854261088371278 33
1781759868650 0.13989605461061 34
1781759920821 0.1357780456095934 35
1781759973437 0.13541124235093593 36
1781760023497 0.13580045863986015 37
1781760076335 0.13510933893918992 38
1781760126639 0.13479507184028625 39
