1783457423111 1.322693924109141 1
1783457424263 1.259391446908315 2
1783457425404 1.1837931076685588 3
1783457426557 1.1360372304916382 4
1783457427720 1.119696021080017 5
1783457428867 1.1047290364901226 6
1783457429997 1.0785579284032185 7
1783457431165 1.0636778672536213 8
1783457432352 1.058110197385152 9
1783457433540 1.048586905002594 10
1783457434749 1.0304767390092213 11
1783457435915 1.0148986180623372 12
1783457437092 1.0114594101905823 13
1783457438230 1.0045716563860576 14
1783457439369 0.9839668472607931 15
1783457440501 0.9756796459356943 16
1783457441657 0.9674635728200277 17
1783457442821 0.9636333783467611 18
1783457443979 0.9424002468585968 19
1783457445120 0.9352121452490488 20
1783457446266 0.9303423166275024 21
1783457447439 0.9184170166651408 22
1783457448591 0.9035536050796509 23
1783457449767 0.889316072066625 24
1783457450941 0.8876517911752065 25
1783457452056 0.880453497171402 26
1783457453198 0.8641517261664072 27
1783457454313 0.8509297370910645 28
1783457455462 0.8450773557027181 29
1783457456581 0.8365257382392883 30
1783457457726 0.8203139702479044 31
1783457458861 0.8106262385845184 32
1783457460035 0.8068950076897939 33
1783457461198 0.8005198240280151 34
1783457462371 0.7845512429873148 35
1783457463497 0.7711775104204813 36
1783457464629 0.7667578061421713 37
1783457465772 0.7579988042513529 38
1783457466921 0.7437321444352468 39
1783457468107 0.7329946458339691 40
1783457469242 0.7305876016616821 41
1783457470381 0.7194486260414124 42
1783457471560 0.7110004325707754 43
1783457472708 0.6938605606555939 44
1783457473876 0.6938387453556061 45
1783457475011 0.6808909475803375 46
1783457476187 0.666462222735087 47
1783457477359 0.6555676360925039 48
1783457478516 0.6532851457595825 49
1783457479664 0.6457935074965159 50
1783457480848 0.6376865009466807 51
1783457481987 0.6219896078109741 52
1783457483170 0.6169988314310709 53
1783457484350 0.6115250488122305 54
1783457485509 0.6001503666241964 55
1783457486725 0.5894293089707693 56
1783457487931 0.5840310454368591 57
1783457489066 0.576990157365799 58
1783457490252 0.5633491178353628 59
1783457491419 0.5552471180756887 60
1783457492610 0.5519784986972809 61
1783457493775 0.5437255104382833 62
1783457494951 0.5321720043818156 63
1783457496096 0.5220579355955124 64
1783457497271 0.518160214026769 65
1783457498463 0.5098643451929092 66
1783457508337 0.5018288294474283 67
1783457509505 0.49208560585975647 68
1783457510666 0.4901539584000905 69
1783457511812 0.4843277682860692 70
1783457512959 0.4688713699579239 71
1783457514224 0.4617708772420883 72
1783457515390 0.4629529267549515 73
1783457516537 0.4548185467720032 74
1783457517729 0.452655831972758 75
1783457518914 0.437118798494339 76
1783457520075 0.43232983350753784 77
1783457521220 0.4296981543302536 78
