1783495749484 3.4597117560250417 1
1783495785001 3.3061369572366988 2
1783495822708 3.1514690348080228 3
1783495857870 2.9766826970236644 4
1783495894012 2.774800615651267 5
1783495930030 2.5606985688209534 6
1783495966339 2.3359132409095764 7
1783496002488 2.1033074983528683 8
1783496038214 1.88747752564294 9
1783496071532 1.7006548600537437 10
1783496106982 1.5416185387543269 11
1783496142668 1.4166481963225774 12
1783496177564 1.3240847459861211 13
1783496213753 1.2526695728302002 14
1783496249729 1.2089043004172189 15
1783496285017 1.165952273777553 16
1783496319584 1.1434396803379059 17
1783496353231 1.1172015454087938 18
1783496388223 1.0955019380365099 19
1783496423416 1.0765497556754522 20
1783496458428 1.0573632759707314 21
