1782651339587 1.6574019193649292 1
1782651340777 1.4931262254714965 2
1782651341912 1.4366453170776368 3
1782651343071 1.388575029373169 4
1782651344196 1.3545172214508057 5
1782651345414 1.3120845556259155 6
1782651346586 1.2783501625061036 7
1782651347699 1.2539599180221557 8
1782651348819 1.2183842182159423 9
1782651350020 1.191813063621521 10
1782651351216 1.1619788885116578 11
1782651352415 1.1396981954574585 12
1782651353603 1.1134033203125 13
1782651354755 1.0927442550659179 14
1782651355929 1.0649170637130738 15
1782651357105 1.0358957290649413 16
1782651358233 1.0018819212913512 17
1782651359406 0.9745721220970154 18
1782651360620 0.9499852895736695 19
1782651361775 0.9370787858963012 20
1782651362961 0.9038976907730103 21
1782651364097 0.8715244174003601 22
1782651365294 0.8524096369743347 23
1782651366479 0.8285550713539124 24
1782651367640 0.8054011106491089 25
1782651368815 0.772609543800354 26
1782651369991 0.7629448890686035 27
1782651371200 0.7435422539710999 28
1782651372360 0.7239267468452454 29
1782651373506 0.7082126021385193 30
1782651374669 0.6872614979743957 31
1782651375829 0.6629223108291626 32
1782651376990 0.6447487235069275 33
1782651378150 0.6178223013877868 34
1782651379331 0.6084932565689087 35
1782651380531 0.5863681912422181 36
1782651381736 0.5609927773475647 37
1782651382938 0.5419639945030212 38
1782651384121 0.5362664818763733 39
1782651385298 0.5195079922676087 40
1782651386448 0.4921920657157898 41
1782651387568 0.4971931159496307 42
1782651388744 0.468918639421463 43
1782651389960 0.46505019068717957 44
1782651391130 0.4428868889808655 45
1782651392303 0.42859491109848025 46
1782651393485 0.41310361623764036 47
1782651394643 0.39831352829933164 48
1782651395801 0.3815771460533142 49
1782651397038 0.3702774465084076 50
1782651398176 0.36211101412773133 51
1782651399368 0.3514141082763672 52
1782651400535 0.3769251585006714 53
1782651401684 0.38353919982910156 54
1782651402871 0.3760428369045258 55
1782651404078 0.3652161717414856 56
