1781347744520 1.3147038316726685 1
1781347748403 1.2022278690338135 2
1781347752316 1.1479388284683227 3
1781347756253 1.102480068206787 4
1781347760167 1.0571708393096924 5
1781347764108 1.0031862115859986 6
1781347768034 0.9481581115722656 7
1781347771923 0.8960551118850708 8
1781347775856 0.8431308627128601 9
1781347779903 0.7931419420242309 10
1781347783908 0.7471889781951905 11
1781347787831 0.7012604689598083 12
1781347791750 0.6554427361488342 13
1781347795774 0.6122700595855712 14
1781347799706 0.572869542837143 15
1781347803617 0.5369666981697082 16
1781347807546 0.5086247825622559 17
1781347811550 0.4776719605922699 18
1781347815519 0.4470048332214355 19
1781347819397 0.4187225341796875 20
1781347823281 0.39899643063545226 21
1781347827142 0.3764292800426483 22
1781347831057 0.359032529592514 23
1781347834932 0.34543824195861816 24
1781347838827 0.3336231017112732 25
1781347842711 0.33245770454406737 26
1781347846641 0.3273629868030548 27
1781347850546 0.30959112286567686 28
1781347854424 0.2965867340564728 29
1781347858312 0.29035246431827544 30
1781347862184 0.28315247178077696 31
1781347866048 0.2748931896686554 32
1781347869897 0.2724228745698929 33
1781347873780 0.2687042540311813 34
1781347877681 0.27149599730968477 35
1781347881549 0.2740695071220398 36
1781347885411 0.2699644404649735 37
1781347889304 0.25906661510467527 38
1781347893162 0.25823127627372744 39
1781347897063 0.2582518345117569 40
1781347900951 0.25609147667884824 41
1781347904879 0.25632322788238526 42
1781347908914 0.2505306649208069 43
