1782389615095 1.6218191957473755 1
1782389619637 1.5459444761276244 2
1782389623857 1.4601642608642578 3
1782389628166 1.4190378665924073 4
1782389632372 1.404630832672119 5
1782389636786 1.372421293258667 6
1782389641108 1.3183212757110596 7
1782389645533 1.2855511283874512 8
1782389649868 1.2751943111419677 9
1782389654194 1.2461731719970703 10
1782389673285 1.1963391590118408 11
1782389677613 1.1638474798202514 12
1782389682105 1.1529460334777832 13
1782389686472 1.1242742824554444 14
1782389691001 1.0767748737335205 15
1782389695318 1.0447474098205567 16
1782389699688 1.0349066066741943 17
1782389704244 1.008865509033203 18
1782389708724 0.962594347000122 19
1782389713069 0.9318258714675903 20
1782389717392 0.9228356719017029 21
1782389721815 0.8994545722007752 22
1782389725980 0.8549427819252015 23
1782389730511 0.8239565229415894 24
1782389735147 0.815515570640564 25
1782389739287 0.7920161581039429 26
1782389743712 0.7500037026405334 27
1782389748135 0.7235751342773438 28
1782389753240 0.714248104095459 29
1782389757746 0.6940210771560669 30
1782389762113 0.6640795421600342 31
1782389766462 0.6343573904037476 32
1782389770783 0.6253071093559265 33
1782389774938 0.6070087671279907 34
1782389779258 0.5779523777961731 35
1782389783487 0.5520765924453735 36
1782389787872 0.5460940039157868 37
1782389791981 0.5313775658607482 38
1782389796378 0.5026261210441589 39
1782389800692 0.48382938623428345 40
1782389805051 0.47875598311424256 41
1782389809242 0.46790675044059754 42
1782389813553 0.4498954963684082 43
1782389818112 0.4328276002407074 44
1782389822354 0.42698015570640563 45
1782389826784 0.41841392159461976 46
1782389831194 0.41003596901893613 47
1782389835617 0.3930778360366821 48
1782389839839 0.3864391076564789 49
1782389844039 0.38112655997276307 50
1782389848262 0.3736623740196228 51
1782389852678 0.3608312320709228 52
1782389857084 0.3576480066776276 53
1782389861226 0.3523730719089508 54
1782389865533 0.34593282103538514 55
1782389869810 0.3354894423484802 56
1782389874292 0.3315716695785522 57
1782389878495 0.3315163666009903 58
1782389882596 0.32890591859817503 59
1782389887030 0.31657302856445313 60
1782389891429 0.3144232624769211 61
1782389895877 0.3164945340156555 62
1782389900243 0.3147755163908005 63
1782389904685 0.3051227104663849 64
1782389908851 0.3001664042472839 65
1782389913050 0.3019348120689392 66
1782389917434 0.29981984496116637 67
1782389921739 0.2934079873561859 68
1782389925952 0.2912526059150696 69
1782389930287 0.2891161000728607 70
1782389934474 0.294963493347168 71
1782389938696 0.28761709153652193 72
