1780588504938 1.2447710465162227 1
1780588530239 1.0526868991362743 2
1780588553701 1.0373895657368195 3
1780588578288 1.0149838297795026 4
1780588601166 1.0021472940078149 5
1780588624257 1.0000205865273109 6
1780588648828 1.0001500967221382 7
1780588673755 0.992259620091854 8
1780588697964 0.9918283071273413 9
1780588723161 0.9855509889431489 10
1780588747750 0.9827924172083536 11
1780588773079 0.9816383016415131 12
1780588803099 0.9748330727601663 13
1780588830455 0.9747903316448896 14
1780588858112 0.9647097770984356 15
1780588882281 0.9399877587954203 16
1780588905805 0.9167265127866696 17
1780588934247 0.900573479823577 18
1780588959568 0.8963131262705877 19
1780588984261 0.8813350827266009 20
1780589006943 0.8677308727533389 21
1780589030695 0.8541742823062799 22
1780589057293 0.8354997955835782 23
1780589081011 0.819162021844815 24
1780589106801 0.8003162970909705 25
1780589132315 0.7954778579565195 26
1780589163177 0.7637260250556164 27
1780589186655 0.7370770711165208 28
1780589210480 0.7140823342861273 29
1780589234285 0.6963438590367635 30
1780589258268 0.6915830358480796 31
1780589281679 0.6846404931484125 32
1780589308183 0.6721238738451248 33
1780589332463 0.6634508356069907 34
1780589356769 0.6494107154699472 35
1780589388197 0.6283612618079553 36
1780589414336 0.6264834174743066 37
1780589437704 0.608453998198876 38
1780589465277 0.6390782472414848 39
1780589489878 0.5981125892736973 40
1780589527221 0.5736405788323818 41
1780589563400 0.5604972052268493 42
1780589588454 0.5779976416856815 43
1780589613097 0.5547841176008567 44
1780589637644 0.5791060190934402 45
