1776981799733 1.4486747770309447 1
1776981897359 1.1545380926132203 2
1776981994989 0.975722443819046 3
1776982092593 0.7223685081005097 4
1776982190244 0.39428279304504393 5
1776983263378 0.27980533528327944 6
1776983360556 0.23947218054533004 7
1776983457851 0.22777219578623772 8
1776983555299 0.21647854962944985 9
1776983653507 0.2150305042564869 10
1776983751686 0.20778669118881227 11
1776983849586 0.20335589960217476 12
1776983947595 0.20006708407402038 13
1776984045487 0.1988452109694481 14
1776984143863 0.19583942070603372 15
