1782227355186 1.6715383291244508 1
1782227363578 1.2996520519256591 2
1782227367703 0.8213666343688965 3
1782227371844 0.7860620307922364 4
1782227376061 0.7821970009803771 5
1782227380238 0.773332211971283 6
1782227384435 0.759214482307434 7
1782227388579 0.7493843388557434 8
1782227393184 0.7459989404678344 9
1782227397295 0.7332713747024536 10
1782227401381 0.711934642791748 11
1782227405472 0.6996822619438171 12
1782227409708 0.6950314545631409 13
1782227413791 0.6886907958984375 14
1782227417954 0.6740259623527527 15
1782227422264 0.661331479549408 16
1782227426589 0.6561872482299804 17
1782227431050 0.6696295714378357 18
1782227435309 0.6466805577278137 19
1782227440212 0.6320114755630493 20
1782227444719 0.627789409160614 21
1782227448986 0.6281500697135926 22
1782227453369 0.6125550532341003 23
1782227457869 0.598720133304596 24
1782227462316 0.5948043012619019 25
1782227466865 0.5880604839324951 26
1782227471196 0.5961316108703614 27
1782227484287 0.5699364852905273 28
1782227488848 0.5627999997138977 29
1782227493282 0.5588658702373505 30
1782227497699 0.5475403332710266 31
1782227501995 0.5423103249073029 32
1782227506565 0.5337980854511261 33
1782227510822 0.5318750584125519 34
1782227515255 0.5300226545333863 35
1782227519756 0.5191369533538819 36
1782227524052 0.5119746053218841 37
1782227528299 0.5104161608219147 38
1782227532477 0.503368216753006 39
1782227536764 0.4975351881980896 40
1782227541044 0.4959385776519775 41
1782227545308 0.4977737772464752 42
1782227549601 0.5007317245006562 43
1782227553832 0.4857520055770874 44
1782227558017 0.48113603830337526 45
1782227562219 0.48117873549461365 46
1782227566661 0.4822603011131287 47
1782227570931 0.47397966265678404 48
1782227575322 0.46808907508850095 49
1782227579818 0.46963051438331604 50
1782227584506 0.4675562286376953 51
1782227588773 0.4635467302799225 52
1782227592893 0.45968448996543887 53
1782227597412 0.45851305723190305 54
1782227601697 0.45896873354911805 55
1782227606050 0.4476196575164795 56
1782227610347 0.4471295738220215 57
1782227614699 0.44859636783599854 58
1782227618930 0.44884703993797304 59
1782227623179 0.4423753559589386 60
1782227627218 0.43772308707237245 61
1782227631568 0.4457816553115845 62
1782227635843 0.435737681388855 63
1782227640201 0.4307000780105591 64
1782227644543 0.42847644090652465 65
1782227648980 0.42946728229522707 66
1782227653359 0.4276543426513672 67
1782227657671 0.4212767779827118 68
1782227662125 0.41913474798202516 69
1782227666471 0.4213328516483307 70
1782227670666 0.4334371018409729 71
1782227674938 0.41282638907432556 72
1782227679329 0.41219725012779235 73
1782227683544 0.414540935754776 74
1782227687908 0.43420570850372314 75
1782227692102 0.4090926742553711 76
1782227696360 0.4069053649902344 77
1782227700785 0.41326344609260557 78
1782227705089 0.41110273241996764 79
1782227709451 0.4010131084918976 80
1782227713701 0.39829583168029786 81
1782227718122 0.40160115957260134 82
1782227722104 0.39997398734092715 83
1782227726390 0.3936034047603607 84
1782227730810 0.3907627308368683 85
1782227734918 0.3945899164676666 86
1782227739354 0.3938202393054962 87
1782227743602 0.3873064649105072 88
1782227747684 0.3870556128025055 89
1782227751938 0.3886887395381928 90
1782227756066 0.386132218837738 91
1782227760351 0.38096712827682494 92
1782227764525 0.3790399408340454 93
1782227768682 0.38267958641052247 94
1782227772790 0.3820922005176544 95
1782227776982 0.37574315786361695 96
1782227781189 0.3780827844142914 97
1782227785285 0.3775292098522186 98
1782227789500 0.3797656273841858 99
1782227793566 0.37262911796569825 100
