1782225022843 1.4312181901931762 1
1782225026783 1.1525726532936096 2
1782225030789 0.82360759973526 3
1782225034736 0.7459271836280823 4
1782225038919 0.7334403300285339 5
1782225042959 0.709795377254486 6
1782225047017 0.674893217086792 7
1782225051089 0.6586526441574097 8
1782225055245 0.6499459385871887 9
1782225059266 0.6388741970062256 10
1782225063439 0.610879476070404 11
1782225067417 0.5953705143928528 12
1782225071354 0.5862668633460999 13
1782225075457 0.5765917479991913 14
1782225080148 0.5570366203784942 15
1782225084217 0.5430399119853974 16
1782225088183 0.5387558329105377 17
1782225092674 0.5439422237873077 18
1782225097416 0.5280839908123016 19
1782225101729 0.5143969678878784 20
1782225106063 0.5119216847419739 21
1782225110874 0.5091182720661164 22
1782225115332 0.4995857048034668 23
1782225119523 0.4892864716053009 24
1782225123576 0.4847176945209503 25
1782225128197 0.4860659646987915 26
1782225132276 0.47852741956710815 27
1782225136446 0.46891887426376344 28
1782225140500 0.4674614417552948 29
1782225144773 0.4651652979850769 30
1782225149468 0.46471896052360534 31
1782225153617 0.45257214188575745 32
1782225157605 0.45291110277175906 33
1782225161590 0.45791900515556333 34
1782225165546 0.45288958072662355 35
1782225169538 0.4424099373817444 36
1782225173708 0.44066434741020205 37
1782225177805 0.44026917457580567 38
1782225181980 0.4481643807888031 39
1782225185909 0.4343064165115356 40
1782225189851 0.43692865133285524 41
1782225193943 0.4349376404285431 42
1782225197864 0.43384922862052916 43
1782225202288 0.43081910610198976 44
1782225206525 0.42429859161376954 45
1782225210661 0.42714574575424197 46
1782225214948 0.4248311924934387 47
1782225219232 0.4254379057884216 48
1782225223126 0.42243136882781984 49
1782225227375 0.4207323598861694 50
1782225231411 0.420586564540863 51
1782225235532 0.41508899569511415 52
1782225239671 0.41436014890670775 53
1782225243736 0.4137736546993256 54
1782225247672 0.41370293974876404 55
1782225251661 0.40923801898956297 56
1782225255575 0.40980844497680663 57
1782225259783 0.41403160572052 58
1782225264057 0.4123858749866486 59
1782225268253 0.4093076145648956 60
1782225272509 0.40394008994102476 61
1782225276616 0.41450273752212524 62
1782225280449 0.41140076756477356 63
1782225284377 0.4031043016910553 64
1782225288495 0.4000440919399261 65
1782225292704 0.40378997683525086 66
1782225296920 0.40852173686027526 67
1782225301180 0.4041256630420685 68
1782225305491 0.39681281566619875 69
1782225309637 0.40323903918266296 70
1782225313692 0.40041000843048097 71
1782225317882 0.3964383375644684 72
1782225322046 0.39220103025436404 73
1782225326061 0.3958564162254333 74
1782225330141 0.40612215757369996 75
1782225334115 0.39625091314315797 76
1782225338253 0.3893134438991547 77
1782225342791 0.39147754907608034 78
1782225347550 0.39127973675727845 79
1782225351634 0.39185411810874937 80
1782225355579 0.3851232993602753 81
1782225359659 0.3933010816574097 82
1782225363585 0.3904836404323578 83
1782225367583 0.382825483083725 84
1782225377126 0.3822474956512451 85
1782225381417 0.38621383905410767 86
1782225385358 0.3909157419204712 87
1782225389419 0.3828936541080475 88
1782225393380 0.383604496717453 89
1782225397536 0.3841501021385193 90
1782225401579 0.3886853015422821 91
1782225405778 0.3818981719017029 92
1782225410051 0.3809270179271698 93
