1783007895035 1.3554673790931702 1
1783007896668 1.2554427981376648 2
1783007898279 1.2282668501138687 3
1783007899907 1.1883777379989624 4
1783007901525 1.1697323024272919 5
1783007903122 1.1428683251142502 6
1783007904752 1.1164966374635696 7
1783007906359 1.083932638168335 8
1783007908020 1.059932678937912 9
1783007909648 1.0410327911376953 10
1783007911288 1.0153256580233574 11
1783007912925 1.0064870342612267 12
1783007914536 0.9809797778725624 13
1783007916201 0.9539767876267433 14
1783007917796 0.9382650181651115 15
1783007919435 0.9212606027722359 16
1783007921094 0.90635085105896 17
1783007922700 0.8772541061043739 18
1783007924374 0.862788550555706 19
1783007925988 0.8411362841725349 20
1783007927576 0.8188765719532967 21
1783007929159 0.8055477142333984 22
1783007930768 0.7953420430421829 23
1783007932361 0.7717248797416687 24
1783007933963 0.7524337470531464 25
1783007935536 0.7337087541818619 26
1783007937086 0.7223501205444336 27
1783007938650 0.712080679833889 28
1783007940222 0.7078642323613167 29
1783007941794 0.6832573562860489 30
1783007943409 0.667786531150341 31
1783007944969 0.6534622088074684 32
1783007946573 0.6312218308448792 33
1783007948207 0.6231085509061813 34
1783007949784 0.6072772890329361 35
1783007951351 0.5940164923667908 36
1783007952923 0.585055485367775 37
1783007954496 0.5650557279586792 38
1783007956111 0.5447742342948914 39
1783007957712 0.5372783541679382 40
1783007959326 0.5265835523605347 41
1783007960972 0.5047108940780163 42
1783007962552 0.49135722219944 43
1783007964204 0.473304133862257 44
1783007965791 0.4629179537296295 45
1783007967332 0.45642512664198875 46
1783007968924 0.437930129468441 47
1783007970564 0.4266638159751892 48
1783007972142 0.42129141092300415 49
1783007973728 0.4178433194756508 50
1783007975323 0.4039134569466114 51
1783007976904 0.39471249654889107 52
1783007978494 0.38106129318475723 53
1783007980127 0.3704999051988125 54
1783007981825 0.3686876595020294 55
1783007983475 0.35292067378759384 56
1783007985020 0.3425538130104542 57
1783007986655 0.3315289840102196 58
1783007988259 0.32799267023801804 59
1783007989852 0.3191730007529259 60
1783007991474 0.32769401744008064 61
1783007993099 0.307854238897562 62
1783007994744 0.30056750774383545 63
1783007996373 0.2913062311708927 64
1783007997959 0.2886143885552883 65
1783007999621 0.2889738343656063 66
1783008001260 0.2787967287003994 67
1783008006383 0.30105768516659737 68
1783008007983 0.30584766715765 69
1783008009555 0.2892184816300869 70
1783008011168 0.27839419059455395 71
1783008012801 0.2754879742860794 72
1783008014383 0.25661175698041916 73
1783008016028 0.257979191839695 74
1783008017639 0.24989470466971397 75
1783008019276 0.2484564483165741 76
1783008020877 0.23677439615130424 77
1783008022488 0.24298753961920738 78
1783008024067 0.23343407921493053 79
1783008025736 0.22724762931466103 80
1783008027356 0.22846062667667866 81
1783008028961 0.2209598906338215 82
1783008030533 0.21937681175768375 83
1783008032130 0.21416970528662205 84
1783008033756 0.2104018982499838 85
1783008035385 0.2106720358133316 86
1783008037028 0.20468717440962791 87
1783008038675 0.2076202929019928 88
1783008040308 0.20428191125392914 89
1783008041980 0.2068670094013214 90
1783008043559 0.20564083755016327 91
1783008045214 0.19609683565795422 92
1783008046915 0.1959899626672268 93
1783008048504 0.19612883776426315 94
1783008050131 0.1941711138933897 95
1783008051737 0.19088305719196796 96
1783008053406 0.19258340820670128 97
1783008055043 0.1851517278701067 98
1783008056685 0.185895511880517 99
1783008058313 0.18505282327532768 100
