1782725980027 1.470017221840945 1
1782725994321 1.158693321726539 2
1782726008602 0.9686649563637647 3
1782726022848 0.8023710223761472 4
1782726037328 0.667199046774344 5
1782726051821 0.5503591651266272 6
1782726066400 0.46074185791340744 7
1782726086516 0.38535900820385327 8
1782726100956 0.320534079589627 9
1782726115629 0.2712516771121459 10
1782726130049 0.2246086336672306 11
1782726144634 0.19368292492899028 12
1782726159177 0.16760443997654048 13
1782726173680 0.14677459238605065 14
1782726188220 0.13403862359171564 15
1782726202603 0.12393468770791184 16
1782726217193 0.1135768975046548 17
1782726231724 0.10645778544924477 18
1782726246108 0.10137314959005876 19
1782726260727 0.09610137326473539 20
1782726275192 0.09408867054364899 21
1782726289728 0.08952539820562709 22
1782726304361 0.08679300597445531 23
1782726318906 0.08340303667566994 24
1782726333494 0.07914156043394045 25
1782726348159 0.07787426374852657 26
1782726362810 0.07617782564325766 27
1782726377317 0.07661108283156698 28
1782726391753 0.07345412586900321 29
1782726406306 0.0726569802923636 30
1782726421005 0.07102957706559788 31
1782726435545 0.0697947500104254 32
1782726450028 0.06837875057350505 33
1782726464589 0.06920359122820875 34
1782726479170 0.06761652900075371 35
1782726493671 0.06539828999137337 36
1782726508356 0.06486357943239537 37
1782726522805 0.06441391784359109 38
1782726537313 0.063566890375858 39
1782726551782 0.06175304001027888 40
