1782602120600 1.5046898871660233 1
1782602122088 1.4003558903932571 2
1782602123602 1.3466589748859406 3
1782602125073 1.315803587436676 4
1782602126536 1.2935719043016434 5
1782602128058 1.2619187235832214 6
1782602129524 1.2425404340028763 7
1782602130973 1.2101367115974426 8
1782602132448 1.178193286061287 9
1782602133916 1.1790179759263992 10
1782602135383 1.1535918861627579 11
1782602136815 1.132482498884201 12
1782602138358 1.1138744205236435 13
1782602139746 1.0900472700595856 14
1782602141166 1.0803537964820862 15
1782602142605 1.050193764269352 16
1782602144079 1.0318966507911682 17
1782602145534 1.0038894712924957 18
1782602146966 0.9973785579204559 19
1782602148433 0.9753895848989487 20
1782602149873 0.9541071727871895 21
1782602151298 0.9381017684936523 22
1782602152752 0.9148800894618034 23
1782602154185 0.8996595591306686 24
1782602155621 0.8910379409790039 25
1782602157141 0.8704562485218048 26
1782602158581 0.8531176075339317 27
1782602160053 0.8238943815231323 28
1782602161468 0.8029885962605476 29
1782602163024 0.789406530559063 30
1782602164460 0.766059011220932 31
1782602165952 0.7641153335571289 32
1782602167377 0.7324150502681732 33
1782602168914 0.720373623073101 34
1782602170381 0.7029970437288284 35
1782602171879 0.6920832395553589 36
1782602173337 0.6753775998950005 37
1782602174759 0.6648833677172661 38
1782602176212 0.6489060372114182 39
1782602177647 0.6237749755382538 40
1782602179113 0.6092648580670357 41
1782602180558 0.5995531678199768 42
