1782745924057 3.465434329850333 1
1782745959404 3.3196625283786227 2
1782745992977 3.1707331793648854 3
1782746027604 2.9894610047340393 4
1782746062551 2.7772717816489085 5
1782746098387 2.5387730257851735 6
1782746134063 2.2997022441455295 7
1782746169780 2.0546171069145203 8
1782746205807 1.8307499076638902 9
1782746240845 1.6577159592083521 10
1782746276034 1.4958626287324088 11
1782746311816 1.380237660237721 12
1782746347980 1.3051088878086634 13
1782746383997 1.2427815071174078 14
1782746420927 1.2027864115578788 15
1782746457472 1.1656008277620589 16
1782746493295 1.1382141624178206 17
1782746528255 1.1151383859770638 18
1782746563347 1.0975443039621626 19
1782746599290 1.0763573391096932 20
1782746635421 1.0627445408276148 21
1782746671412 1.0533220044204168 22
1782746706597 1.0397581713540214 23
1782746741354 1.0229619613715581 24
1782746788998 1.0094211527279444 25
1782746830192 0.9861048779317311 26
1782746866746 0.9676705747842789 27
1782746904136 0.9393415067877088 28
1782746941614 0.9156387405736106 29
1782746978195 0.8892990797758102 30
1782747015429 0.8684365302324295 31
1782747051720 0.843871397631509 32
1782747087043 0.8332395851612091 33
1782747124837 0.8137089503662926 34
1782747159647 0.7970876778875079 35
1782747194743 0.7921655178070068 36
1782747230348 0.7835744406495776 37
1782747265313 0.7713863168443952 38
1782747309606 0.7635290196963719 39
1782747346033 0.754601674420493 40
1782747380451 0.7530973681381771 41
1782747416181 0.7509534848587853 42
1782747454623 0.7475531016077314 43
1782747489659 0.7436320121799197 44
1782747524414 0.7391530083758491 45
1782747559956 0.7324871335710798 46
1782747597561 0.7351682548012052 47
1782747648124 0.7306210632835116 48
1782747683458 0.7219048057283673 49
1782747719963 0.7170524171420506 50
1782747755425 0.719565864120211 51
1782747789741 0.7190021915095193 52
1782747824289 0.7149438261985779 53
1782747858752 0.7127306652920586 54
1782747894872 0.7110629933221 55
1782747929989 0.7063768378325871 56
1782747969354 0.7026233545371464 57
1782748004208 0.7035177541630608 58
1782748039586 0.7032261043787003 59
1782748074709 0.6973632148333958 60
1782748109461 0.6943773776292801 61
1782748144464 0.6922243045909064 62
1782748179621 0.6850188268082482 63
1782748213940 0.6798716847385678 64
1782748248814 0.6761111127478736 65
1782748284042 0.6783268664564405 66
1782748318762 0.683366847889764 67
1782748352988 0.6709530183247158 68
1782748388748 0.6651857580457415 69
1782748424734 0.6656277158430645 70
1782748458679 0.6676926740578243 71
1782748493887 0.66660818031856 72
1782748529483 0.6614881988082614 73
