1783011978545 2.4893540419065037 1
1783011982965 2.344098072785598 2
1783011987575 2.250401625266442 3
1783011992126 2.1692994924692006 4
1783011996821 2.0902772683363695 5
1783012001195 2.020374582364009 6
1783012005681 1.9418258391893828 7
1783012010543 1.859959785754864 8
1783012015212 1.7781279545563917 9
1783012020120 1.688050728577834 10
1783012024675 1.62240116412823 11
1783012029105 1.534312339929434 12
1783012033643 1.4518629954411433 13
1783012038225 1.3789604076972375 14
1783012042514 1.3113802121235774 15
1783012047321 1.2474539096538837 16
1783012056553 1.187876848074106 17
1783012061238 1.1290322817288911 18
1783012066086 1.0787633840854352 19
1783012070734 1.027752316915072 20
1783012075224 0.9800297709611746 21
1783012079734 0.9447851456128634 22
1783012084512 0.9176342349786025 23
1783012089187 0.8798251977333655 24
1783012093820 0.8510079475549551 25
1783012107766 0.8217199353071359 26
1783012112491 0.7878316640853882 27
1783012116942 0.7577875623336205 28
1783012121345 0.7400358135883625 29
1783012126043 0.7114894802753742 30
1783012130697 0.6853231145785406 31
1783012135816 0.6613866503422077 32
1783012140277 0.640307733645806 33
1783012145420 0.6352907144106351 34
1783012150075 0.614594239455003 35
1783012154868 0.5944585066575271 36
1783012159856 0.581875897370852 37
1783012165183 0.5646236997384292 38
1783012170171 0.555004174892719 39
1783012174872 0.5469721509860113 40
1783012179880 0.5306269205533541 41
1783012184540 0.5145232173112723 42
1783012189648 0.5119011768927941 43
1783012194250 0.4929614456800314 44
1783012199254 0.48908440195597136 45
1783012204021 0.47779913819753206 46
1783012208653 0.47053330678206223 47
1783012213310 0.46768900752067566 48
1783012218481 0.4694427710313063 49
1783012223117 0.4596333228624784 50
1783012227760 0.4547296854165884 51
1783012232304 0.4430642884511214 52
1783012237304 0.4327629002240988 53
1783012241851 0.4337451778925382 54
1783012246631 0.4389531589471377 55
1783012251699 0.43146226497796863 56
1783012256586 0.42500975728034973 57
1783012261393 0.41760499660785383 58
1783012265789 0.42055678826112014 59
1783012270574 0.4094098668832045 60
1783012275307 0.4095044434070587 61
1783012279694 0.4074573814868927 62
1783012284533 0.41020017174574047 63
1783012289164 0.41035755093281084 64
1783012294301 0.43037260266450733 65
1783012298907 0.41825433190052325 66
1783012303897 0.4049969705251547 67
1783012308787 0.4059110673574301 68
1783012313648 0.39698795630381656 69
1783012318601 0.40066062716337353 70
1783012323233 0.39733465359761166 71
1783012327865 0.3925030529499054 72
1783012332419 0.3939873736638289 73
1783012337212 0.39138774229929996 74
1783012341907 0.3869572556935824 75
1783012346407 0.38508028938220096 76
1783012351190 0.38901989735089815 77
1783012355744 0.3863595976279332 78
1783012360458 0.39162187392895037 79
1783012365606 0.4004519490095285 80
1783012370137 0.3898470424688779 81
1783012375305 0.38073407915922314 82
1783012379972 0.38569995302420396 83
1783012384623 0.3896609109181624 84
1783012389235 0.3861913956128634 85
1783012394321 0.3880587632839496 86
1783012398713 0.36377481199227846 87
1783012403160 0.36871894277059114 88
1783012408042 0.3671775781191312 89
1783012412587 0.36943814616936904 90
1783012417250 0.3808417343176328 91
1783012421871 0.37310276810939497 92
1783012426800 0.3621699328605945 93
1783012431660 0.37178231202639067 94
1783012436234 0.37812930116286647 95
1783012441245 0.378222073499973 96
1783012445612 0.3633298323704646 97
1783012450084 0.36831708825551546 98
1783012454831 0.36997525967084444 99
1783012459474 0.3603510375206287 100
