1782650917281 2.3591136634349823 1
1782650925993 2.259674847126007 2
1782650935762 2.163909524679184 3
1782650945396 2.0575303435325623 4
1782650954455 1.9443941861391068 5
1782650963677 1.8241885304450989 6
1782650972521 1.691899448633194 7
1782650980977 1.5529241313536961 8
1782650989761 1.412867620587349 9
1782650998318 1.2873024145762126 10
1782651006888 1.1687552879254024 11
1782651016650 1.0558786292870839 12
1782651026853 0.9684439599514008 13
1782651035530 0.892019992073377 14
1782651043930 0.8217982277274132 15
1782651053356 0.7529938519001007 16
1782651062711 0.6931630323330561 17
1782651071455 0.632060502966245 18
1782651079933 0.5654951259493828 19
1782651088329 0.49530211339394253 20
1782651096790 0.44488005340099335 21
1782651104925 0.3994266875088215 22
1782651113105 0.35677381108204526 23
1782651121221 0.3271061070263386 24
1782651129807 0.29777646623551846 25
1782651137709 0.27319187857210636 26
1782651146033 0.2490969809393088 27
1782651153654 0.24424640027185282 28
1782651161340 0.22869094895819822 29
1782651169887 0.21201046804587045 30
1782651178247 0.19954909446338812 31
1782651186231 0.18902221384147802 32
1782651195130 0.1790090420593818 33
1782651203339 0.17418471289177737 34
1782651211926 0.16801794804632664 35
1782651220343 0.16176201154788336 36
1782651229555 0.15556113018343845 37
1782651237295 0.15552056891222796 38
1782651245131 0.15254608231286207 39
1782651253402 0.1544757323960463 40
1782651267086 0.14945483425011238 41
1782651275554 0.14267228916287422 42
1782651283631 0.14098787369827429 43
1782651292642 0.1378008791555961 44
1782651300862 0.1350460002819697 45
1782651309597 0.13230771229912838 46
1782651317897 0.13070455503960451 47
1782651326644 0.13065791502594948 48
1782651334452 0.12892898172140121 49
1782651342214 0.1269904663786292 50
1782651351008 0.12528438586741686 51
1782651360469 0.1269790387401978 52
1782651368578 0.13024938199669123 53
1782651377587 0.12439118853459756 54
1782651385392 0.12138527135054271 55
1782651394191 0.120485443311433 56
1782651402954 0.11848818138241768 57
1782651411459 0.1162989940494299 58
1782651419495 0.11503724070886771 59
