1782662321122 1.5708261348984458 1
1782662326951 1.275169773535295 2
1782662332725 1.0647506388750942 3
1782662338680 0.8833007934418592 4
1782662344584 0.7271773530678316 5
1782662350565 0.5910046588290822 6
1782662356447 0.48297703537074005 7
1782662362345 0.3896177343346856 8
1782662368327 0.3189071213657206 9
1782662374322 0.25969801538369874 10
1782662380298 0.21344551918181506 11
1782662386105 0.18367592414671724 12
1782662392028 0.16172626919367097 13
1782662398057 0.1456591392105276 14
1782662405375 0.1301850729029287 15
1782662411488 0.12091230042278767 16
1782662417459 0.1120383394035426 17
1782662423507 0.10459675910797986 18
1782662429669 0.10093839585103771 19
1782662435734 0.0973715717819604 20
1782662441813 0.09453565170141784 21
1782662447788 0.09029566767540845 22
1782662453756 0.08752148022705858 23
1782662459700 0.08472732369872657 24
1782662465773 0.08399305018511685 25
1782662471761 0.07973036728799343 26
1782662477883 0.07881087284873832 27
1782662483839 0.07707552747292952 28
1782662489805 0.07567494955252517 29
1782662495752 0.07273687642406333 30
1782662501672 0.0744020447812297 31
1782662507542 0.07320277562195604 32
1782662513354 0.06913680159910159 33
1782662519133 0.06779674195091832 34
1782662524884 0.0674834879623218 35
1782662530757 0.06700489272109487 36
1782662536667 0.06800303980708122 37
1782662542539 0.06445476937700402 38
1782662548410 0.06521530246192758 39
1782662554407 0.06319223208860918 40
1782662560150 0.06282278742979873 41
1782662566122 0.06384755857288837 42
1782662571882 0.060785053128545936 43
1782662577823 0.0619887432760813 44
1782662583870 0.06032827623527159 45
1782662589695 0.06154869141226465 46
1782662595594 0.061632488684898075 47
1782662601509 0.06000549100678076 48
1782662607407 0.059645790522071446 49
1782662613264 0.057204371741549534 50
1782662619210 0.05944132406941869 51
