1782691087405 1.1929772725472083 1
1782691092295 1.0381436760608966 2
1782691097146 0.9840336579542893 3
1782691101868 0.9343695778113145 4
1782691106606 0.9039076108198899 5
1782691111296 0.8631380704733042 6
1782691115977 0.8440292477607727 7
1782691120687 0.8060245559765742 8
1782691125434 0.772995270215548 9
1782691130193 0.740068073456104 10
1782691135069 0.7202922426737272 11
1782691139796 0.6989874793932989 12
1782691144571 0.6732984506166898 13
1782691149300 0.6466309886712295 14
1782691154026 0.6250441211920518 15
1782691158716 0.6145436672063974 16
1782691163406 0.595963335954226 17
1782691168105 0.5793222922545213 18
1782691172821 0.5658667867000287 19
1782691177558 0.5593724204943731 20
1782691182258 0.5266145513607905 21
1782691186979 0.5128931678258456 22
1782691191659 0.5054684923245356 23
1782691196441 0.4912861746091109 24
1782691201223 0.4687161216369042 25
