1782654208527 1.6275373480536721 1
1782654214827 1.2859151309186763 2
1782654221064 1.0415373959324576 3
1782654227498 0.8336366387930784 4
1782654233913 0.668879051100124 5
1782654240000 0.5369437079537999 6
1782654246372 0.4419481327587908 7
1782654252623 0.3542976988987489 8
1782654258776 0.29063695669174194 9
1782654264900 0.23479737747799267 10
1782654271195 0.19667791439728302 11
1782654277451 0.1717544123530388 12
1782654283877 0.14613910425793042 13
1782654290207 0.1302785329859365 14
1782654296605 0.12079798548736355 15
1782654302958 0.11393225396221335 16
1782654309326 0.10422880676659671 17
1782654315529 0.09932419420643286 18
1782654322015 0.09316639906980774 19
1782654328342 0.09382805245166476 20
1782654334637 0.08717418783767657 21
1782654340958 0.08316412669691173 22
1782654347325 0.08419544842432845 23
1782654353771 0.08106000077995387 24
1782654360007 0.07749988646669821 25
1782654366390 0.07661174390126359 26
1782654372701 0.07530055364424532 27
1782654378883 0.07223430411382155 28
1782654385114 0.07123806505379351 29
1782654391626 0.07003071074458686 30
1782654397847 0.06965419904074886 31
1782654404254 0.06665639917958867 32
1782654410339 0.06518544612283056 33
1782654416552 0.06625822457400235 34
1782654423020 0.06746852279386738 35
1782654429172 0.06582966108213771 36
1782654435421 0.062181683257222176 37
1782654441754 0.060910360887646675 38
1782654448207 0.060751911252737045 39
1782654454368 0.06010662213983861 40
1782654460448 0.0619471502405676 41
1782654466683 0.05817697806791826 42
1782654472699 0.05620673789896748 43
1782654478744 0.05956926908005367 44
1782654484889 0.06001827992837538 45
1782654490967 0.056802324527366596 46
1782654497034 0.05702485956928947 47
1782654503075 0.05641078982840885 48
