1782330440777 1.6168417835235596 1
1782330445087 1.5275779819488526 2
1782330449596 1.4725644731521605 3
1782330454155 1.4416085147857667 4
1782330458885 1.4317659997940064 5
1782330463218 1.4076350355148315 6
1782330467687 1.3666133451461793 7
1782330471954 1.340098237991333 8
1782330476196 1.3292667007446288 9
1782330480455 1.3073704862594604 10
1782330484776 1.266870722770691 11
1782330489124 1.2383476829528808 12
1782330493706 1.2293127727508546 13
1782330498336 1.2069743728637696 14
1782330502839 1.1644248151779175 15
1782330507236 1.13517991065979 16
1782330511637 1.1260533094406129 17
1782330516024 1.1030672311782836 18
1782330520289 1.0632507133483886 19
1782330524562 1.0334766292572022 20
1782330529106 1.023743951320648 21
1782330533680 1.0030850267410278 22
1782330538052 0.9641734147071839 23
1782330542516 0.936522765159607 24
1782330546848 0.9266923499107361 25
1782330551212 0.9066055488586425 26
1782330555613 0.8707425427436829 27
1782330560105 0.843981237411499 28
1782330564548 0.8337780141830444 29
1782330568990 0.814168598651886 30
1782330573475 0.784381000995636 31
1782330577732 0.7562615656852723 32
1782330582328 0.7482517504692078 33
1782330586612 0.7379705047607422 34
1782330590952 0.702873888015747 35
1782330595315 0.6778724360466003 36
1782330599753 0.6696604466438294 37
1782330604198 0.6582075977325439 38
1782330608709 0.6293015837669372 39
1782330613293 0.606821415424347 40
1782330617796 0.5993199515342712 41
1782330622170 0.587555754184723 42
1782330626601 0.5671997797489167 43
1782330633740 0.5461650598049164 44
1782330638165 0.5392418849468231 45
1782330642636 0.5310170888900757 46
1782330646942 0.5184976923465728 47
1782330651492 0.49648250460624693 48
1782330656055 0.49060330390930174 49
1782330660564 0.4841974413394928 50
1782330664898 0.47149097204208373 51
1782330669435 0.4534228539466858 52
1782330673949 0.448540141582489 53
1782330678505 0.4447136759757996 54
1782330683238 0.44220810770988467 55
1782330687777 0.4230780804157257 56
1782330692234 0.41631181120872496 57
1782330696498 0.4145996630191803 58
1782330701296 0.41220048785209656 59
1782330705850 0.3967629635334015 60
1782330710144 0.3917044925689697 61
1782330714557 0.3939636361598968 62
