1782678056648 3.4654342106410434 1
1782678093414 3.3196625964982167 2
1782678130399 3.1707333070891246 3
1782678168653 2.989461064338684 4
1782678219816 2.7772718242236545 5
1782678259006 2.538773102419717 6
1782678299086 2.2997021845408847 7
1782678337312 2.0546170515673503 8
1782678378686 1.8307499161788396 9
1782678418186 1.6577159464359283 10
1782678458725 1.4958625989300864 11
1782678502103 1.3802376432078225 12
1782678545059 1.3051088878086634 13
1782678580848 1.242781515632357 14
1782678622497 1.2027864158153534 15
1782678659911 1.1656008149896349 16
1782678695553 1.1382141624178206 17
1782678733783 1.11513837320464 18
1782678771509 1.097544299704688 19
1782678816006 1.0763573348522186 20
1782678863841 1.0627445450850896 21
1782678905936 1.0533220044204168 22
1782678941750 1.039758175611496 23
1782678976226 1.0229619571140833 24
1782679017598 1.0094211484704698 25
