1782395883123 1.4826416778564453 1
1782395887430 1.3831651544570922 2
1782395891839 1.2886881589889527 3
1782395896217 1.2219258451461792 4
1782395900625 1.1639641809463501 5
1782395905052 1.1108920621871947 6
1782395909435 1.0590917730331422 7
1782395913849 1.0062026619911193 8
1782395918145 0.9551992011070252 9
1782395922553 0.9046451425552369 10
1782395926972 0.8535398578643799 11
1782395931395 0.8042486333847045 12
1782395935809 0.7615818023681641 13
1782395940337 0.7161665749549866 14
1782395945218 0.6708802223205567 15
1782395949638 0.6264293265342712 16
1782395954043 0.5894684982299805 17
1782395958679 0.5561255526542663 18
1782395963199 0.5189825010299682 19
1782395968057 0.49035162806510924 20
1782395972891 0.4603163814544678 21
1782395977686 0.44069666147232056 22
1782395982486 0.418006078004837 23
1782395987273 0.39709834933280946 24
1782395992187 0.37993980407714845 25
1782395997032 0.3691342186927795 26
1782396001799 0.3589037084579468 27
1782396007824 0.3473926067352295 28
1782396012699 0.3388417410850525 29
1782396017501 0.33073392033576965 30
1782396022270 0.32737597286701203 31
1782396027052 0.32166600704193116 32
1782396031813 0.31326460421085356 33
1782396036416 0.30407627403736115 34
1782396041144 0.2985948634147644 35
1782396045895 0.2964512401819229 36
1782396050574 0.2919923233985901 37
1782396055313 0.287891526222229 38
1782396059928 0.28910397171974184 39
1782396064448 0.28724067509174345 40
1782396069045 0.2802742606401443 41
1782396073802 0.27929420173168185 42
1782396078231 0.2829650670289993 43
1782396082773 0.27899316906929017 44
