1782683670098 1.272805134455363 1
1782683671319 1.1962350606918335 2
1782683672579 1.1388021111488342 3
1782683673824 1.0887674689292908 4
1782683675055 1.041829784711202 5
1782683676244 0.9949605266253153 6
1782683677463 0.9634014964103699 7
1782683678673 0.9325757026672363 8
1782683679898 0.9007456103960673 9
1782683681140 0.8733817537625631 10
1782683682379 0.8474891583124796 11
1782683683584 0.8226568102836609 12
1782683684815 0.8014533122380575 13
1782683686080 0.7809497515360514 14
1782683687262 0.7595900595188141 15
1782683688449 0.7393451233704885 16
1782683689636 0.7199366192022959 17
1782683690826 0.701405535141627 18
1782683692023 0.6849734683831533 19
1782683693300 0.6735689540704092 20
1782683694466 0.6508426467577616 21
1782683695721 0.6348044077555338 22
1782683696948 0.6205399632453918 23
1782683698192 0.6038315296173096 24
1782683699402 0.5872110525767008 25
1782683700585 0.5727448364098867 26
1782683701778 0.5589759250481924 27
1782683702985 0.5422552327315012 28
1782683704194 0.5341158012549082 29
1782683705374 0.5206780234972636 30
1782683706521 0.5058732976516088 31
1782683707715 0.49403615792592365 32
1782683708919 0.48516418039798737 33
1782683710148 0.46693068246046704 34
1782683711387 0.4586826314528783 35
1782683712587 0.44619659582773846 36
1782683713754 0.43902193506558734 37
1782683714979 0.4211532423893611 38
1782683716179 0.4164792348941167 39
1782683717368 0.40606142083803815 40
1782683718556 0.39259857436021167 41
1782683719787 0.3850606828927994 42
1782683720975 0.3734954545895259 43
1782683722207 0.36683888733386993 44
1782683723419 0.3578865776459376 45
1782683724660 0.34886372089385986 46
1782683725922 0.3423774639765422 47
1782683727105 0.338384672999382 48
1782683728288 0.3276802549759547 49
1782683729558 0.319260706504186 50
1782683730741 0.31823532780011493 51
1782683731937 0.31593024233977 52
1782683733126 0.30110761026541394 53
1782683734381 0.29555778702100116 54
1782683735617 0.2919269949197769 55
1782683736799 0.28335196276505786 56
1782683737992 0.27459744612375897 57
1782683739184 0.26910699407259625 58
1782683740367 0.2624795064330101 59
