1783495929201 1.1579729444102238 1
1783495934278 0.9898810684680939 2
1783495939275 0.8953320101687783 3
1783495944302 0.8060771289624666 4
1783495949447 0.7134203957883936 5
1783495954421 0.6264982474477667 6
1783495959383 0.5435965547436162 7
1783495964437 0.4739051108297549 8
1783495969502 0.4072306901216507 9
1783495974578 0.34691405139471354 10
1783495979603 0.29739719864569214 11
1783495984652 0.26090463133234726 12
1783495989733 0.22393871804601267 13
1783495994748 0.20400036126375198 14
1783495999767 0.1854428229363341 15
1783496004734 0.16474130828129618 16
1783496009648 0.156427579490762 17
1783496014667 0.14559087098429077 18
1783496019702 0.13692466169595718 19
1783496024621 0.13387302446522212 20
1783496029663 0.12890819773862236 21
1783496034759 0.1280860336203324 22
1783496039778 0.12369875923583382 23
1783496044713 0.11984921325194209 24
1783496049748 0.12034344830011066 25
1783496054649 0.1168015101238301 26
1783496059850 0.11746739576521673 27
1783496064795 0.11072057465973653 28
1783496069824 0.10761630044955957 29
1783496074841 0.10813726014212559 30
1783496079830 0.10817759817368106 31
1783496084895 0.1074720736789076 32
1783496089955 0.1125647458983095 33
