1781906085362 1.457239221303891 1
1781906105612 1.3298993294055645 2
1781906126163 1.2391005173707619 3
1781906146314 1.1722137866876063 4
1781906166690 1.1108550077829606 5
1781906187243 1.0555935868850121 6
1781906208077 1.0013771637892113 7
1781906228797 0.9533958037694296 8
1781906249286 0.9031048019727071 9
1781906269886 0.857423525590163 10
1781906290625 0.8161677229098785 11
1781906311591 0.7829542236450391 12
1781906332277 0.7524195603835278 13
1781906352947 0.7291248456025735 14
1781906373682 0.6892408591050369 15
1781906394401 0.6669256595464853 16
1781906415955 0.649091960527958 17
1781906436745 0.6263886430324652 18
1781906457440 0.6090941597253848 19
1781906477914 0.598141460846632 20
1781906498458 0.5825844957278326 21
1781906519529 0.569240676286893 22
1781906539838 0.5636264162185864 23
1781906560491 0.5468229911266229 24
1781906581081 0.5420419550859011 25
1781906601838 0.5333988666534424 26
1781906622791 0.5266348811296316 27
1781906643410 0.5204212413384364 28
1781906665234 0.5116913204009716 29
1781906686686 0.5083877742290497 30
1781906707514 0.49820097745993197 31
1781906729454 0.4914982922566243 32
1781906750188 0.4848017088877849 33
1781906770412 0.4818961773163233 34
1781906791664 0.48251577218373615 35
1781906812381 0.47456279473427015 36
1781906834180 0.4641499526989766 37
1781906854639 0.4653273759744106 38
1781906875337 0.4629683517492734 39
1781906896134 0.45708546195274746 40
1781906916609 0.4554116206291394 41
1781906939486 0.45619555314381915 42
1781906960195 0.44424844399476665 43
1781906981068 0.4452132162375328 44
1781907001648 0.44640283324779606 45
1781907022343 0.4369245973917154 46
1781907042663 0.4341790637908838 47
1781907062975 0.4323264933549441 48
1781907083407 0.4349428017934163 49
1781907103827 0.42712238813057923 50
1781907124352 0.4344012798407139 51
1781907144584 0.42631419270466536 52
1781907164949 0.41854241719612706 53
1781907185476 0.4132372775138953 54
1781907206161 0.41719777767474836 55
1781907226595 0.4189867759362245 56
1781907246777 0.4117374504223848 57
1781907267082 0.41008888223232365 58
1781907288021 0.4076160971934979 59
1781907308539 0.4095160632561415 60
1781907329405 0.4026527901490529 61
1781907349975 0.3976271358820108 62
1781907370400 0.3988628540283594 63
1781907390908 0.4007014815623944 64
1781907411175 0.3971668879191081 65
1781907431714 0.38901207462335247 66
1781907452363 0.39194928377102584 67
1781907472725 0.3918225979193663 68
1781907493533 0.4022587415499565 69
1781907513831 0.3895226961527115 70
