1782651042405 1.2762619165273814 1
1782651044602 1.1843607700788057 2
1782651046846 1.133677968612084 3
1782651049030 1.0888631894038274 4
1782651051287 1.0496001151891856 5
1782651053580 1.0252344745856066 6
1782651055867 0.9859575996032128 7
1782651058186 0.9524465111585764 8
1782651060374 0.9299179086318383 9
1782651062671 0.9004535308251014 10
1782651064864 0.8754807160450861 11
1782651067121 0.8492432970267075 12
1782651069467 0.833413091989664 13
1782651071763 0.8048442648007319 14
1782651074050 0.779577191059406 15
1782651076406 0.7602926263442407 16
1782651078631 0.7245561801470243 17
1782651080851 0.7057232306553767 18
1782651083040 0.6839048358110281 19
1782651085311 0.6681241209690387 20
1782651087586 0.6494784538562481 21
1782651089873 0.6325058020078219 22
1782651092099 0.6224280916727506 23
1782651094364 0.5931896062997671 24
1782651096614 0.5841660224474393 25
1782651098873 0.560346768452571 26
1782651101166 0.5486875084730295 27
1782651103434 0.5379527234114133 28
1782651105624 0.5343691294009869 29
1782651107986 0.511087206693796 30
1782651110295 0.5112571395360507 31
1782651112676 0.4847893646130195 32
1782651114922 0.4749259719481835 33
1782651117239 0.45653404410068804 34
1782651119464 0.44340256773508513 35
1782651121720 0.4459058917485751 36
1782651123988 0.43735375771155727 37
1782651126300 0.4306632326199458 38
1782651128590 0.41649573812117946 39
1782651130858 0.40452853532937855 40
1782651133124 0.397771791769908 41
1782651135393 0.3804435133934021 42
