1781735378757 1.3556361870887952 1
1781735395401 1.2552451200974293 2
1781735414539 1.1884426764952831 3
1781735431136 1.1283328533172607 4
1781735448052 1.061386994826488 5
1781735465368 0.9932256998159946 6
1781735482027 0.9303279289832482 7
1781735499396 0.8597304882147373 8
1781735517352 0.8012166237219785 9
1781735533473 0.7485177914301554 10
1781735550125 0.6982923318178226 11
1781735567544 0.6464295371984824 12
1781735584638 0.6083062275862082 13
1781735602361 0.5679836823390081 14
1781735620415 0.5344399657004919 15
1781735638022 0.5121529958187006 16
1781735658549 0.4865664465305133 17
1781735675000 0.4813064581308609 18
1781735692507 0.45550577839215595 19
1781735709841 0.4433417992714124 20
1781735727011 0.42505340698437816 21
1781735745213 0.3974417845408122 22
1781735763105 0.3944767843454312 23
1781735780645 0.37590938118787914 24
1781735797196 0.3768010338147481 25
1781735814082 0.3596761364203233 26
1781735831127 0.34727176030476886 27
1781735848802 0.34261672619061595 28
1781735866453 0.33130816389352846 29
1781735884309 0.3214608056422992 30
1781735902083 0.3182401282665057 31
1781735918161 0.3204390987371787 32
1781735934773 0.2983240469908103 33
1781735952002 0.30139407286277187 34
1781735969259 0.2866544620348857 35
1781735986482 0.2906995217005412 36
1781736003975 0.2638615671640787 37
1781736020999 0.2574138641357422 38
1781736037972 0.26593101483124953 39
1781736054765 0.2728101527079558 40
1781736071964 0.2612233307117071 41
1781736089253 0.2413541445365319 42
1781736106313 0.23391431952134156 43
1781736123737 0.2402695295138237 44
1781736140832 0.22282731724091065 45
1781736157529 0.2336862950752943 46
