1782596132583 1.0847441776126039 1
1782596138650 0.8226201744640574 2
1782596144780 0.6762891061165753 3
1782596150861 0.5589137398729137 4
1782596156971 0.44768403090682685 5
1782596163150 0.3705017595898871 6
1782596169340 0.3059500742192362 7
1782596175505 0.2557406329056796 8
1782596181613 0.22198395577131533 9
1782596187679 0.1960964077243618 10
1782596193720 0.16850824186614916 11
1782596199781 0.15713588133746503 12
1782596205855 0.15735391279061636 13
1782596212124 0.140140559305163 14
1782596218325 0.12879781249691458 15
1782596224448 0.12018417932239234 16
1782596230588 0.11664483228734895 17
1782596236783 0.10949943141610015 18
1782596242859 0.10621159216936897 19
1782596249099 0.10845798926026214 20
1782596255261 0.09875418873978596 21
1782596261411 0.0932885349965563 22
1782596267678 0.09130650481172636 23
1782596273877 0.08927177155719083 24
1782596279965 0.08937354794904298 25
1782596286029 0.08476327359676361 26
1782596292177 0.08534854066138174 27
1782596298447 0.09406979586563859 28
1782596313620 0.08501591328896728 29
1782596319707 0.08461551733461081 30
1782596325834 0.07479834337444867 31
1782596331854 0.07731560654207772 32
1782596337966 0.07210343674409624 33
1782596344239 0.07501034336347207 34
1782596350295 0.07181688836392235 35
1782596356481 0.07124748037141912 36
1782596362500 0.06759621283295107 37
1782596368581 0.0726144080799 38
1782596374600 0.06927096595366795 39
1782596380631 0.0630749153594176 40
1782596386746 0.06605536490678787 41
1782596392839 0.06865128662948515 42
1782596399013 0.0660175682575095 43
1782596405068 0.06702830912727936 44
1782596411146 0.06211296761152791 45
1782596417181 0.06274921403211706 46
1782596423210 0.06942317605602975 47
1782596429365 0.060608970622221627 48
1782596435512 0.061070908153173974 49
1782596441570 0.060300953759282246 50
