1782693379820 2.818133156875084 1
1782693397041 2.621954687710466 2
1782693413888 2.435897712049813 3
1782693431813 2.2424135948049613 4
1782693448830 2.041903220374009 5
1782693466177 1.847394375965513 6
1782693482980 1.6568726177873283 7
1782693499618 1.487036626914452 8
1782693518250 1.3389814886553535 9
1782693534538 1.2179988540452102 10
1782693551764 1.1209880319134942 11
1782693574711 1.0362258697378224 12
1782693593534 0.9679587545066044 13
1782693610513 0.9113992822581324 14
1782693628578 0.8571707709082241 15
1782693646229 0.8119857948401878 16
1782693664950 0.7761638143966938 17
1782693681650 0.7449648236406261 18
1782693705907 0.7204422210824901 19
1782693723872 0.6927060793186056 20
1782693742060 0.6758020253017031 21
1782693760225 0.6582661271095276 22
1782693777153 0.6456560718602148 23
1782693794117 0.62628933479046 24
1782693813288 0.612557039178651 25
1782693831510 0.6019766474592274 26
1782693849260 0.5939875738374119 27
1782693868030 0.5857562052792517 28
1782693885606 0.5765493265513716 29
1782693902940 0.5682637917584387 30
1782693919942 0.5611355695231207 31
1782693937056 0.5590095663892811 32
1782693955527 0.5524025723851961 33
1782693973109 0.5418462599145955 34
1782693990352 0.534079404740498 35
1782694007803 0.5270953147575773 36
1782694024675 0.5217942883228434 37
1782694042326 0.518555309238105 38
1782694059843 0.5118547421077202 39
1782694077029 0.5099488065160555 40
1782694094717 0.5077427666762779 41
1782694111980 0.50369560821303 42
1782694130877 0.5010611867082531 43
1782694148073 0.4970312365170183 44
1782694165030 0.4990782213622126 45
1782694182858 0.493009928999276 46
