1782350719623 1.5190581226348876 1
1782350724349 1.3629972553253173 2
1782350728890 1.2869639825820922 3
1782350733757 1.2181161069869995 4
1782350738459 1.1527575206756593 5
1782350743712 1.092172417640686 6
1782350749519 1.0325401616096497 7
1782350754766 0.9769265174865722 8
1782350759811 0.9253087735176087 9
1782350764657 0.873501045703888 10
1782350769696 0.8237709212303161 11
1782350774797 0.7752809834480285 12
1782350779852 0.7292101073265076 13
1782350784583 0.6865330505371093 14
1782350789451 0.6499819445610047 15
1782350794259 0.6085326266288758 16
1782350799119 0.5789703726768494 17
1782350803968 0.543139363527298 18
1782350808981 0.5106663632392884 19
1782350813960 0.4847003245353699 20
1782350819247 0.4649249994754791 21
1782350824033 0.44674733400344846 22
1782350829243 0.42119392633438113 23
1782350834483 0.39999117851257326 24
1782350839639 0.38431406259536743 25
1782350844685 0.3700606989860535 26
1782350849624 0.35769498586654663 27
1782350854810 0.34899123549461364 28
1782350859881 0.3400135922431946 29
1782350864926 0.32994870603084564 30
1782350869895 0.3352820217609406 31
1782350874938 0.32576393365859985 32
1782350879661 0.31395308911800385 33
1782350884510 0.3070389401912689 34
1782350889411 0.3038717079162598 35
1782350894203 0.29708824813365936 36
1782350899283 0.29374906063079836 37
1782350904255 0.2890794962644577 38
1782350909351 0.28566169798374175 39
1782350914381 0.2829962998628616 40
1782350919433 0.2832791459560394 41
1782350924488 0.27949561715126037 42
1782350929732 0.2778694349527359 43
1782350934660 0.2824289792776108 44
1782350939440 0.2767911523580551 45
1782350944523 0.2718424838781357 46
1782350949775 0.2703996485471725 47
1782350954944 0.27023398101329804 48
1782350959978 0.2656132435798645 49
