1783499099334 1.5555834621191025 1
1783499101088 1.4471332877874374 2
1783499102693 1.4051823019981384 3
1783499104303 1.3820629268884659 4
1783499105959 1.3633157014846802 5
1783499107609 1.3415670692920685 6
1783499109247 1.3211568146944046 7
1783499110883 1.304230585694313 8
1783499112548 1.2945192903280258 9
1783499114202 1.2881982922554016 10
1783499115901 1.2582205682992935 11
1783499117528 1.2412453889846802 12
1783499119146 1.2211560606956482 13
1783499120779 1.2088169753551483 14
1783499122424 1.2094015032052994 15
1783499124044 1.1941724717617035 16
1783499125679 1.1725793182849884 17
1783499127311 1.1618726998567581 18
1783499128910 1.1382168978452682 19
1783499130523 1.1322197765111923 20
1783499132164 1.1511202305555344 21
1783499133754 1.100324735045433 22
1783499135376 1.097184181213379 23
1783499137051 1.0785658359527588 24
1783499138676 1.059984765946865 25
1783499140321 1.0530034005641937 26
1783499141990 1.0273173823952675 27
1783499143656 1.0262491181492805 28
1783499145319 1.0013469010591507 29
1783499146961 0.999988742172718 30
1783499148585 0.9893515184521675 31
1783499150214 0.9717304781079292 32
1783499151822 0.9505805894732475 33
1783499153461 0.9441981688141823 34
1783499155078 0.9342755675315857 35
1783499156682 0.9239059314131737 36
1783499158300 0.9146681278944016 37
1783499159927 0.889254555106163 38
1783499161561 0.8777484968304634 39
1783499163190 0.8814257010817528 40
1783499164775 0.8760293200612068 41
1783499166432 0.8615400716662407 42
1783499168051 0.8402722030878067 43
1783499169725 0.8469501957297325 44
1783499171378 0.8166062012314796 45
1783499172985 0.8013420477509499 46
