1782662494078 1.2026481114181817 1
1782662500341 0.9949407110027239 2
1782662506550 0.8405600084977991 3
1782662512800 0.6974554225510242 4
1782662519069 0.5721973169083688 5
1782662525399 0.4629334445093192 6
1782662531926 0.3706849094699411 7
1782662538232 0.31081689280622143 8
1782662544627 0.24811280124327717 9
1782662550981 0.21686135992115618 10
1782662557329 0.19106719891230264 11
1782662563659 0.16932234986155642 12
1782662570052 0.15877788557725794 13
1782662576548 0.14751680472902223 14
1782662583239 0.13836416324564055 15
1782662589607 0.13189137493278466 16
1782662596000 0.1176329843846022 17
1782662602397 0.11658933524991952 18
1782662608687 0.11000244538573657 19
1782662615078 0.10978922496239345 20
1782662621414 0.10122576151408401 21
1782662627813 0.09893552023990482 22
1782662634197 0.09723081249816745 23
1782662640518 0.09330830971399943 24
1782662646953 0.09260404562833262 25
1782662653351 0.08776400764198865 26
1782662659680 0.08279847061517191 27
1782662666164 0.08783184196434769 28
1782662672524 0.08716838967566397 29
1782662678757 0.0822923332452774 30
1782662685041 0.07932036822917414 31
1782662691477 0.07890739437996172 32
1782662697709 0.0785636998274747 33
1782662704027 0.0757641154615318 34
1782662710460 0.08292306243788962 35
1782662716919 0.07641485961628895 36
1782662723214 0.07171641772284228 37
1782662729587 0.06914383903437969 38
1782662735927 0.06882358167101355 39
1782662742275 0.07002494520708627 40
1782662748580 0.06543176927987267 41
1782662755017 0.06551852763867845 42
1782662761388 0.0655894229078994 43
1782662767748 0.06587880827924784 44
1782662774251 0.06399530501050107 45
1782662780647 0.06421216475028618 46
1782662787063 0.0679789178219496 47
1782662793375 0.06279550237106342 48
