1782336626003 1.5576221942901611 1
1782336630502 0.8016525650024414 2
1782336635113 0.6154450535774231 3
1782336639820 0.5282396721839905 4
1782336644361 0.476385897397995 5
1782336648830 0.4566339492797852 6
1782336653341 0.42361547708511355 7
1782336657762 0.415065199136734 8
1782336662232 0.4038274025917053 9
1782336666650 0.39806084156036375 10
1782336671140 0.381011825799942 11
1782336675606 0.3746513438224792 12
1782336680139 0.3666117036342621 13
1782336684629 0.35877134442329406 14
1782336698302 0.3586069166660309 15
1782336702956 0.34549102663993836 16
1782336707487 0.34185619950294494 17
1782336711883 0.3363168120384216 18
1782336716334 0.3318879783153534 19
1782336720821 0.3256126070022583 20
1782336725494 0.32298538088798523 21
1782336730012 0.3212596464157105 22
1782336734381 0.3109442257881165 23
1782336738796 0.3089550745487213 24
1782336743227 0.3055496895313263 25
1782336747688 0.3034215831756592 26
1782336752221 0.3048279428482056 27
1782336756737 0.29850227892398834 28
1782336761260 0.30001401126384736 29
1782336765653 0.2966462206840515 30
1782336770225 0.2940850806236267 31
1782336774561 0.28678245186805723 32
1782336778973 0.2842424613237381 33
1782336783681 0.2894544267654419 34
1782336788140 0.2887615752220154 35
1782336792625 0.28207774996757506 36
1782336797028 0.28328467726707457 37
1782336806740 0.2813104647397995 38
1782336811141 0.2779655522108078 39
1782336815437 0.29153660237789153 40
