1779379763580 1.1430960645675659 1
1779379812367 0.4800519305169582 2
1779379862430 0.216429593577981 3
1779379913284 0.19254960477352143 4
1779379962580 0.18627155999839307 5
1779380012144 0.1835200852304697 6
1779380062038 0.17606306533515453 7
1779380110844 0.17388871675729753 8
1779380161765 0.17394759401679039 9
1779380211969 0.17281040312349796 10
1779380262083 0.1664115619659424 11
1779380311056 0.1655819157063961 12
1779380361860 0.16454189948737621 13
1779380417791 0.16362550234794618 14
1779380472672 0.1613640561848879 15
1779380524166 0.16160771170258523 16
1779380575106 0.1595169450491667 17
1779380626855 0.15905195154249668 18
1779380677459 0.15766865753382445 19
1779380733149 0.15734207221865654 20
