1782393730053 1.5703691482543944 1
1782393735006 1.4625713109970093 2
1782393739938 1.390546636581421 3
1782393744736 1.3190508604049682 4
1782393749443 1.2485546207427978 5
1782393754248 1.1869061803817749 6
1782393758742 1.1292810916900635 7
1782393763515 1.0672065830230713 8
1782393767871 1.0075765180587768 9
1782393772280 0.9502432274818421 10
1782393776883 0.8943952512741089 11
1782393781481 0.8379706311225891 12
1782393785823 0.7853872990608215 13
1782393790400 0.7338291025161743 14
1782393795032 0.682331748008728 15
1782393799574 0.6340094017982483 16
1782393804059 0.5922974801063537 17
1782393808489 0.5538868618011474 18
1782393812983 0.519096792936325 19
1782393817468 0.49190016746521 20
1782393821763 0.4555032408237457 21
1782393826529 0.43305918931961057 22
1782393831224 0.41081817507743834 23
1782393836157 0.39270672559738157 24
1782393840580 0.3772332978248596 25
1782393845167 0.3661705219745636 26
1782393849695 0.35389257192611695 27
1782393854243 0.34139105916023255 28
1782393858666 0.3346488130092621 29
1782393863287 0.32546714901924134 30
1782393867772 0.31955726265907286 31
1782393872366 0.31473167181015016 32
1782393876783 0.3170131289958954 33
1782393881555 0.3096433162689209 34
1782393886038 0.305580552816391 35
1782393890810 0.2947713989019394 36
1782393895668 0.291631982922554 37
1782393900523 0.29139338433742523 38
1782393905315 0.29752680122852326 39
1782393910205 0.2903911888599396 40
1782393914965 0.2880884742736816 41
