1782693077013 3.6284785866737366 1
1782693122885 3.447103134223393 2
1782693162023 3.286024510860443 3
1782693202792 3.1005643606185913 4
1782693239082 2.8768957001822337 5
1782693275316 2.6287952150617326 6
1782693309598 2.3623097794396535 7
1782693344704 2.085599775825228 8
1782693380681 1.8379167744091578 9
1782693414443 1.6301435232162476 10
1782693449891 1.4713416482721056 11
1782693487987 1.3565111117703574 12
1782693527854 1.2770957946777344 13
1782693566385 1.2153504022530146 14
1782693602309 1.1704696757452828 15
1782693639861 1.1398221552371979 16
1782693675113 1.1093795427254267 17
1782693714206 1.0862490109034948 18
1782693749250 1.0669279311384474 19
1782693785505 1.0489911351885115 20
1782693823684 1.0327752317701067 21
1782693860247 1.016348021371024 22
1782693905139 1.0020980685949326 23
