1783007830695 1.510966796875 1
1783007835289 1.434201593399048 2
1783007839558 1.3718882989883423 3
1783007843901 1.3098946475982667 4
1783007848159 1.2461315393447876 5
1783007852590 1.1828294944763185 6
1783007856919 1.119797534942627 7
1783007861233 1.0549204134941101 8
1783007865591 0.9915883684158325 9
1783007869959 0.9312818002700806 10
1783007874267 0.872569682598114 11
1783007878638 0.8171437001228332 12
1783007882984 0.7563971138000488 13
1783007887308 0.7000394535064697 14
1783007891565 0.6475305271148681 15
1783007895775 0.6031288862228393 16
1783007900109 0.5580687844753265 17
1783007904459 0.5219522130489349 18
1783007908926 0.48422582268714903 19
1783007913362 0.4501447904109955 20
1783007917679 0.4237740612030029 21
1783007922040 0.40155835390090944 22
1783007926392 0.3843595027923584 23
1783007930829 0.36250872373580934 24
1783007935102 0.3471125066280365 25
1783007939489 0.33990930557250976 26
1783007943970 0.32742761075496674 27
1783007948447 0.3131101036071777 28
1783007953017 0.30254484236240387 29
1783007957339 0.2927224791049957 30
1783007961963 0.2843319314718247 31
1783007966926 0.28348284602165225 32
1783007971224 0.2780065178871155 33
1783007975892 0.27787197530269625 34
1783007980299 0.2738349634408951 35
1783007984618 0.2678817671537399 36
1783007989462 0.26268688678741453 37
1783007993807 0.25873620450496676 38
1783007998179 0.25952196478843687 39
1783008008671 0.2582950323820114 40
1783008013125 0.25333601772785186 41
1783008017456 0.2522918903827667 42
1783008021780 0.24882012486457825 43
1783008026054 0.24845812797546388 44
1783008030329 0.24408559381961822 45
1783008034797 0.2408055329322815 46
1783008039141 0.2511079823970795 47
1783008043566 0.2558783721923828 48
