1782691365500 1.1694528303648297 1
1782691377307 1.009400482240476 2
1782691389278 0.9115241091502341 3
1782691401269 0.8145309796458796 4
1782691413180 0.7247792058869412 5
1782691425221 0.6421139601029848 6
1782691437357 0.5582219785765598 7
1782691449400 0.47910749363271815 8
1782691461452 0.41676194965839386 9
1782691473538 0.35015029107269485 10
1782691485626 0.29866476670691844 11
1782691497551 0.26062781442152827 12
1782691509551 0.2286152922009167 13
1782691521493 0.20174592262820193 14
1782691533568 0.18241831895552182 15
1782691545469 0.16606157704403526 16
1782691557424 0.15349498018622398 17
1782691569484 0.150861706584692 18
1782691581548 0.14249306015278163 19
1782691593576 0.1345969881666334 20
1782691605577 0.12899886659885706 21
1782691617586 0.12298017701036051 22
1782691629600 0.12096490475692247 23
1782691641676 0.11764338377274965 24
1782691653673 0.13752120125450587 25
1782691665639 0.12128637868322824 26
1782691677680 0.11367074400186539 27
1782691689653 0.1107874206806484 28
1782691701739 0.10688856244087219 29
1782691713712 0.11172626226356155 30
1782691725748 0.10974677612907008 31
1782691737814 0.10698641934677174 32
1782691749901 0.10337589641934947 33
1782691761891 0.10348031277719297 34
1782691773904 0.10221115676195998 35
1782691785952 0.10162751553089995 36
1782691798002 0.1003684007415646 37
