1783496059365 2.436770659226638 1
1783496063860 2.2746414037851186 2
1783496068943 2.1709314309633694 3
1783496073635 2.1033074855804443 4
1783496078316 2.0428858628639808 5
1783496083150 1.9930698321415827 6
1783496088057 1.9309656069828913 7
1783496092732 1.8618798072521503 8
1783496097473 1.7940776714911828 9
1783496102282 1.7233855082438543 10
1783496107109 1.654846530694228 11
1783496111515 1.585879215827355 12
1783496116354 1.5243408404863799 13
1783496120800 1.4563033122282762 14
1783496125827 1.3898956500566924 15
1783496130668 1.3277904712236845 16
1783496135324 1.2718276519041796 17
1783496140266 1.2207236014879668 18
1783496144808 1.1686113797701323 19
1783496149592 1.1179413428673377 20
1783496154315 1.0750833658071666 21
1783496159075 1.032352016522334 22
1783496164276 0.9913309950094956 23
1783496169038 0.9466841312555166 24
1783496173614 0.9128769223506634 25
1783496178417 0.8724852250172541 26
1783496183012 0.8394087736423199 27
1783496187501 0.808377573123345 28
1783496192228 0.7729719831393316 29
1783496197079 0.7532766415522649 30
1783496202075 0.721923094529372 31
1783496206959 0.6953984865775475 32
1783496211784 0.6701537508230943 33
1783496216768 0.656430395749899 34
1783496221188 0.6351043811211219 35
1783496226112 0.6201026806464562 36
1783496231179 0.6035049236737765 37
1783496236212 0.5847550859818091 38
1783496240857 0.5717011094093323 39
1783496245703 0.5512557763319749 40
1783496250364 0.5402871278616098 41
1783496255088 0.5322000934527471 42
1783496259957 0.5148308139580947 43
1783496264656 0.502305227976579 44
1783496269263 0.49749783827708316 45
1783496274161 0.48849284190397996 46
1783496278721 0.4793867331284743 47
1783496283367 0.47300891463573164 48
1783496287824 0.4651480523439554 49
1783496293210 0.450190197962981 50
1783496297868 0.4489418543302096 51
