1782066607699 1.2963120107650756 1
1782066670006 1.0370027494430543 2
1782066728187 1.0349995260238647 3
1782066787568 1.0172775394916533 4
1782066845535 0.9895860419273377 5
1782066908129 0.9454746222496033 6
1782066970362 0.7948150599002838 7
1782067031100 0.7222293176651001 8
1782067090081 0.6924892070293427 9
1782067148907 0.6737937059402466 10
1782067208398 0.6599581930637359 11
1782067270614 0.6455478363037109 12
1782067330100 0.6340307142734528 13
1782067388509 0.6249895305633545 14
1782067448538 0.6141500544548034 15
1782067508560 0.6059893410205841 16
1782067567203 0.5985637328624726 17
1782067626914 0.5914510862827301 18
1782067686694 0.5854504989385605 19
1782067742958 0.5776377594470978 20
1782067803265 0.5716010512113571 21
1782067862126 0.563706392288208 22
1782067928203 0.5569886087179184 23
1782067986677 0.5505684391260147 24
1782068052639 0.5454206984043122 25
1782068112963 0.5388668074607849 26
1782068174417 0.5335173182487488 27
1782068234237 0.5279257073402405 28
1782068297654 0.524100202202797 29
1782068358371 0.517795107126236 30
1782068430262 0.5132631351947784 31
1782068490642 0.5088933024406433 32
1782068557604 0.5042710345983505 33
1782068618805 0.49974331378936765 34
1782068685033 0.49650018429756165 35
1782068743994 0.4932623413801193 36
1782068808510 0.49046339786052706 37
1782068869805 0.48797636389732363 38
1782068933050 0.4845044560432434 39
1782068992479 0.4813879474401474 40
1782069057540 0.478963490486145 41
1782069117701 0.4754323840141296 42
1782069184751 0.47366815638542176 43
1782069247051 0.4715031280517578 44
1782069312312 0.4693550689220429 45
1782069372347 0.4657574591636658 46
1782069437683 0.46402064406871796 47
1782069498830 0.46227902340888977 48
1782069563327 0.45964845657348635 49
1782069621909 0.4593041524887085 50
1782069682755 0.45547558760643003 51
1782069752457 0.4546817082166672 52
1782069811861 0.45349676632881164 53
1782069870161 0.4507006254196167 54
1782069935568 0.44761721742153165 55
1782069994047 0.44751139533519746 56
1782070056186 0.44621333849430084 57
1782070116580 0.44449331831932065 58
1782070182069 0.4420579478740692 59
1782070246380 0.44166452968120573 60
1782070312532 0.4406329687833786 61
1782070373139 0.43938731360435485 62
1782070434787 0.4369170252084732 63
1782070491573 0.43610570347309113 64
1782070555083 0.4341392334699631 65
1782070616227 0.43273207437992095 66
1782070677033 0.43143120729923246 67
1782070742747 0.4324289779663086 68
1782070799200 0.4312534016370773 69
1782070862662 0.42927819097042086 70
1782070919509 0.4283429874181747 71
1782070983990 0.4283876668214798 72
1782071044946 0.42626089918613436 73
1782071106833 0.42614215207099915 74
1782071165013 0.425558446764946 75
1782071225073 0.4251489510536194 76
1782071288816 0.42272214269638064 77
1782071345994 0.42193826043605803 78
1782071410148 0.4211163057088852 79
1782071469732 0.42024172377586366 80
1782071535089 0.4214430718421936 81
1782071595153 0.4208666917085648 82
1782071656161 0.41990416717529294 83
1782071717063 0.41879995822906496 84
1782071775782 0.41790096724033354 85
1782071837668 0.41788269972801206 86
1782071893150 0.41706547915935516 87
1782071956017 0.4179542328119278 88
1782072013219 0.4169044455289841 89
1782072082895 0.414338604927063 90
1782072143005 0.4153915852308273 91
1782072206179 0.41429292368888854 92
1782072268794 0.41320745718479157 93
1782072327878 0.41439669477939606 94
1782072396049 0.41230981159210206 95
1782072455583 0.4117110464572907 96
1782072521234 0.4113260477781296 97
1782072579043 0.41106641113758086 98
1782072642824 0.41186003959178924 99
1782072701258 0.41203008019924164 100
