1783011089268 2.4187286450312686 1
1783011094017 2.3289800607241116 2
1783011098469 2.246266475090614 3
1783011102943 2.1829786484058085 4
1783011107903 2.118275293937096 5
1783011112383 2.0585909623366137 6
1783011116962 1.9883114924797645 7
1783011121303 1.918175147129939 8
1783011126042 1.8573993077644935 9
1783011130900 1.7800624370574951 10
1783011135362 1.6931864206607525 11
1783011139892 1.6169466972351074 12
1783011144849 1.5360268079317534 13
1783011149427 1.456176290145287 14
1783011153868 1.378022239758418 15
1783011158686 1.3113647974454439 16
1783011162987 1.2528208585885854 17
1783011167800 1.1879902802980864 18
1783011172507 1.1288207035798292 19
1783011177115 1.0735771380938017 20
1783011182085 1.0291246634263258 21
1783011186433 0.9814103887631342 22
1783011191231 0.9455834122804495 23
1783011195680 0.907057693371406 24
1783011200274 0.8788504692224356 25
1783011204802 0.8470855951309204 26
1783011209250 0.8181630510550278 27
1783011213858 0.7969759244185227 28
1783011218452 0.7762024265069228 29
1783011223298 0.7545603238619291 30
1783011227871 0.7249772136027997 31
1783011232793 0.6926754254561204 32
1783011237310 0.6681449825947101 33
1783011242344 0.6489220353273245 34
1783011246709 0.6258450746536255 35
1783011251427 0.6102238847659185 36
1783011256076 0.6003430027228135 37
1783011260891 0.5817072941706731 38
1783011265475 0.5787213903207046 39
1783011270177 0.5659940380316514 40
1783011274945 0.5507453725888178 41
1783011279947 0.5326692759990692 42
1783011284619 0.5308132011156815 43
1783011289551 0.5195848987652705 44
1783011294201 0.510767407142199 45
1783011298934 0.5031939148902893 46
1783011303520 0.49048062012745786 47
1783011307851 0.48586455904520476 48
1783011312518 0.4807864335867075 49
1783011317235 0.47217562794685364 50
1783011321906 0.4701515504947075 51
1783011326432 0.45949040467922503 52
1783011331334 0.45922629420573896 53
1783011335892 0.4567723824427678 54
1783011340494 0.4504545766573686 55
1783011345272 0.451775454557859 56
1783011349804 0.44482073417076695 57
1783011354272 0.44677215585341823 58
1783011358892 0.45196232428917515 59
1783011363422 0.44697125599934506 60
1783011367936 0.43188692514712995 61
1783011372581 0.4367835888495812 62
1783011377357 0.4265770476598006 63
1783011382332 0.42724554584576535 64
1783011387083 0.4201169747572679 65
1783011391675 0.4180787962216597 66
1783011396502 0.4161172669667464 67
1783011401504 0.41240396866431606 68
1783011406277 0.41047190244381243 69
1783011410852 0.40668376363240755 70
1783011415512 0.40327503360234773 71
1783011420430 0.4052578577628502 72
1783011425079 0.4118053110746237 73
1783011429962 0.4075397069637592 74
1783011434515 0.40678004576609683 75
1783011439077 0.39572734786913943 76
1783011443872 0.4087076141284062 77
1783011448329 0.3937803575625786 78
1783011452967 0.4017546153985537 79
1783011457595 0.4015378883251777 80
1783011462504 0.3886594749414004 81
1783011467122 0.3967761741234706 82
1783011471716 0.396334354694073 83
1783011476212 0.40308549312444836 84
1783011480770 0.39550091670109677 85
1783011485211 0.3938673253242786 86
1783011490178 0.39108120936613816 87
1783011494871 0.38625523906487685 88
1783011499385 0.38178181419005763 89
1783011503870 0.3849045382096217 90
1783011508531 0.38755412514393145 91
