1781203470071 1.8159134293359422 1
1781203485538 1.3752175720911177 2
1781203501118 1.052978653756399 3
1781203518108 1.0447122710091727 4
1781203533825 1.0420336628717088 5
1781203550344 1.0405668209469507 6
1781203566866 1.0395524407189989 7
1781203583546 1.0390379542396182 8
1781203600674 1.0385712006735424 9
1781203617382 1.0383590857187908 10
1781203632982 1.0382759438620672 11
1781203648896 1.037885860791282 12
1781203666530 1.0374019108121357 13
1781203681305 1.0368999961822751 14
1781203697861 1.0350410408443875 15
1781203714494 1.025677658262707 16
1781203730183 0.9953688487174019 17
1781203746360 0.9732865066755385 18
1781203761910 0.9630098456428164 19
1781203776921 0.9569662071409679 20
1781203792129 0.95268315076828 21
1781203807525 0.9298447569211324 22
1781203823665 0.9056744594422598 23
1781203838991 0.8610366649097867 24
1781203853506 0.7951924971171788 25
1781203868726 0.7831227202264089 26
1781203884353 0.776728904436505 27
1781203899897 0.7704201378519573 28
1781203915817 0.7637778047531371 29
1781203934028 0.759008663041251 30
1781203949587 0.7549510749559554 31
1781203965257 0.7395864195293851 32
1781203981126 0.7322959606609647 33
1781203997300 0.7254321792769054 34
1781204013147 0.7214354806476169 35
1781204030371 0.7169019835335868 36
1781204046478 0.7117219359155685 37
1781204062945 0.7079902272375803 38
1781204079105 0.7067119715705751 39
1781204096212 0.7004129933932471 40
1781204111904 0.6991057717610919 41
1781204128251 0.6940503527247717 42
1781204143955 0.6918080865390717 43
1781204160783 0.6886940768786839 44
1781204177596 0.6846354528078957 45
1781204194123 0.6850147748750354 46
1781204212216 0.6809986612153431 47
1781204227066 0.6765370633867052 48
1781204245126 0.675737738609314 49
1781204262172 0.6755030032188173 50
1781204278837 0.6738635462427897 51
1781204297099 0.6698378286664448 52
1781204312384 0.6708813375896878 53
1781204330695 0.6654966473579407 54
1781204346816 0.6639675573697166 55
1781204362133 0.6606963097103058 56
1781204377884 0.6601952125155737 57
1781204393546 0.6598545776473151 58
1781204414978 0.6601539992150807 59
1781204431008 0.657835478820498 60
1781204446628 0.6576686615035647 61
1781204463697 0.6558576122162834 62
1781204479572 0.6555583079655966 63
1781204495840 0.6538869303370279 64
1781204512026 0.6533548519724891 65
1781204529987 0.6501501089050656 66
1781204547433 0.6490189716929481 67
1781204564248 0.6526349016598293 68
1781204580479 0.6498278029381283 69
1781204597122 0.6466206368945894 70
1781204613834 0.6479715487313649 71
1781204630819 0.645951627738892 72
1781204646280 0.6434464303274003 73
1781204662709 0.6442560790077089 74
1781204679432 0.6412437946077377 75
1781204696364 0.6401554979975261 76
1781204712893 0.6394167305931212 77
1781204728401 0.6445423743081471 78
1781204745269 0.6421127073348515 79
1781204760692 0.6416090414637611 80
1781204776584 0.6390581149903555 81
1781204793588 0.6369335377027118 82
1781204808597 0.637448080948421 83
1781204826096 0.6345041413155813 84
1781204843020 0.6347588698069254 85
1781204859184 0.6315418680508932 86
1781204874744 0.6329456879979088 87
1781204896560 0.6316788452012199 88
1781204913174 0.6298926548352317 89
1781204930270 0.6279533013464913 90
1781204947539 0.627060904389336 91
1781204965596 0.627161129126473 92
1781204981719 0.6263561769137307 93
1781204997047 0.6241840114669194 94
1781205013985 0.624366509535956 95
1781205029541 0.6239134111101665 96
1781205046175 0.6232647072701227 97
1781205062531 0.6230734028513469 98
1781205080756 0.6198424488779098 99
1781205097228 0.6187666824885777 100
