1782651427860 2.1032436986764274 1
1782651437023 1.949604645371437 2
1782651445086 1.8429856499036152 3
1782651453352 1.731602708498637 4
1782651462313 1.6079253007968266 5
1782651471482 1.4863526821136475 6
1782651479525 1.3705701728661854 7
1782651487736 1.2555536429087322 8
1782651496546 1.1500221143166225 9
1782651504578 1.0532219881812732 10
1782651512800 0.9659493093689283 11
1782651520917 0.8890543008844057 12
1782651530635 0.8125979627172152 13
1782651539063 0.7488399793704351 14
1782651547182 0.6875445072849592 15
1782651555457 0.6296490579843521 16
1782651564154 0.5702318996191025 17
1782651573159 0.518570010860761 18
1782651581116 0.47474733491738635 19
1782651588701 0.43100375806291896 20
1782651597225 0.39806224529941875 21
1782651611703 0.36357495933771133 22
1782651619708 0.33417394012212753 23
1782651627759 0.3088032032052676 24
1782651635760 0.27871070864299935 25
1782651646256 0.2545964438468218 26
1782651654802 0.23765501752495766 27
1782651663305 0.2279923353344202 28
1782651674153 0.2124514269332091 29
1782651683467 0.20471658806006113 30
1782651691770 0.19507763721048832 31
1782651700711 0.18481166660785675 32
1782651709806 0.1740243515620629 33
1782651718395 0.16991475286583105 34
1782651726826 0.1654801002393166 35
1782651735473 0.16334116955598196 36
1782651744656 0.16127489507198334 37
1782651753145 0.15615595815082392 38
1782651761580 0.15419877972453833 39
1782651770181 0.14561500741789737 40
1782651779159 0.1416822380075852 41
1782651787423 0.14080611833681664 42
1782651795934 0.13769142205516496 43
