1783496297630 1.2452295714733648 1
1783496304287 1.0026868675269334 2
1783496311165 0.8651881358202766 3
1783496317717 0.7299151397218892 4
1783496324382 0.6159770897790497 5
1783496331037 0.5121189092888552 6
1783496337826 0.4230233425018834 7
1783496344356 0.3571353385261461 8
1783496350963 0.30145246024225275 9
1783496357509 0.2533105091721404 10
1783496364072 0.21474277914739123 11
1783496370521 0.18891008607312745 12
1783496377046 0.17351308990927303 13
1783496383632 0.15189018553378536 14
1783496390222 0.1450585687861723 15
1783496396744 0.13513473932649575 16
1783496403430 0.12732535556835287 17
1783496410025 0.11666619996814166 18
1783496416570 0.11218568521971796 19
1783496423083 0.10536621335674734 20
1783496429704 0.10296747482874814 21
1783496436380 0.096118091952567 22
1783496442955 0.09612320100559908 23
1783496449515 0.09006118905894897 24
1783496456164 0.08544659497691136 25
1783496462666 0.08235862865751865 26
1783496469312 0.08431328219525955 27
1783496475925 0.08037155004693013 28
1783496482535 0.07603865277533438 29
1783496489070 0.07912086052637474 30
1783496495653 0.0730750159013505 31
1783496502242 0.07252147998295579 32
1783496508795 0.07083533507059603 33
1783496515296 0.07208635679939214 34
1783496521779 0.06974111344007884 35
1783496528186 0.0703061266857035 36
1783496534656 0.07228904582706153 37
1783496541180 0.06767894977740213 38
1783496547609 0.06492484843029696 39
1783496554047 0.06520906229521714 40
1783496560466 0.06319946277083135 41
1783496566770 0.06444392930351052 42
1783496573176 0.06135827149538433 43
1783496579617 0.05986137578592581 44
1783496586180 0.062153759905520606 45
1783496592636 0.05934580357051363 46
1783496598995 0.057518724425166264 47
1783496605441 0.06372696102834215 48
1783496611763 0.057906646573660424 49
1783496618097 0.056380588196071925 50
1783496624496 0.05701638670528636 51
1783496630923 0.057491198985600005 52
1783496637326 0.05978161344925562 53
