1782596450441 1.243679408933602 1
1782596456524 1.000533032651041 2
1782596462676 0.8510003288586935 3
1782596468748 0.7193880957715652 4
1782596474797 0.5978677541601891 5
1782596480890 0.4924430467334448 6
1782596486963 0.4069797174603331 7
1782596493122 0.34008147611337547 8
1782596499123 0.29147332088620054 9
1782596505278 0.2420534599645465 10
1782596511383 0.2092867928977106 11
1782596517488 0.18663147968404434 12
1782596523581 0.1761927923151091 13
1782596529641 0.16601827799105176 14
1782596535712 0.1442040868249594 15
1782596541744 0.13791582353559195 16
1782596547859 0.12573735620461257 17
1782596554042 0.11609550770006928 18
1782596560103 0.11140426555100609 19
1782596566307 0.1075204498335427 20
1782596572486 0.11213077181110195 21
1782596578539 0.1007353933710678 22
1782596584701 0.10074594134793562 23
1782596590744 0.09240521388311013 24
1782596596743 0.09232999793454713 25
1782596602824 0.08381328585685469 26
1782596608919 0.08556162142286114 27
1782596614939 0.0877324602767533 28
1782596621001 0.0789238047950408 29
1782596627032 0.08019145227530423 30
1782596633104 0.07494197018882807 31
1782596639212 0.07504080922580232 32
1782596645278 0.08585154382037181 33
1782596651385 0.07377122605548185 34
1782596657511 0.07015382082146757 35
