1782595665091 1.3554689139127731 1
1782595666558 1.2554433792829514 2
1782595668053 1.2282670438289642 3
1782595669542 1.1883739978075027 4
1782595671094 1.1697152704000473 5
1782595672568 1.142865777015686 6
1782595674047 1.1165109276771545 7
1782595675568 1.0839549899101257 8
1782595676999 1.0599520057439804 9
1782595678481 1.0410215854644775 10
1782595680044 1.015317052602768 11
1782595681526 1.006527155637741 12
1782595682994 0.9809398502111435 13
1782595684465 0.9539437517523766 14
1782595685841 0.9382485151290894 15
1782595687265 0.9212618693709373 16
1782595688651 0.9063485786318779 17
1782595690115 0.8772508129477501 18
1782595691647 0.8628289178013802 19
1782595693225 0.8411473706364632 20
1782595694635 0.8189257606863976 21
1782595696127 0.8055549636483192 22
1782595697595 0.7953780442476273 23
1782595699082 0.7717487066984177 24
1782595700559 0.7524099498987198 25
1782595702053 0.7337306216359138 26
1782595703489 0.7222874909639359 27
1782595704921 0.7120307311415672 28
1782595706422 0.7079446688294411 29
1782595707852 0.6832339391112328 30
1782595709294 0.667960524559021 31
1782595710727 0.6538647636771202 32
1782595712138 0.6312976852059364 33
1782595713649 0.6234684735536575 34
1782595715118 0.6068924441933632 35
1782595716571 0.5938559994101524 36
1782595718209 0.5845876187086105 37
1782595719586 0.5649842470884323 38
1782595721075 0.5445475988090038 39
1782595722574 0.5374638959765434 40
1782595723997 0.5267619006335735 41
1782595725443 0.5047407150268555 42
1782595726852 0.4911341145634651 43
1782595728249 0.47331956773996353 44
1782595729693 0.4628187529742718 45
1782595731211 0.45624562352895737 46
1782595732679 0.43790557980537415 47
1782595734135 0.4266650602221489 48
1782595735608 0.42262496426701546 49
1782595737029 0.41853082925081253 50
1782595738495 0.40515151247382164 51
1782595739911 0.39549532532691956 52
1782595741351 0.38151058182120323 53
1782595742781 0.37026258930563927 54
1782595744146 0.3691500946879387 55
1782595745594 0.3555775657296181 56
1782595747096 0.3435317575931549 57
1782595748493 0.33206525817513466 58
1782595749938 0.3291097395122051 59
1782595751361 0.3202115520834923 60
1782595752771 0.32677270844578743 61
1782595754204 0.3095193840563297 62
1782595755664 0.30079174414277077 63
1782595757069 0.29266419634222984 64
1782595758550 0.291339211165905 65
1782595760008 0.2912665270268917 66
1782595761374 0.2784353345632553 67
1782595762837 0.30202073231339455 68
1782595764295 0.30469871684908867 69
1782595765708 0.2875807657837868 70
1782595767204 0.2786465100944042 71
1782595768607 0.27413186989724636 72
1782595770044 0.2563021872192621 73
1782595771656 0.25797099247574806 74
1782595773109 0.24979678355157375 75
