1783008630090 1.2245457371075947 1
1783008631279 0.9993682404359182 2
1783008632442 0.9183405836423238 3
1783008633625 0.8770025571187338 4
1783008634803 0.8436701198418936 5
1783008635981 0.8182825644810995 6
1783008637142 0.8029188911120096 7
1783008638355 0.7775091230869293 8
1783008639536 0.7548055549462637 9
1783008640727 0.7371856470902761 10
1783008641901 0.720909426609675 11
1783008643036 0.7002269327640533 12
1783008644232 0.6899218658606211 13
1783008645423 0.6763552129268646 14
1783008646632 0.6622326374053955 15
1783008647811 0.6445245345433553 16
1783008648981 0.6301188667615255 17
1783008650176 0.615986039241155 18
1783008651356 0.5996336340904236 19
1783008652504 0.5930894017219543 20
1783008653651 0.575545201698939 21
1783008654826 0.5611295104026794 22
1783008656034 0.5505427022775015 23
1783008657189 0.5326286951700846 24
1783008658348 0.531057596206665 25
1783008659505 0.5108386427164078 26
1783008660687 0.4979170809189479 27
1783008661903 0.489780068397522 28
1783008663048 0.47820911308129627 29
1783008664186 0.4714633375406265 30
1783008665357 0.45919399956862134 31
1783008666590 0.44886041680971783 32
1783008667787 0.44120444854100543 33
1783008668957 0.42741360267003375 34
1783008670187 0.42143411934375763 35
1783008671359 0.4029901971419652 36
1783008672508 0.3922724773486455 37
1783008673676 0.38877658049265545 38
1783008674858 0.37665197253227234 39
1783008676025 0.3683459510405858 40
1783008677223 0.36156707008679706 41
1783008678413 0.3532240440448125 42
1783008679563 0.3463308960199356 43
1783008680709 0.3355817397435506 44
1783008681872 0.3281584580739339 45
1783008683054 0.32046744227409363 46
1783008684249 0.3161904861529668 47
1783008685436 0.30923115213712055 48
1783008686602 0.30374813079833984 49
1783008687776 0.3100736637910207 50
1783008688957 0.29255154728889465 51
1783008690151 0.2821687012910843 52
1783008691351 0.2768842975298564 53
1783008692593 0.27174246807893115 54
1783008693768 0.2664801776409149 55
1783008694930 0.25681322067976 56
1783008696090 0.25441958755254745 57
1783008697268 0.24624879658222198 58
1783008698450 0.24317712833484015 59
1783008699640 0.2384404813249906 60
1783008700824 0.23006009062131247 61
1783008702002 0.22339063386122385 62
1783008703178 0.21923167010148367 63
1783008704326 0.2184303179383278 64
1783008705496 0.21351337184508642 65
1783008706642 0.2105525160829226 66
1783008707785 0.20859097441037497 67
1783008708964 0.20218036572138467 68
1783008710129 0.2018270194530487 69
1783008711312 0.19602475315332413 70
1783008712538 0.19189255684614182 71
1783008713732 0.18970233450333276 72
1783008714894 0.18605872491995493 73
1783008716040 0.17910404006640115 74
1783008717283 0.17909496277570724 75
1783008718433 0.17498963326215744 76
1783008719639 0.1713823601603508 77
1783008720846 0.16885335991779962 78
1783008722006 0.1670931080977122 79
1783008723175 0.16346011062463126 80
1783008724346 0.16955955078204474 81
1783008725527 0.16339830805857977 82
1783008726705 0.1592513471841812 83
1783008727901 0.16053106635808945 84
1783008729077 0.15470432490110397 85
1783008730235 0.15092202027638754 86
1783008731391 0.15011818210283914 87
1783008732564 0.14839223275581995 88
1783008733692 0.14414704591035843 89
1783008734933 0.1415446400642395 90
1783008736108 0.14240901420513788 91
1783008737292 0.1379806473851204 92
1783008738455 0.1372585246960322 93
1783008739586 0.13641451050837836 94
1783008740774 0.13209635019302368 95
1783008741929 0.13785040751099586 96
1783008743094 0.1344254364569982 97
1783008744300 0.13207846507430077 98
1783008745483 0.1312903588016828 99
1783008746736 0.12891164173682532 100
