1776969214116 1.4347081274986266 1
1776969311374 1.0498177609443664 2
1776969408635 0.715173647761345 3
1776969505956 0.32348350179195406 4
1776969603366 0.24751042300462722 5
1776969700845 0.22988167399168014 6
1776969798302 0.21878948891162872 7
1776969895726 0.20702320179343223 8
1776969993326 0.2087727556526661 9
1776970090678 0.20043043631315233 10
1776970187684 0.19912156865000724 11
1776970285174 0.19832747066020964 12
1776970382696 0.1931758073270321 13
1776970480185 0.19029968005418776 14
1776970577720 0.18659514820575715 15
