1783495692250 1.356995375532853 1
1783495697215 1.2340167196173417 2
1783495716831 1.1286817098918713 3
1783495721727 1.018873039044832 4
1783495726642 0.9093120349080939 5
1783495731620 0.797725930025703 6
1783495736568 0.6948152059002927 7
1783495741402 0.5953641157401236 8
1783495746408 0.5060810219300421 9
1783495751345 0.4257917074780715 10
1783495756357 0.3612854872879229 11
1783495761417 0.29939073794766474 12
1783495766363 0.26010073329273026 13
1783495771397 0.22591830986110786 14
1783495776348 0.20044100402217163 15
1783495781292 0.17904861545876452 16
1783495786257 0.16278424623765445 17
1783495791080 0.15118214958592466 18
1783495796076 0.15092144377137484 19
1783495801177 0.1384617980373533 20
1783495806838 0.13037994386334167 21
1783495811867 0.12705046605122716 22
1783495816794 0.12285539488259115 23
1783495821811 0.12197037805852137 24
1783495826765 0.11999775390875966 25
1783495831772 0.11606427399735701 26
1783495836737 0.11271524880277484 27
1783495841615 0.10991467966845161 28
1783495846541 0.11099757959968165 29
1783495851501 0.10998325245945077 30
1783495856627 0.10849770433024357 31
1783495861701 0.10708642280415485 32
1783495866750 0.10761422016902973 33
1783495871860 0.10303290247132904 34
1783495876840 0.10228979587554932 35
1783495881825 0.1016757254929919 36
1783495886808 0.10159701363820779 37
1783495891783 0.10070190657126277 38
1783495896781 0.10043840620078538 39
1783495901788 0.10290362293782987 40
1783495906871 0.09747548009219922 41
1783495911982 0.09768352755590488 42
1783495916996 0.10034569039156563 43
1783495922213 0.0980351837842088 44
