1782694624220 3.5233029978615895 1
1782694659076 3.322945203099932 2
1782694695132 3.1229394589151656 3
1782694731240 2.8953899315425327 4
1782694766812 2.6514797721590315 5
1782694804559 2.3999376467296054 6
1782694846117 2.142215984208243 7
1782694885069 1.911058906997953 8
1782694918234 1.7048826600824083 9
1782694954196 1.5535540240151542 10
1782694990059 1.4219649944986616 11
1782695027678 1.3250540282045091 12
1782695064499 1.2553468474320002 13
1782695100154 1.200284719467163 14
1782695137659 1.1618685126304626 15
1782695173656 1.1370241599423545 16
1782695211174 1.1151546835899353 17
1782695247055 1.0962596705981664 18
1782695283700 1.079249539545604 19
1782695321002 1.062661737203598 20
1782695356312 1.0504278583186013 21
1782695392186 1.041879951953888 22
1782695428660 1.0334072879382543 23
1782695466066 1.0243747532367706 24
1782695503355 1.0150064102240972 25
1782695542067 1.0093407843794142 26
1782695579245 1.0026332480566842 27
1782695616757 0.9994079896381923 28
1782695651975 0.994615952883448 29
