1783495977867 1.63834885597229 1
1783495983356 1.495739598274231 2
1783495987790 1.435037498474121 3
1783495992419 1.381634340286255 4
1783495997061 1.3262071895599366 5
1783496001614 1.2740342760086059 6
1783496005978 1.2170500946044922 7
1783496010378 1.164331512451172 8
1783496014845 1.1073700666427613 9
1783496019327 1.0529904246330262 10
1783496023894 0.997474000453949 11
1783496028326 0.9518819856643677 12
1783496032691 0.8946201062202453 13
1783496037123 0.8450302481651306 14
1783496041624 0.7959569025039673 15
1783496046180 0.7505794239044189 16
1783496050646 0.7106313872337341 17
1783496055129 0.6682639217376709 18
1783496059792 0.6291029596328735 19
1783496069618 0.5889294099807739 20
1783496074076 0.5506511235237121 21
1783496078486 0.5199958860874176 22
1783496083314 0.49214112997055054 23
1783496088354 0.47004836320877075 24
1783496093221 0.4418655490875244 25
1783496097642 0.4187780153751373 26
1783496102057 0.3979395282268524 27
1783496106973 0.3798085784912109 28
1783496111501 0.36236969351768494 29
1783496115860 0.35117255568504335 30
1783496120509 0.33861351013183594 31
1783496125300 0.3278698438405991 32
1783496129976 0.32120140969753264 33
1783496134920 0.31496863305568695 34
1783496139415 0.30722572684288024 35
1783496144165 0.3152646309137344 36
1783496148830 0.3008062767982483 37
1783496153448 0.2908135396242142 38
1783496157872 0.28269769728183747 39
1783496162354 0.2762951189279556 40
1783496166957 0.2718155324459076 41
1783496171622 0.2688226491212845 42
1783496176272 0.26718098878860475 43
1783496180706 0.26822399854660034 44
1783496185104 0.2649266254901886 45
1783496189849 0.25995533108711244 46
1783496195205 0.2556158983707428 47
1783496199796 0.25201119542121886 48
1783496204269 0.25013943314552306 49
