1782388630098 1.691016798019409 1
1782388634352 1.6368460655212402 2
1782388638747 1.5558930730819702 3
1782388643118 1.5139052057266236 4
1782388647645 1.5010890245437623 5
1782388652138 1.4687353086471557 6
1782388656594 1.4081522989273072 7
1782388661155 1.3679229927062988 8
1782388665466 1.3557971715927124 9
1782388669715 1.3242424631118774 10
1782388674040 1.2661302423477172 11
1782388678419 1.2287951278686524 12
1782388682665 1.2169170665740967 13
1782388687080 1.186382942199707 14
1782388691779 1.1314969873428344 15
1782388696149 1.095482530593872 16
1782388700405 1.0843551778793334 17
1782388704797 1.0543914556503295 18
1782388709373 1.0046250581741334 19
1782388713687 0.9683855557441712 20
1782388718197 0.9572623491287231 21
1782388722750 0.9296679019927978 22
1782388727208 0.8801791834831237 23
1782388731530 0.8473414278030396 24
1782388735862 0.8377328181266784 25
1782388740168 0.813372163772583 26
1782388744865 0.7692391467094422 27
1782388749341 0.7358619856834412 28
1782388753794 0.7259506177902222 29
1782388758169 0.7027468943595886 30
1782388762576 0.6606377744674683 31
1782388767266 0.6315079522132874 32
1782388771561 0.6218696689605713 33
1782388775817 0.6012546229362488 34
1782388780498 0.567958129644394 35
1782388784957 0.5421905660629273 36
1782388789473 0.5334380781650543 37
1782388794033 0.5183433794975281 38
1782388798288 0.48881596207618716 39
1782388804245 0.4657602155208588 40
1782388808973 0.4572244083881378 41
