1783458192729 3.283832147203643 1
1783458208577 3.0920682282283387 2
1783458224604 2.9320385209445297 3
1783458240294 2.8209840264813653 4
1783458256457 2.7858640572120406 5
1783458275750 2.6904239572327713 6
1783458291947 2.5221078889123323 7
1783458308065 2.4096719478738717 8
1783458323957 2.3725537349437844 9
1783458339959 2.276981600399675 10
1783458355252 2.103356418938472 11
1783458371728 1.9903051935393234 12
1783458387756 1.9539413739894997 13
1783458403482 1.8580868942984219 14
1783458419024 1.6955243472395272 15
1783458434415 1.5934028543274978 16
1783458449489 1.56202009628559 17
1783458465180 1.4870284261374638 18
1783458480961 1.3694626380657327 19
1783458497022 1.2916352337804333 20
1783458512597 1.26721519026263 21
1783458527840 1.2173780655038768 22
1783458543693 1.1377507201556503 23
1783458559259 1.0823617762532727 24
1783458574924 1.0664265073578933 25
1783458590629 1.0359219764841014 26
1783458606334 0.9828695058822632 27
1783458622653 0.9411622224182918 28
1783458638559 0.9275332463198694 29
1783458654763 0.9027062243428724 30
1783458670312 0.8701359629631042 31
1783458685983 0.8343803409872383 32
1783458701672 0.8220824989779242 33
1783458717463 0.8083269863293089 34
1783458733809 0.7819724884526483 35
1783458749415 0.7558119173707634 36
1783458765239 0.748971139562541 37
1783458781183 0.7398252446075966 38
1783458797246 0.7310214535943393 39
1783458813524 0.7039303738495399 40
1783458829451 0.694930861736166 41
1783458845014 0.6895561608774908 42
1783458861042 0.6737870450677543 43
1783458876883 0.6538598064718575 44
1783458893026 0.6453447814645439 45
1783458908799 0.6416376397527498 46
1783458924987 0.6323056036028368 47
1783458940714 0.607727285089164 48
1783458956636 0.5991290437764135 49
1783458972461 0.600104765645389 50
1783458987964 0.5866088826080849 51
1783459003438 0.5706762322064104 52
1783459019369 0.5651953302580734 53
1783459035606 0.5646853755260336 54
1783459051188 0.5659259701597279 55
1783459066863 0.5476472994376873 56
1783459082198 0.5420852221291641 57
1783459097953 0.5397705148006308 58
1783459113219 0.5385534753059519 59
1783459128400 0.5277743668391787 60
1783459144041 0.5217175319277007 61
1783459160233 0.5255973287697496 62
1783459175911 0.5290615373644335 63
1783459191708 0.514583984325672 64
1783459207363 0.5084632737883206 65
1783459222789 0.5094402802401575 66
1783459239237 0.5078388185336672 67
1783459254832 0.4987223806052372 68
1783459270567 0.49505598688947744 69
