1781277630234 1.568745265007019 1
1781277676367 1.4449128103256226 2
1781277722690 1.356494197845459 3
1781277769020 1.2756100273132325 4
1781277815633 1.1977018547058105 5
1781277862981 1.11967604637146 6
1781277910249 1.0454791593551636 7
1781277957015 0.979035017490387 8
1781278003300 0.9151340603828431 9
1781278049458 0.8560714268684387 10
1781278097111 0.7955765843391418 11
1781278145177 0.7395187282562256 12
1781278191635 0.6843419909477234 13
1781278237875 0.6326027941703797 14
1781278286066 0.5876722621917725 15
1781278334001 0.5506102621555329 16
1781278380934 0.5099795758724213 17
1781278427512 0.4750457525253296 18
1781278473934 0.44402557373046875 19
1781278522054 0.4174041450023651 20
1781278569692 0.3946490204334259 21
1781278617489 0.3765619432926178 22
1781278664602 0.35724984407424926 23
1781278711941 0.339120888710022 24
1781278758984 0.32676164746284486 25
1781278806251 0.31898517370224 26
1781278854224 0.31017195105552675 27
1781278900601 0.296661673784256 28
