1782223596996 1.314368109703064 1
1782223601306 0.9239497685432434 2
1782223605753 0.7035433983802796 3
1782223610124 0.6540492916107178 4
1782223614252 0.6379185223579407 5
1782223618494 0.6047429728507996 6
1782223622735 0.5568021011352539 7
1782223626669 0.5229895663261414 8
1782223630590 0.5117034995555878 9
1782223634472 0.49527464270591737 10
1782223638334 0.46555385828018186 11
1782223642375 0.4431092047691345 12
1782223646435 0.4363813126087189 13
1782223650779 0.42387683153152467 14
1782223655260 0.40637117624282837 15
1782223659585 0.39105570793151856 16
1782223663841 0.3854924035072327 17
1782223668063 0.3864405369758606 18
1782223672431 0.3660745096206665 19
1782223676546 0.3575869965553284 20
1782223680851 0.3544332122802734 21
1782223685028 0.3747209310531616 22
1782223689198 0.3511820459365845 23
1782223693392 0.33496552646160127 24
1782223697517 0.33365245461463927 25
1782223701918 0.3377729487419128 26
1782223706459 0.3348988151550293 27
1782223711104 0.3198861598968506 28
1782223715788 0.31796780228614807 29
1782223720338 0.32130146503448487 30
1782223724948 0.3136318457126617 31
1782223729428 0.30819340229034425 32
1782223734109 0.306782523393631 33
1782223738698 0.30712337136268614 34
1782223743093 0.3049015694856644 35
1782223747204 0.2979507905244827 36
1782223751326 0.2972631293535233 37
1782223755466 0.2970637434720993 38
1782223759444 0.3018936234712601 39
1782223763483 0.2917041093111038 40
1782223767665 0.28927656352519987 41
1782223771669 0.2922021675109863 42
1782223775831 0.28576131105422975 43
1782223779827 0.28192862689495085 44
1782223783603 0.28126042902469633 45
1782223788473 0.29048611760139464 46
1782223792523 0.28044886827468873 47
1782223796447 0.27727371335029605 48
1782223800399 0.27456086218357084 49
1782223804515 0.28130335092544556 50
1782223808551 0.2856899386644363 51
1782223812538 0.2768090176582336 52
1782223816691 0.27244858562946317 53
