1782602567606 1.293831611934461 1
1782602572251 1.1348508596420288 2
1782602576827 1.0331271745656665 3
1782602581454 0.9356683335806194 4
1782602586010 0.83781414596658 5
1782602590571 0.7417064638514268 6
1782602595029 0.6525702821580988 7
1782602599505 0.5627253149685106 8
1782602603914 0.48432692493263046 9
1782602608532 0.41197258547732707 10
1782602613057 0.347419421923788 11
1782602617571 0.29911515940176814 12
1782602622242 0.2726620349444841 13
1782602626757 0.22988332337454745 14
1782602631409 0.2036777566138067 15
1782602635873 0.18223008356596293 16
1782602640430 0.16925915409075587 17
1782602645037 0.15992543728728043 18
1782602649669 0.14829137725265404 19
1782602654375 0.14140103129964127 20
1782602658926 0.135594639535013 21
1782602663578 0.1347475169520629 22
1782602668125 0.12946686678026853 23
1782602672762 0.12324188237911776 24
1782602677344 0.12546364590525627 25
1782602682016 0.13604185298869484 26
1782602686640 0.12063972397070181 27
1782602691245 0.12032586512596984 28
1782602695801 0.11693512158174264 29
1782602700415 0.11178588377017724 30
1782602705022 0.11012289731910355 31
1782602709644 0.108842791303208 32
1782602714199 0.10687174040235971 33
1782602718798 0.10552955948208508 34
1782602723180 0.10684073363479815 35
1782602727751 0.1089545002109126 36
1782602732157 0.10369886595167611 37
1782602736664 0.10184813584936292 38
1782602741105 0.10225122461193487 39
1782602745645 0.1014780182587473 40
1782602750207 0.10218298709706257 41
1782602754689 0.1044983706976238 42
1782602759233 0.09971058015760623 43
1782602763774 0.09854515249791898 44
1782602768263 0.10870907063546933 45
1782602772851 0.10304125770926476 46
1782602777413 0.09781268101773764 47
1782602781990 0.09715385813462107 48
1782602786525 0.0975776059847129 49
1782602791113 0.09660584224682105 50
1782602795848 0.09679336865481578 51
1782602800345 0.09566729653038476 52
1782602804872 0.0982228674386677 53
