1781192174313 1.2206527751589578 1
1781192189203 1.0330293254246787 2
1781192204685 1.0147444085469322 3
1781192219710 0.9248906676731412 4
1781192235279 1.0732282012227983 5
1781192251983 1.02786808354514 6
1781192268766 1.0229257591187009 7
1781192286326 0.884730425145891 8
1781192301791 0.6133448457907117 9
1781192317387 0.47453315343175617 10
1781192333229 0.48742345732355874 11
1781192350263 0.42080011396181016 12
1781192365835 0.4097954777498094 13
1781192381677 0.3948208855258094 14
1781192398090 0.38809569203664385 15
1781192411888 0.3701959441578577 16
1781192426890 0.3527152855244894 17
1781192441896 0.3649950178842696 18
1781192456468 0.3360247730262696 19
1781192473289 0.32323635712502496 20
1781192488149 0.3156981669248097 21
1781192503375 0.3062263632577563 22
1781192518635 0.2987130471165218 23
1781192533806 0.29703596234321594 24
1781192549588 0.28305633271497393 25
1781192565031 0.28679009846278597 26
1781192579653 0.2743126939213465 27
1781192594708 0.2744914156103891 28
1781192608851 0.27223287522792816 29
1781192623679 0.2782180742138908 30
1781192638864 0.286574483154312 31
1781192654399 0.259960553712315 32
1781192670834 0.25637000657263254 33
1781192686564 0.2602412099876101 34
1781192703174 0.2514891321696932 35
1781192720084 0.2457672672139274 36
1781192735463 0.25665265913047486 37
1781192750793 0.26178727783854044 38
1781192765966 0.24857071751639956 39
1781192786907 0.24407524745615702 40
1781192801653 0.23677370638128312 41
1781192817251 0.23518430216917915 42
1781192832317 0.23622259190158237 43
1781192847663 0.23512657909166246 44
1781192863273 0.2346932739019394 45
1781192881251 0.23144494919549852 46
1781192896866 0.2249219866972121 47
1781192912089 0.30164066713953774 48
1781192929442 0.25885744250956033 49
1781192946170 0.23852200404046073 50
1781192963403 0.2301983663014003 51
1781192978031 0.22362571789158714 52
1781192992435 0.22217691417724367 53
1781193010028 0.22101438920649272 54
1781193025476 0.21625146742851015 55
1781193040306 0.22239641868878926 56
1781193055982 0.2177989421382783 57
1781193071191 0.2151500561407634 58
1781193085883 0.21184975854934207 59
1781193100381 0.21155483902446806 60
1781193115587 0.2170462686391104 61
1781193130169 0.21050509502963413 62
1781193144961 0.21074645398628145 63
1781193159767 0.206738762202717 64
1781193175872 0.20466153512871454 65
1781193190452 0.21318819338367098 66
1781193205906 0.210145684461745 67
1781193221329 0.21236254617808356 68
1781193236929 0.20334178020083715 69
1781193253181 0.20241958577008473 70
1781193269124 0.20032716719877153 71
1781193284310 0.19647369403687734 72
1781193298959 0.20287360203644586 73
1781193313535 0.19710874723063576 74
1781193328666 0.20238425736389462 75
1781193342948 0.20987136756616925 76
1781193357907 0.20477636276729524 77
1781193373344 0.22220653082643235 78
1781193388522 0.21444399725823177 79
1781193402036 0.20264105617053926 80
1781193416419 0.1969954069881212 81
1781193431493 0.19620540761758412 82
1781193445738 0.19927560620837742 83
1781193461156 0.19534564680523342 84
1781193477162 0.1919647501338096 85
1781193491814 0.19789543298501816 86
1781193510220 0.19480051514175203 87
1781193525503 0.18929896562818496 88
1781193541350 0.19140058235516624 89
1781193556603 0.1949349424195668 90
1781193571554 0.19406420560110182 91
1781193586817 0.1886100491124486 92
1781193604347 0.18872613471651833 93
1781193619627 0.19166554711640826 94
1781193636989 0.18737545692258412 95
1781193653027 0.18492978078032296 96
1781193668787 0.19069162909946744 97
1781193684732 0.1880367866584233 98
1781193702053 0.185806196360361 99
1781193716983 0.18286156855405322 100
