1782668468340 1.468247231684233 1
1782668473439 1.3200963955176503 2
1782668478655 1.1876585107100637 3
1782668483902 1.0609721478662992 4
1782668489098 0.9473718498882494 5
1782668494321 0.8375718985733233 6
1782668499470 0.7374806466855501 7
1782668504576 0.6409712841636256 8
1782668509858 0.5582507174266013 9
1782668514914 0.4746150194030059 10
1782668520081 0.4041729483165239 11
1782668525296 0.34753718972206116 12
1782668530460 0.3018137302837874 13
1782668535686 0.26333268927900416 14
1782668540875 0.23645465703387009 15
1782668546056 0.2145916164705628 16
1782668551278 0.19828797053349645 17
1782668556399 0.18370288845739866 18
1782668561579 0.1736285404155129 19
1782668566838 0.16877171240354838 20
1782668572043 0.16241663851236043 21
1782668577207 0.1550638389430548 22
1782668582526 0.14812835090254484 23
1782668587773 0.1441446091783674 24
1782668592995 0.14269270100875905 25
1782668598235 0.13720097471224635 26
1782668603476 0.13561408888352544 27
1782668608568 0.13521212849177813 28
1782668613745 0.1328134573996067 29
1782668619030 0.12937435723449053 30
1782668624243 0.12716574712019219 31
1782668629436 0.12697389584622884 32
1782668634701 0.1265306915891798 33
1782668639940 0.12444327046212397 34
1782668645126 0.12211712508609421 35
1782668650446 0.11956624588684032 36
1782668655820 0.11935656145215034 37
1782668660916 0.11899210610672047 38
1782668666122 0.11876703877198069 39
1782668671398 0.11683601415471027 40
1782668676569 0.11457404945241778 41
1782668681738 0.1151721628480836 42
1782668686802 0.11774584239250735 43
1782668692001 0.1153142373812826 44
1782668697190 0.11546763111101954 45
