1779918636067 1.4252751350402832 1
1779918640259 0.9986262798309327 2
1779918644505 0.8800317144393921 3
1779918648698 0.8336198616027832 4
1779918652952 0.7208493852615356 5
1779918657082 0.6889728093147278 6
1779918661334 0.8292854523658753 7
1779918665585 0.7778416132926941 8
1779918669832 0.7323736667633056 9
1779918674127 0.7052934050559998 10
1779918678351 0.6910146379470825 11
1779918682522 0.6728781723976135 12
1779918686671 0.6583386254310608 13
1779918690926 0.6518963599205017 14
1779918695191 0.6369540119171142 15
1779918699421 0.6284721088409424 16
1779918703537 0.6081632614135742 17
1779918707608 0.6070599842071533 18
1779918711760 0.5761398077011108 19
1779918715954 0.5713931572437286 20
1779918720144 0.5535353183746338 21
1779918724228 0.5384036564826965 22
1779918728293 0.5317301297187805 23
1779918732434 0.5085250008106231 24
1779918736605 0.5117961299419403 25
1779918740734 0.5057014417648316 26
1779918744936 0.48797046065330507 27
1779918749098 0.48443754434585573 28
1779918753287 0.46845062494277956 29
1779918757465 0.46197699666023256 30
1779918761667 0.4498609936237335 31
1779918765848 0.44007486701011655 32
1779918769980 0.42934189081192015 33
1779918774093 0.42668321371078494 34
1779918778341 0.42296523809432984 35
1779918782502 0.4303979909420013 36
1779918786689 0.411884628534317 37
1779918790934 0.4036972165107727 38
1779918795087 0.3999211549758911 39
1779918799281 0.38819836139678954 40
