1782223821757 1.6103787851333617 1
1782223826459 0.9765542602539062 2
1782223831339 0.7057350182533264 3
1782223835834 0.6358549308776855 4
1782223840246 0.6152729201316833 5
1782223844611 0.5714557886123657 6
1782223849110 0.5194065940380096 7
1782223853521 0.48723876953125 8
1782223857792 0.4769236350059509 9
1782223862102 0.4640768837928772 10
1782223866717 0.4465489935874939 11
1782223871293 0.4247206652164459 12
1782223881126 0.41742292046546936 13
1782223885464 0.41038063168525696 14
1782223890075 0.39962543368339537 15
1782223894415 0.38216267704963686 16
1782223898880 0.37458255171775817 17
1782223903073 0.3816591501235962 18
1782223907609 0.36729477524757387 19
1782223911592 0.35616142630577086 20
1782223915487 0.3518365442752838 21
1782223919489 0.34964465141296386 22
1782223923387 0.3486709904670715 23
1782223927537 0.33185082316398623 24
1782223931580 0.32848594784736634 25
1782223935706 0.3283811342716217 26
1782223939816 0.3263743495941162 27
1782223944156 0.3196268105506897 28
1782223948233 0.315216708779335 29
1782223952356 0.3156640887260437 30
1782223956409 0.3147753661870956 31
1782223960538 0.30662192702293395 32
