1781255601768 1.0839936184883117 1
1781255669950 0.5192596752643586 2
1781255735859 0.40505023539066315 3
1781255798196 0.3275536785125732 4
1781255864565 0.307319999396801 5
1781255927524 0.2838477096557617 6
1781255993225 0.2696138186454773 7
1781256057580 0.25887201660871506 8
1781256120213 0.24813884544372558 9
1781256175823 0.23533435893058777 10
1781256234364 0.22863431721925737 11
1781256292866 0.22659263426065446 12
1781256351765 0.2162741366624832 13
1781256413186 0.2121051868200302 14
1781256476882 0.20928339713811875 15
1781256536614 0.20625331103801728 16
1781256596441 0.20481968316435814 17
1781256658047 0.1985366020798683 18
1781256721484 0.19834280747175217 19
1781256784170 0.19753780296444892 20
1781256841639 0.19492537796497345 21
1781256905028 0.18990076836943626 22
1781256965779 0.18859461745619774 23
1781257027882 0.19263457664847375 24
1781257089320 0.18811763721704483 25
1781257155090 0.18328568342328072 26
1781257217238 0.1834017091989517 27
1781257276251 0.18289585569500924 28
1781257346934 0.18232730823755264 29
1781257412297 0.1802048596739769 30
1781257474758 0.17917632645368575 31
1781257534648 0.17868119996786117 32
1781257599218 0.1766468893587589 33
1781257658189 0.17629350730776785 34
1781257719486 0.17540285834670066 35
1781257778017 0.17221917602419853 36
1781257845650 0.17314399844408035 37
1781257911029 0.17179522633552552 38
1781257973189 0.1718383868932724 39
1781258041355 0.17172589418292045 40
1781258104529 0.1709007470905781 41
1781258167956 0.170428317040205 42
1781258231126 0.16730334168672562 43
1781258295278 0.16859810721874238 44
1781258357625 0.16627875235676765 45
1781258422998 0.170458730250597 46
1781258484108 0.16487363025546073 47
1781258546704 0.16734172201156616 48
1781258608721 0.16765168794989585 49
1781258669825 0.1645386911034584 50
1781258728544 0.16300678753852843 51
1781258787855 0.163516312032938 52
1781258856632 0.1654844827055931 53
1781258914235 0.1628713973760605 54
1781258974323 0.16178311464190484 55
1781259031962 0.16152158188819885 56
1781259093709 0.16325619354844093 57
1781259152792 0.15914849472045897 58
1781259211509 0.16011371946334838 59
1781259274708 0.16091660419106482 60
1781259338705 0.16123561149835586 61
1781259398330 0.15939558577537535 62
1781259460718 0.15644348695874213 63
1781259525246 0.16460333797335625 64
1781259583883 0.15861897894740104 65
1781259643457 0.15694205284118654 66
1781259701792 0.15822866475582123 67
1781259765029 0.15711884996294975 68
1781259823352 0.15981821489334105 69
1781259886192 0.16943486523628234 70
1781259944726 0.19633148485422133 71
1781260003766 0.18244228836894036 72
1781260063903 0.16562574830651283 73
1781260122870 0.15808589744567872 74
1781260181630 0.16671795427799224 75
1781260239674 0.15619821947813034 76
1781260299375 0.134652012526989 77
1781260359820 0.16025340265035629 78
1781260419244 0.13390191900730133 79
1781260480271 0.14311263605952262 80
1781260543073 0.1531660017967224 81
1781260601447 0.13575921657681464 82
1781260665199 0.14729255667328833 83
1781260722933 0.13393155151605607 84
1781260785631 0.13346280756592752 85
1781260846689 0.13708338096737863 86
1781260910137 0.13999912038445472 87
1781260967059 0.12318443042039871 88
1781261028699 0.12496080017089843 89
1781261088630 0.13033745458722115 90
1781261153168 0.1268421344459057 91
1781261212822 0.15224752162396907 92
1781261273130 0.1410605071783066 93
1781261337084 0.142730392485857 94
1781261402157 0.12449540799856186 95
1781261464933 0.12202067789435386 96
1781261531061 0.1345567057132721 97
1781261596200 0.1362034993469715 98
1781261659847 0.13207343676686287 99
1781261726708 0.13260226938128472 100
