1778216417809 1.255338879585266 1
1778218005483 1.0276457777023316 2
1778219093179 0.8643857307434082 3
1778219944430 0.6165584046840668 4
1778220043006 0.49914870166778563 5
1778220142503 0.43102304923534396 6
1778220241488 0.38404976546764374 7
1778220340810 0.3467701583504677 8
1778220441072 0.3221340498328209 9
1778220541257 0.29601150542497634 10
1778220641687 0.28256402373313905 11
1778220741613 0.2652534135580063 12
1778220841995 0.24999553740024566 13
1778220942107 0.24130714005231857 14
1778221042326 0.2285976523756981 15
