1782084949059 1.7765617179870605 1
1782084952999 1.7389228963851928 2
1782084956852 1.306844744682312 3
1782084960945 0.9319894075393677 4
1782084970229 0.8945364856719971 5
1782084974055 0.8447656178474426 6
1782084978053 0.7884971261024475 7
1782084981993 0.7730987977981567 8
1782084986029 0.7693561005592346 9
1782084989864 0.7624010705947876 10
1782084993926 0.7492106294631958 11
1782084997935 0.7364756464958191 12
1782085001915 0.7292715263366699 13
1782085005731 0.6988056516647339 14
1782085009739 0.6655176997184753 15
1782085013643 0.6556992268562317 16
1782085017635 0.6531346750259399 17
1782085021566 0.6501671862602234 18
1782085025632 0.6386218166351318 19
1782085029599 0.6329529953002929 20
1782085033593 0.6313159108161926 21
1782085037506 0.6286482667922973 22
1782085041447 0.6245481657981873 23
1782085045506 0.6156087923049927 24
1782085049483 0.6141082882881165 25
1782085053331 0.6153276538848877 26
1782085057212 0.6113726711273193 27
1782085061147 0.6016734862327575 28
1782085064976 0.5991436195373535 29
1782085068994 0.5933070158958436 30
1782085072879 0.5847517323493957 31
1782085076792 0.5736031746864318 32
1782085080654 0.5730041241645814 33
1782085084425 0.5744353103637695 34
1782085088154 0.5654397976398468 35
1782085091863 0.5519071340560913 36
1782085095694 0.5503255605697632 37
1782085099938 0.5486885213851929 38
1782085103793 0.5475044929981232 39
1782085107630 0.5358108866214752 40
1782085111440 0.5333798336982727 41
1782085115548 0.5327918362617493 42
1782085119678 0.5307377398014068 43
1782085123593 0.5218646311759949 44
1782085127482 0.5163801217079163 45
1782085131311 0.5181394708156586 46
1782085135316 0.5153245961666107 47
1782085139041 0.5067636168003082 48
1782085143568 0.5040583229064941 49
1782085147433 0.5076679027080536 50
1782085151423 0.5006826746463776 51
1782085155295 0.49376978158950807 52
1782085159326 0.4957002758979797 53
1782085163442 0.49417702078819276 54
1782085167337 0.5050775003433228 55
1782085171346 0.48690818905830385 56
1782085175213 0.4856884849071503 57
1782085179106 0.4852887201309204 58
1782085183205 0.4795050895214081 59
1782085187474 0.4815039241313934 60
1782085191439 0.4739107072353363 61
1782085195319 0.47169323682785036 62
1782085199094 0.4735128104686737 63
1782085202887 0.4675044977664948 64
1782085206758 0.4648998761177063 65
1782085210630 0.4645481753349304 66
1782085214468 0.4640544533729553 67
1782085218361 0.4565266990661621 68
1782085222159 0.4553885674476624 69
1782085226279 0.4643827617168427 70
1782085230229 0.46419161796569824 71
1782085234170 0.45104292035102844 72
1782085238232 0.44792225599288943 73
1782085242266 0.4494775497913361 74
1782085246212 0.4458516061306 75
1782085250241 0.442221622467041 76
1782085254294 0.4404997885227203 77
1782085258294 0.4409829258918762 78
1782085262323 0.4397544860839844 79
1782085266295 0.4349366569519043 80
1782085270309 0.43334477066993715 81
1782085274231 0.4325449228286743 82
1782085278406 0.4363538599014282 83
1782085282483 0.42980082869529723 84
1782085286375 0.42750226974487304 85
1782085290115 0.4324121737480164 86
1782085294087 0.4418084943294525 87
1782085298170 0.42500274419784545 88
1782085302128 0.4211882865428925 89
1782085306130 0.42791415929794313 90
1782085309890 0.4245572316646576 91
1782085313640 0.41866111636161807 92
1782085317474 0.41564738035202026 93
1782085321365 0.4162518811225891 94
1782085325263 0.42474722146987914 95
1782085329186 0.41582958698272704 96
1782085333052 0.41076578736305236 97
1782085336844 0.41921850681304934 98
1782085340553 0.41828874111175535 99
1782085344720 0.41201785326004026 100
