1781048025833 1.513476619353661 1
1781048082480 1.3293348336831117 2
1781048139601 1.0798596907884648 3
1781048197830 1.0618656873703003 4
1781048254967 1.0600597675030048 5
1781048312097 1.0596506075981336 6
1781048368822 1.0574706181501732 7
1781048425583 1.0570562436030462 8
1781048482424 1.0560759122555072 9
1781048539832 1.0551200585487561 10
1781048596414 1.0534735459547777 11
1781048653267 1.051819581251878 12
1781048711641 1.0514036630972838 13
1781048769296 1.050265208268777 14
1781048827168 1.049917187446203 15
1781048885349 1.0486833988091884 16
1781048942767 1.0480392682246673 17
1781048999946 1.0477782426736293 18
1781049058078 1.0475094654621222 19
1781049115229 1.0468249351550372 20
1781049171626 1.0465471500005477 21
1781049228538 1.046904594470293 22
1781049285346 1.0461951035719652 23
1781049341967 1.0463300316761701 24
1781049398272 1.0460015351955707 25
1781049455290 1.045851102242103 26
1781049512388 1.045838835911873 27
1781049569703 1.045876295138628 28
1781049626125 1.0456878894414656 29
1781049682165 1.0454918360098815 30
1781049738448 1.0454815840109801 31
1781049794983 1.045825013747582 32
1781049851440 1.0458670854568481 33
1781049907533 1.0452705346621 34
1781049963769 1.0450046398700812 35
1781050020460 1.0452610987883348 36
1781050077407 1.0452268826655853 37
1781050134065 1.0452914574207404 38
1781050190115 1.0449562867482503 39
1781050246147 1.0449155324544661 40
1781050302285 1.0451682561483138 41
1781050358967 1.0450864877456274 42
1781050415416 1.0454443845993433 43
1781050471474 1.0444778937559862 44
1781050527952 1.0446615708179963 45
1781050584088 1.0453182947941315 46
1781050640831 1.0449811525833912 47
1781050696973 1.0445405947856414 48
1781050753518 1.0444696224652803 49
1781050809487 1.0443739738219824 50
1781050866355 1.0446637991147163 51
1781050922425 1.04439604588044 52
1781050978601 1.0445569845346303 53
1781051035540 1.0453582849258032 54
1781051091512 1.0442250019464738 55
1781051147478 1.045049181351295 56
1781051203755 1.044239022792914 57
1781051260902 1.0442340343426435 58
1781051318826 1.0440349884522266 59
1781051374919 1.044540062928811 60
1781051430936 1.044232347072699 61
1781051487026 1.0441206785348744 62
1781051544113 1.044117129766024 63
1781051600035 1.043935497601827 64
1781051656694 1.0440185100604327 65
1781051713354 1.0444976733281062 66
1781051769296 1.0436892142662635 67
1781051825644 1.043983552700434 68
1781051882383 1.0435138023816621 69
1781051938629 1.043831834426293 70
1781051994598 1.0437381175848155 71
1781052050785 1.0433726524695373 72
1781052106714 1.0433748226899366 73
1781052162500 1.0436655496939635 74
1781052219328 1.0436333845823238 75
1781052274966 1.043528403991308 76
1781052331226 1.0438381616885846 77
1781052387700 1.0435479145783644 78
1781052444047 1.0434279716931856 79
1781052501282 1.0428520043690999 80
1781052558694 1.04338355247791 81
1781052615776 1.0435882348280687 82
1781052672670 1.0438710084328284 83
1781052728284 1.0433205243868706 84
1781052784025 1.043443242708842 85
1781052840506 1.0430857951824481 86
1781052896865 1.0434717948620136 87
1781052952689 1.0442295716359065 88
1781053008392 1.0433078927871509 89
1781053064207 1.0435499258530445 90
1781053120314 1.0431724786758423 91
1781053176068 1.043896815715692 92
1781053231914 1.0435473674382918 93
1781053288815 1.0434689185558221 94
1781053345006 1.0434724000784068 95
1781053400726 1.0434674880443475 96
1781053456450 1.0428975637142475 97
1781053512281 1.0435223212608924 98
1781053568892 1.0436182205493634 99
1781053624900 1.0431900941408598 100
