1782228199629 1.6719548320770263 1
1782228203920 1.393118748664856 2
1782228208204 0.825088016986847 3
1782228212500 0.786054425239563 4
1782228216670 0.7820465660095215 5
1782228220622 0.7702363729476929 6
1782228224679 0.7555187225341797 7
1782228229005 0.7476407837867737 8
1782228233358 0.7447443580627442 9
1782228237530 0.7361885261535644 10
1782228241658 0.7221519780158997 11
1782228245762 0.7088114881515503 12
1782228249901 0.7062029695510864 13
1782228253841 0.6976693797111512 14
1782228258084 0.6866699886322022 15
1782228262158 0.6762942433357239 16
1782228266609 0.6744112348556519 17
1782228270960 0.6699757766723633 18
1782228275314 0.6574904870986938 19
1782228279444 0.6488579201698303 20
1782228283574 0.6416481375694275 21
1782228287636 0.6403692317008972 22
1782228291761 0.6187743210792541 23
1782228295883 0.6046407556533814 24
1782228300167 0.6001316165924072 25
1782228304499 0.5909004306793213 26
1782228308761 0.573202656507492 27
1782228312943 0.5633988571166992 28
1782228317224 0.5591350018978118 29
1782228321468 0.562417768239975 30
1782228325535 0.5429124760627747 31
1782228329548 0.5295983970165252 32
1782228333748 0.5247120785713196 33
1782228337736 0.5226945233345032 34
1782228341860 0.5188156116008759 35
1782228345957 0.5071513473987579 36
1782228349864 0.5040489792823791 37
1782228353836 0.5015482759475708 38
1782228358024 0.49844985008239745 39
1782228362227 0.48738976001739504 40
1782228366404 0.4844969594478607 41
1782228370755 0.4868621397018433 42
1782228374954 0.4814942276477814 43
1782228384595 0.47292967796325686 44
1782228388858 0.4720408749580383 45
1782228393231 0.47148718118667604 46
1782228397647 0.46797274947166445 47
1782228401865 0.4614967203140259 48
1782228406176 0.46156644344329834 49
1782228410144 0.4639785623550415 50
1782228414265 0.45709180474281313 51
1782228418560 0.45158209919929504 52
1782228422497 0.45111949801445006 53
1782228426595 0.4545428383350372 54
1782228430585 0.4507675635814667 55
1782228434574 0.4431973242759705 56
1782228438587 0.4424550187587738 57
1782228442811 0.4420864570140839 58
1782228446913 0.44204495668411253 59
1782228451088 0.4349641025066376 60
1782228455343 0.43202336311340334 61
1782228459433 0.43545169234275816 62
1782228463424 0.43446884393692015 63
1782228467654 0.4251247656345367 64
1782228471953 0.4254059398174286 65
1782228476084 0.4294206178188324 66
1782228480393 0.42548157811164855 67
1782228484685 0.4196279811859131 68
1782228488871 0.41560387730598447 69
1782228492850 0.4175994420051575 70
1782228496944 0.41677096486091614 71
1782228501310 0.4081219494342804 72
1782228505435 0.4073086094856262 73
1782228509604 0.41089038372039793 74
1782228513751 0.41131144523620605 75
1782228517714 0.4031503438949585 76
1782228521706 0.40123353838920595 77
1782228525917 0.41578489303588867 78
1782228530030 0.40281775951385496 79
1782228534050 0.39891389608383176 80
1782228538091 0.3954968273639679 81
1782228542172 0.39895543217658996 82
1782228546505 0.40275930166244506 83
1782228550739 0.3912101340293884 84
1782228554887 0.39330281019210817 85
1782228559119 0.3996136784553528 86
1782228563508 0.40922473192214964 87
1782228567787 0.39020397782325744 88
1782228572086 0.38661120176315306 89
1782228576257 0.38618036508560183 90
1782228580487 0.38992550849914553 91
1782228587375 0.38283907771110537 92
1782228591640 0.3807403206825256 93
1782228595866 0.38294939041137693 94
1782228600489 0.38653897881507876 95
1782228607964 0.37822052717208865 96
1782228612288 0.37582157135009764 97
1782228616719 0.3805363917350769 98
1782228620807 0.3757082104682922 99
1782228624917 0.37402334690093997 100
