1782651255813 1.6566455364227295 1
1782651262699 1.4375838041305542 2
1782651263794 1.3439728021621704 3
1782651264945 1.287848424911499 4
1782651266087 1.2452386379241944 5
1782651267261 1.19984769821167 6
1782651268405 1.1551051378250121 7
1782651269569 1.115989351272583 8
1782651270692 1.084259533882141 9
1782651271805 1.0550174951553344 10
1782651272896 1.0156360983848571 11
1782651274032 0.9829101204872132 12
1782651275143 0.9586493968963623 13
1782651276259 0.9339825749397278 14
1782651277358 0.9097061634063721 15
1782651278530 0.8839559316635132 16
1782651279691 0.8491891145706176 17
1782651280869 0.8269750356674195 18
1782651282023 0.7980528950691224 19
1782651283182 0.7849096179008483 20
1782651284338 0.7526194214820862 21
1782651285480 0.7265752792358399 22
1782651286618 0.705106008052826 23
1782651287758 0.6852999567985535 24
1782651288911 0.6627856969833374 25
1782651290045 0.6476687312126159 26
1782651291185 0.6238593220710754 27
1782651292337 0.6067088603973388 28
1782651293457 0.5829527735710144 29
1782651294630 0.55927414894104 30
1782651295804 0.5435474157333374 31
1782651296955 0.5195453643798829 32
1782651298168 0.49983821511268617 33
1782651299334 0.48470847606658934 34
1782651300514 0.4708340108394623 35
1782651301686 0.46345639824867246 36
1782651302875 0.4510378956794739 37
1782651304050 0.4389427661895752 38
1782651305188 0.4225159645080566 39
1782651306325 0.4040693283081055 40
1782651307473 0.4015047550201416 41
1782651308591 0.38379324674606324 42
1782651309729 0.3745149910449982 43
1782651310868 0.3629067838191986 44
1782651311988 0.3496331810951233 45
1782651313154 0.34437554478645327 46
1782651314295 0.32967416644096376 47
1782651315436 0.316504579782486 48
1782651316597 0.3058072328567505 49
1782651317751 0.2953344643115997 50
1782651318928 0.286932510137558 51
1782651320077 0.28851172924041746 52
1782651321201 0.28173515796661375 53
1782651322395 0.2721032440662384 54
1782651323595 0.2618393778800964 55
1782651324769 0.25193852484226226 56
1782651325959 0.244011053442955 57
1782651327101 0.23892064094543458 58
1782651328279 0.23639896214008332 59
1782651329444 0.23962331414222718 60
1782651330624 0.24692924916744233 61
1782651331734 0.2319137454032898 62
1782651332911 0.22685056924819946 63
1782651334068 0.21834083497524262 64
1782651335257 0.21035310328006745 65
1782651336411 0.2052634060382843 66
1782651337566 0.20733216106891633 67
