1783458165412 1.4442489006940056 1
1783458172113 1.1470317571770912 2
1783458178674 0.9823830326398214 3
1783458185438 0.8931344326804666 4
1783458192040 0.8667799807062336 5
1783458198746 0.8088425993919373 6
1783458205409 0.7046132379887151 7
1783458211972 0.6287907502230476 8
1783458218576 0.6045901062441807 9
1783458225204 0.5595027395323211 10
1783458231883 0.47987351581162097 11
1783458238422 0.42182783753264186 12
1783458245029 0.402449113481185 13
1783458251789 0.37852263041571077 14
1783458258396 0.32542228757166397 15
1783458266059 0.2844414632110035 16
1783458272624 0.2689757978214937 17
1783458279290 0.26212282654117136 18
1783458285838 0.23686902283453473 19
1783458292384 0.20373470905949087 20
1783458298992 0.19061768201051973 21
1783458305451 0.1936008249427758 22
1783458311996 0.19337625976871042 23
1783458318684 0.15747426625560312 24
1783458325182 0.1481731434663137 25
1783458331684 0.14970066062375612 26
1783458338304 0.14716979978131314 27
1783458345021 0.1265883565533395 28
1783458351564 0.1205101014644492 29
1783458358225 0.12831646408520492 30
1783458364705 0.1280583163686827 31
1783458371213 0.10860789859411764 32
1783458377776 0.10298819094896317 33
1783458384328 0.10821208839907366 34
1783458390872 0.10855462767329871 35
1783458397312 0.09492818426852133 36
1783458403814 0.09120823194583257 37
1783458410252 0.09716685919785033 38
1783458416780 0.1042696388036597 39
1783458423334 0.08703314147743524 40
1783458429913 0.08268741898092569 41
1783458436488 0.08774927872068741 42
1783458443157 0.09355487440731011 43
1783458449664 0.07964595728645138 44
1783458456057 0.07552400786502689 45
1783458462477 0.0800986669811548 46
1783458468898 0.08534976452881214 47
1783458475417 0.07434148706641852 48
1783458481855 0.0699230321482116 49
1783458488300 0.07364722297472112 50
