1781760374777 1.4751266638437908 1
1781760392011 1.3288087386351366 2
1781760409653 1.2328914006551106 3
1781760427095 1.159512146925315 4
1781760444215 1.0921954894677186 5
1781760461609 1.029960803496532 6
1781760478682 0.9626295765240988 7
1781760495046 0.9050970352613009 8
1781760511971 0.8463682562876971 9
1781760528932 0.7877624172430772 10
1781760546362 0.738866408665975 11
1781760563422 0.6893523763387631 12
1781760580802 0.6411709892444122 13
1781760598089 0.5986118714014689 14
1781760616793 0.5579026968051226 15
1781760633850 0.5354591967203678 16
1781760650749 0.5046828358601301 17
1781760667972 0.47819228050036305 18
1781760685679 0.4407394322065207 19
1781760703189 0.4250318163480514 20
1781760720509 0.40119956777645993 21
1781760739900 0.4061900935111902 22
1781760756608 0.38733828373444384 23
1781760773424 0.3724752183143909 24
1781760790344 0.3462679111040555 25
1781760807699 0.34736613432566327 26
1781760824981 0.3441682404432541 27
1781760842265 0.32717243753946745 28
1781760858625 0.31492337355246913 29
1781760875302 0.31114242779902923 30
1781760892475 0.30031286294643694 31
1781760909706 0.29123166853036636 32
1781760926554 0.28364550570646924 33
1781760944104 0.2784239730009666 34
1781760961064 0.27564963698387146 35
1781760977961 0.27425442253931975 36
