1782662599915 2.0262656211853027 1
1782662601030 1.7686197757720947 2
1782662602238 1.671818470954895 3
1782662603390 1.6152107000350953 4
1782662604573 1.5729971408843995 5
1782662605699 1.54265239238739 6
1782662606849 1.5061346292495728 7
1782662608017 1.4748868942260742 8
1782662609135 1.452830719947815 9
1782662610283 1.4337509393692016 10
1782662611449 1.4113837480545044 11
1782662612575 1.385004496574402 12
1782662613706 1.3483651161193848 13
1782662614911 1.3253997087478637 14
1782662616098 1.3045247316360473 15
1782662617270 1.2767802476882935 16
1782662618416 1.246028184890747 17
1782662619572 1.2208596467971802 18
1782662620754 1.1941298007965089 19
1782662621908 1.1622345209121705 20
1782662623062 1.1386640310287475 21
1782662624222 1.105321431159973 22
1782662625456 1.0832006931304932 23
1782662626590 1.0533315658569335 24
1782662627770 1.033152413368225 25
1782662628951 1.00459965467453 26
1782662630117 0.9808759808540344 27
1782662631270 0.9470894813537598 28
1782662632454 0.9205077409744262 29
1782662633597 0.8985639333724975 30
1782662634742 0.8647538661956787 31
1782662635863 0.8368290543556214 32
1782662636974 0.8193211913108825 33
1782662638156 0.7888991355895996 34
1782662639345 0.772094440460205 35
1782662640490 0.74904944896698 36
1782662641647 0.7243463873863221 37
1782662642807 0.7087425589561462 38
1782662643991 0.6958550691604615 39
1782662645153 0.6788615107536315 40
1782662646419 0.6535898089408875 41
1782662647598 0.6338711619377136 42
1782662648750 0.6128256678581238 43
1782662649920 0.5944745421409607 44
1782662651082 0.5888225317001343 45
1782662652217 0.558909010887146 46
1782662653409 0.553592050075531 47
1782662654585 0.5339071035385132 48
1782662655754 0.534887182712555 49
1782662656926 0.5083478093147278 50
1782662658095 0.4913547158241272 51
1782662659272 0.4814905822277069 52
1782662660438 0.4661554038524628 53
1782662661626 0.461510968208313 54
