1782231376840 1.565180640220642 1
1782231380879 1.0241332936286927 2
1782231384973 0.7776196074485778 3
1782231388898 0.7572640609741211 4
1782231392770 0.7507183146476746 5
1782231396739 0.7293139767646789 6
1782231400741 0.6933630228042602 7
1782231404692 0.678733913898468 8
1782231408687 0.675831184387207 9
1782231412618 0.6693581748008728 10
1782231416550 0.6587114810943604 11
1782231420665 0.6463550138473511 12
1782231424738 0.6380127620697021 13
1782231428578 0.6215026044845581 14
1782231432645 0.5843277335166931 15
1782231436668 0.5619081223011017 16
1782231440905 0.557380599975586 17
1782231444954 0.5463403272628784 18
1782231448944 0.5279052805900574 19
1782231453081 0.5176577258110047 20
1782231457148 0.5139661264419556 21
1782231461316 0.5217723703384399 22
1782231465306 0.5097215867042542 23
1782231469424 0.4953781497478485 24
1782231473292 0.4908386695384979 25
1782231477362 0.49089476704597473 26
1782231481433 0.4807349491119385 27
1782231485373 0.4779626023769379 28
1782231489500 0.4749030208587646 29
1782231493925 0.47622212767601013 30
1782231498121 0.4815006768703461 31
1782231502338 0.4605743503570557 32
1782231506473 0.45588122725486757 33
1782231510515 0.45514496803283694 34
1782231514744 0.45075076580047607 35
1782231518745 0.4446344017982483 36
1782231522984 0.4441796362400055 37
1782231526970 0.4477164351940155 38
1782231531283 0.4425655913352966 39
1782231535270 0.43326007604599 40
1782231539251 0.4317637538909912 41
1782231543316 0.43287548184394836 42
1782231547436 0.4282860481739044 43
1782231551804 0.42278019070625306 44
1782231555759 0.4217491436004639 45
1782231559781 0.4230816411972046 46
1782231563655 0.4264425671100616 47
1782231567561 0.41697478652000425 48
1782231571437 0.41288808107376096 49
1782231575412 0.4153213334083557 50
1782231579462 0.4162022507190704 51
1782231583475 0.40830919504165647 52
1782231587483 0.4052982890605927 53
1782231591723 0.4133854055404663 54
1782231595811 0.4078608953952789 55
1782231600145 0.40104190945625307 56
1782231604229 0.39853116512298586 57
1782231608361 0.4007116770744324 58
1782231612548 0.4026423156261444 59
1782231616884 0.39479591250419616 60
1782231621008 0.39375161767005923 61
1782231625174 0.4034744083881378 62
1782231629472 0.393153133392334 63
1782231633601 0.38821924090385435 64
1782231637750 0.3867476034164429 65
1782231642187 0.39113869667053225 66
1782231646899 0.3984295642375946 67
1782231651723 0.3856407928466797 68
1782231656153 0.3811997807025909 69
1782231660763 0.38458916783332825 70
1782231666950 0.382112979888916 71
