1783009730443 1.627537342635068 1
1783009736744 1.2859151065349579 2
1783009743003 1.0415373729033903 3
1783009749403 0.8336366401477293 4
1783009755608 0.6688790578733791 5
1783009762014 0.5369437113404274 6
1783009768233 0.44194813343611633 7
1783009774602 0.35429770431735297 8
1783009781193 0.29063695804639295 9
1783009787535 0.2347973778166554 10
1783009793788 0.19667791575193405 11
1783009800257 0.17175441438501532 12
1783009806970 0.14613910493525592 13
1783009813391 0.13027853400192477 14
1783009819830 0.12079798464070667 15
1783009826263 0.11393225379288197 16
1783009832676 0.10422880558127706 17
1783009839146 0.09932419437576424 18
1783009845595 0.09316639754582536 19
1783009852023 0.09382805075835098 20
1783009858344 0.08717418766834518 21
1783009864616 0.08316412601958621 22
1783009870913 0.08419544757767157 23
1783009877434 0.08106000010262836 24
1783009883704 0.07749988697469234 25
1783009890086 0.07661174474792047 26
1783009896415 0.07530055212026293 27
1783009902698 0.0722343037751588 28
1783009909095 0.07123806361447681 29
1783009915514 0.07003071032125842 30
1783009922028 0.06965419963340867 31
1783009928265 0.0666563982482661 32
1783009934741 0.06518544713881883 33
1783009941067 0.06625822448933666 34
1783009947415 0.06746852143921635 35
1783009953877 0.06582966133613478 36
1783009960219 0.06218168257989667 37
1783009966660 0.06091036105697805 38
1783009972993 0.06075191150673411 39
1783009979343 0.0601066214625131 40
1783009985698 0.06194715007123622 41
1783009992282 0.0581769777292555 42
1783009998976 0.056206737983633175 43
1783010005393 0.05956926857205955 44
1783010011830 0.06001827806573023 45
1783010018110 0.05680232478136366 46
1783010024505 0.057024859484623776 47
1783010030994 0.0564107901670716 48
1783010037489 0.05595937896181236 49
1783010043810 0.05583154537122358 50
1783010050166 0.05515261773358692 51
1783010056604 0.05420489135113629 52
1783010063010 0.05372662258080461 53
1783010069239 0.05337084508077665 54
1783010075470 0.05295033930716189 55
1783010081895 0.05333095391026952 56
1783010088252 0.05228603809055957 57
1783010094542 0.053483973341909324 58
1783010100982 0.05063251177357002 59
1783010107343 0.05075696762651205 60
1783010113764 0.05088687264783816 61
1783010120009 0.05082969147373329 62
1783010126254 0.048202724788676606 63
1783010132449 0.04901746643537825 64
1783010138736 0.048298567194830284 65
1783010145032 0.048851190050217236 66
1783010151269 0.04914660167626359 67
1783010157756 0.04728251128372821 68
1783010164187 0.05015711147676815 69
1783010170740 0.04862061456184496 70
1783010176981 0.049332205544818535 71
1783010183179 0.04843679663132538 72
1783010189396 0.04791362422772429 73
1783010195627 0.04789888105270537 74
1783010202045 0.0476568853482604 75
1783010208554 0.04706605820154602 76
1783010214714 0.04463894986970858 77
1783010221115 0.04512442538345402 78
1783010227467 0.0469735333357345 79
1783010233908 0.04483596167781136 80
1783010240293 0.045957007106732235 81
1783010246485 0.044786637564274395 82
1783010252888 0.046658041294325485 83
1783010259265 0.04729163655164567 84
1783010265613 0.04499632899056782 85
1783010271914 0.0464823493226008 86
1783010278229 0.04426169640977274 87
