1780003602677 1.3067569518700624 1
1780003657025 1.0661925688768044 2
1780003711755 1.060528434239901 3
1780003766375 1.0529597814266498 4
1780003820954 1.0437126801564143 5
1780003875153 1.0226765657082582 6
1780003929302 0.9950166115394006 7
1780003984023 0.9807691207298865 8
1780004038674 0.969014306863149 9
1780004092899 0.9630096829854525 10
1780004147052 0.95749093630375 11
1780004201836 0.9493801777179425 12
1780004256988 0.9364222792478708 13
1780004312293 0.9244453647197821 14
1780004366561 0.9230646842565292 15
1780004420873 0.9153574582857963 16
1780004475358 0.9168093632429074 17
1780004530183 0.9019753887103155 18
1780004584892 0.9033283728819627 19
1780004639093 0.901494548870967 20
1780004693457 0.8942589973792051 21
1780004747625 0.888316593109033 22
1780004802147 0.8870823704279386 23
1780004856414 0.8851306682977921 24
1780004911396 0.8761562705039978 25
1780004965611 0.8680308017975245 26
1780005020049 0.8672216259516202 27
1780005074636 0.858532943786719 28
1780005129748 0.8531426099630502 29
1780005184063 0.8422173689573239 30
1780005238404 0.8417726755142212 31
1780005292816 0.8431866459357433 32
1780005347487 0.8358750465588692 33
1780005401659 0.8304646488947746 34
1780005455961 0.8225684960683187 35
1780005510117 0.8075606303337293 36
1780005565464 0.8087552373225873 37
1780005619862 0.7888770378552951 38
1780005674739 0.7853518586892348 39
1780012053981 0.805032552816929 40
1780023142270 0.773165606535398 41
1780032891341 0.7698449813402616 42
1780033345296 0.7726736511939611 43
1780037006025 0.7640091027968969 44
1780037127168 0.7449220403646811 45
