1783495669495 2.418564484669612 1
1783495674157 2.3252613911261926 2
1783495679081 2.245551641170795 3
1783495683589 2.1811220462505636 4
1783495688076 2.1186779462374172 5
1783495692936 2.054775824913612 6
1783495698268 1.989517752940838 7
1783495718707 1.91789042032682 8
1783495723581 1.8531068104964037 9
1783495728509 1.776547541985145 10
1783495733185 1.6913507259809053 11
1783495737879 1.6145566885287945 12
1783495742542 1.5311857461929321 13
1783495747511 1.451437464127174 14
1783495752455 1.3744745437915509 15
1783495757614 1.3051311878057628 16
1783495762592 1.2388581312619722 17
1783495767335 1.1767330169677734 18
1783495772033 1.119511338380667 19
1783495776747 1.0629346645795381 20
1783495781717 1.0185326154415424 21
1783495786467 0.9719811632083013 22
1783495791085 0.9378310075173011 23
1783495795912 0.897863704424638 24
1783495800773 0.8655415452443637 25
1783495808094 0.8317653766045203 26
1783495812768 0.7968403376065768 27
1783495817733 0.7724556418565603 28
1783495822726 0.7391080948022696 29
1783495827421 0.712790663425739 30
1783495831840 0.6926351510561429 31
1783495836874 0.6687228679656982 32
1783495842039 0.6510394719930795 33
1783495846899 0.6353151477300204 34
1783495851527 0.612978994846344 35
1783495856482 0.5978326705785898 36
1783495861510 0.5847254716433011 37
1783495866240 0.5685994625091553 38
1783495870701 0.5590096712112427 39
1783495875357 0.5497766137123108 40
1783495879873 0.5393255536372845 41
1783495884563 0.5235527409957006 42
1783495889220 0.5244574592663691 43
1783495894222 0.5120147122786596 44
1783495898913 0.5029827998234675 45
1783495903404 0.4969924252766829 46
1783495908131 0.48755908470887405 47
1783495913192 0.48094544273156387 48
1783495919150 0.47333481220098644 49
1783495924318 0.46647940690700823 50
1783495929069 0.464920678964028 51
1783495933949 0.4574477649652041 52
1783495938589 0.4563004672527313 53
1783495943411 0.45385706653961766 54
1783495948294 0.44420645328668446 55
1783495953220 0.44928787304804874 56
1783495958368 0.44279823624170744 57
1783495963556 0.44175460934638977 58
1783495968590 0.4386906692614922 59
1783495973515 0.4374409272120549 60
1783495978656 0.4246848156818977 61
1783495983562 0.4323081076145172 62
1783495988516 0.4234436589937944 63
1783495993161 0.4243254799109239 64
1783495997756 0.42038498475001407 65
1783496002402 0.4166658887496361 66
1783496007013 0.41494678075496966 67
1783496011537 0.4085908761391273 68
1783496016465 0.4058167063272916 69
1783496021340 0.40426934911654544 70
1783496025943 0.40227399881069476 71
1783496030846 0.40437740546006423 72
1783496035681 0.4104544428678659 73
1783496040354 0.4092407249487363 74
1783496044979 0.4062116581660051 75
1783496049583 0.39577096929916966 76
1783496054310 0.4038414175693805 77
