1781986463629 1.5288751461567023 1
1781986494093 1.4275722534228594 2
1781986530781 1.3359220425287883 3
1781986551748 1.2485759900166438 4
1781986572584 1.164973720526084 5
1781986593575 1.0855323657011375 6
1781986614449 1.0162095503929334 7
1781986635367 0.9484505928479708 8
1781986656198 0.8835099140803019 9
1781986677601 0.8153111216349479 10
1781986698657 0.7515029418162811 11
1781986719401 0.7023172027025467 12
1781986740187 0.6502533555030823 13
1781986761015 0.6020797338241186 14
1781986781807 0.5629618763923645 15
1781986805747 0.5401696921923221 16
1781986826834 0.5125108521718246 17
1781986847600 0.4853388178042876 18
1781986868607 0.46522331696290237 19
1781986890816 0.45644115408261615 20
1781986911868 0.44050168685424024 21
1781986933216 0.42578277679590076 22
1781986954420 0.41639693043170833 23
1781986975570 0.3941789353505159 24
1781986996695 0.38491733563251984 25
1781987017937 0.3789353133776249 26
1781987039784 0.37561567700826204 27
1781987061187 0.3619674459481851 28
1781987082807 0.35756674867409927 29
1781987104237 0.35091625497891354 30
1781987125278 0.3350617602849618 31
1781987146377 0.3325904688009849 32
1781987167928 0.3229477588947003 33
1781987188997 0.30926286219022214 34
1781987210313 0.3071476931755359 35
1781987231237 0.2917665927073894 36
1781987252082 0.28613848220079374 37
1781987273068 0.28959466173098636 38
1781987293871 0.28628298754875475 39
1781987316219 0.27492842422081876 40
1781987337404 0.2557391807054862 41
1781987358267 0.25874234659549517 42
1781987379524 0.2712780516117047 43
1781987400715 0.27557592743482345 44
1781987424726 0.25303790126091397 45
1781987446097 0.24287109841138887 46
1781987467223 0.24391639729340872 47
1781987499601 0.24116248962206718 48
1781987522880 0.23171413059418017 49
1781987544105 0.2350830267637204 50
1781987565557 0.2337066875054286 51
1781987586813 0.22898372243612242 52
1781987608154 0.2133436436072374 53
1781987629471 0.21653527976610723 54
1781987650656 0.20350267451543075 55
1781987671952 0.19223634134500456 56
1781987693367 0.19396120882951295 57
1781987727823 0.18621065181035262 58
1781987758543 0.199544513072723 59
1781987779711 0.19307636412290427 60
1781987800940 0.18974327658995604 61
1781987822324 0.19922834367324144 62
1781987843594 0.18977520519342178 63
1781987865660 0.18754739142381227 64
1781987886711 0.18614339904907423 65
1781987907983 0.17993687666379488 66
