1780859898414 1.3870385335041926 1
1780859920892 1.0696399150750575 2
1780859942706 1.0439207125932743 3
1780859964569 1.0180734380697594 4
1780859987288 1.007501137562287 5
1780860010359 1.0022589915837996 6
1780860032832 1.0019333683527434 7
1780860054728 0.9891015474612896 8
1780860077347 0.986804023767129 9
1780860100366 0.9730076086826813 10
1780860123208 0.9635157539294317 11
1780860146118 0.9587295605586126 12
1780860168943 0.9480672570375296 13
1780860191725 0.9385394026071597 14
1780860214762 0.930651435485253 15
1780860237651 0.9342479247313279 16
1780860261645 0.9207436136710339 17
1780860285780 0.9166525067427219 18
1780860309619 0.9084116617838541 19
1780860333242 0.8975201019873986 20
1780860356458 0.8956262591557625 21
1780860379443 0.8889026336180859 22
1780860403124 0.8838499967868512 23
1780860426463 0.8731615925446535 24
1780860449242 0.8820771406858395 25
1780860472975 0.8670341892120166 26
1780860496098 0.8595231007307004 27
1780860518916 0.8251943175609295 28
1780860541145 0.8271489296204004 29
1780860563468 0.7861945751385812 30
1780860586267 0.7663182753783006 31
1780860610391 0.7424346086306449 32
1780860633338 0.727242173292698 33
1780860655793 0.7117753365100958 34
1780860678965 0.686416031458439 35
1780860702584 0.6687004306377509 36
1780860725474 0.6573898838116572 37
1780860748134 0.6651529318247086 38
1780860778360 0.6390510644668188 39
1780860801071 0.6332293351491293 40
1780860824468 0.6249793492830716 41
1780860847562 0.6113620675527133 42
1780860870578 0.6136699181336623 43
1780860893528 0.60210865124678 44
1780860916591 0.5854169053909106 45
1780860939549 0.5928562856637515 46
1780860962723 0.5731183596146412 47
1780860985449 0.6037454574536054 48
1780861010156 0.5767146501785669 49
1780861032916 0.565186993433879 50
1780861055603 0.5544883180887271 51
1780861078730 0.5601756886029855 52
1780861101044 0.5508461541090256 53
1780861123960 0.5490097984289511 54
1780861147758 0.5296147786653959 55
1780861170805 0.5228053491849166 56
1780861193890 0.54597035356057 57
1780861217136 0.5286835523752066 58
1780861240657 0.5233947206766177 59
1780861264228 0.5113773292455918 60
