1781736173978 1.304974024112408 1
1781736191003 1.2169216810128627 2
1781736208063 1.1364750281358376 3
1781736224954 1.0631768978559053 4
1781736242088 0.9911948274343442 5
1781736259084 0.9230063832723178 6
1781736275636 0.8515066412779001 7
1781736291758 0.7864119548064011 8
1781736308576 0.7330505083768796 9
1781736325616 0.6799961221523774 10
1781736342834 0.6313338784071115 11
1781736360162 0.6019951196817251 12
1781736377837 0.5604025813249441 13
1781736395179 0.537761627863615 14
1781736416500 0.5122564366230598 15
1781736432957 0.5024992273404048 16
1781736450072 0.4770332383803832 17
1781736467272 0.4637172749409309 18
1781736484488 0.4444099213832464 19
1781736502076 0.4355014715439234 20
1781736519813 0.41026195348837435 21
1781736537043 0.39855833389820194 22
1781736553105 0.3838957104927454 23
1781736569696 0.3985413114229838 24
1781736586694 0.37533264129589766 25
1781736604101 0.3448458948196509 26
1781736621239 0.3513845488046988 27
1781736639081 0.3481933619731512 28
1781736656810 0.3292475564357562 29
1781736673163 0.3211320027326926 30
1781736689934 0.3240926796809221 31
1781736707715 0.3073897682703458 32
1781736724977 0.29875949789316225 33
1781736742451 0.28928968348564243 34
1781736759630 0.2824538480012845 35
1781736776996 0.2726732878348766 36
1781736793861 0.2735215226809184 37
1781736810267 0.26653262743583095 38
1781736827246 0.26124738653500873 39
1781736844082 0.2759509675013713 40
1781736861146 0.25296626602992034 41
1781736878346 0.25293152836652905 42
1781736895284 0.23896401662092942 43
1781736912109 0.23216940004091996 44
1781736928237 0.22757126008852935 45
1781736944869 0.22763879635395148 46
1781736961719 0.21268655206912604 47
