1782389943188 1.6168007564544677 1
1782389947509 1.54656831741333 2
1782389951787 1.4711723232269287 3
1782389956448 1.4319315671920776 4
1782389960725 1.419637804031372 5
1782389965158 1.3868509340286255 6
1782389969540 1.3311505794525147 7
1782389974159 1.2983445644378662 8
1782389978541 1.2881863927841186 9
1782389982828 1.2608215188980103 10
1782389987249 1.2123325204849242 11
1782389991644 1.180662693977356 12
1782389996269 1.170200276374817 13
1782390000887 1.144075493812561 14
1782390005084 1.0942453384399413 15
1782390009278 1.0628400707244874 16
1782390013646 1.05260178565979 17
1782390018235 1.0261490941047668 18
1782390022372 0.9797656488418579 19
1782390026611 0.9488923239707947 20
1782390031117 0.9378173661231994 21
1782390035317 0.9112854433059693 22
1782390039732 0.8675568413734436 23
1782390044135 0.8371722364425659 24
1782390048416 0.825672287940979 25
1782390052903 0.8027873086929321 26
1782390057188 0.760634343624115 27
1782390061806 0.7320090556144714 28
1782390066086 0.7232755732536316 29
1782390070335 0.7047130060195923 30
1782390074651 0.6663887405395508 31
1782390078922 0.6383038592338562 32
1782390083317 0.6285335493087768 33
1782390087543 0.6097468566894532 34
1782390091787 0.5790762519836425 35
1782390105856 0.5545348954200745 36
1782390109940 0.5476608288288116 37
1782390114888 0.5378805911540985 38
1782390119350 0.5101036369800568 39
1782390123812 0.48730751514434817 40
1782390128149 0.47928587555885316 41
1782390132585 0.46603644013404844 42
1782390136957 0.4444761776924133 43
1782390141497 0.42572897791862485 44
1782390146065 0.41890008211135865 45
1782390150443 0.41288206934928895 46
1782390155053 0.40017682790756226 47
1782390159445 0.3811960995197296 48
1782390163683 0.3770872378349304 49
1782390168119 0.37223760843276976 50
1782390172470 0.36416545152664187 51
1782390176859 0.3519329357147217 52
1782390181039 0.3470681130886078 53
1782390185254 0.3440795612335205 54
1782390189612 0.34108120799064634 55
1782390194149 0.3322255951166153 56
1782390198462 0.324908549785614 57
1782390202659 0.32307672142982485 58
1782390207061 0.3199843215942383 59
1782390211397 0.31499481678009034 60
1782390215694 0.30712054669857025 61
1782390220186 0.3127839493751526 62
1782390224739 0.31837446928024293 63
1782390229428 0.3057971292734146 64
1782390233981 0.29922709107398987 65
1782390238224 0.2976447731256485 66
1782390242493 0.29955786108970645 67
1782390246930 0.29360126733779907 68
1782390251456 0.28702461421489717 69
1782390255657 0.2914155203104019 70
1782390259832 0.292722185254097 71
1782390264248 0.2842971456050873 72
1782390268906 0.2830458825826645 73
1782390273249 0.28781539082527163 74
1782390277634 0.2901836508512497 75
1782390282244 0.280294189453125 76
