1783009268227 1.4742264287038283 1
1783009274588 1.1688089804215864 2
1783009281044 0.970459522171454 3
1783009287314 0.8096335232257843 4
1783009293600 0.6761032207445665 5
1783009300193 0.5662536417896097 6
1783009306576 0.47719856351614 7
1783009312798 0.4008977453817021 8
1783009319029 0.3391753096472133 9
1783009325454 0.2831689336083152 10
1783009331861 0.24030876261266795 11
1783009338169 0.20472785999829118 12
1783009344473 0.17295102741230617 13
1783009350933 0.15033404461362146 14
1783009357386 0.13623861308124932 15
1783009363955 0.1258864343505014 16
1783009370369 0.11468819732015784 17
1783009376819 0.1052646611563184 18
1783009383235 0.09847283160144632 19
1783009389716 0.09580241973427209 20
1783009396080 0.09017968668856403 21
1783009402500 0.08934184621003541 22
1783009408956 0.08259465359151363 23
1783009415460 0.08185600861907005 24
1783009421718 0.07814054377377033 25
1783009428121 0.07596328194168481 26
1783009434530 0.07869549197229472 27
1783009441091 0.073840027844364 28
1783009447331 0.07163089945573699 29
1783009453802 0.06859827651218935 30
1783009460248 0.06934498487548395 31
1783009467004 0.06967951213432984 32
1783009473491 0.06540855138816616 33
1783009479869 0.06648141839964823 34
1783009486277 0.06465782470662486 35
1783009492619 0.06502120933410796 36
1783009498933 0.06311686684123495 37
1783009505382 0.06301212666386907 38
1783009512061 0.06210754337635907 39
1783009518310 0.061027015474709595 40
1783009524589 0.059905000115660106 41
1783009530818 0.060318282043392006 42
1783009537072 0.05715187164870175 43
1783009543385 0.058132403614846145 44
1783009549712 0.057866919531740925 45
1783009556173 0.05560408100824465 46
1783009562352 0.056586157869208946 47
1783009568726 0.05657140876759182 48
1783009575138 0.056000857783312145 49
1783009581464 0.055506179871206936 50
1783009587762 0.05628954001109709 51
1783009593980 0.054760626263239166 52
1783009600213 0.05304989252578129 53
1783009606462 0.05431996302848512 54
1783009613048 0.05466296676207672 55
1783009619527 0.05085859075188637 56
1783009625975 0.05095286743546074 57
1783009632327 0.05088582440194758 58
1783009638788 0.05193558174439452 59
1783009645072 0.051228443583981556 60
1783009651345 0.04877101638439027 61
1783009657773 0.049573836594142696 62
1783009664235 0.05058573846789924 63
1783009670646 0.04915152134543115 64
1783009676941 0.04935217343948104 65
1783009683373 0.04833695080808618 66
1783009689763 0.04825359455902468 67
1783009696338 0.048713647929782215 68
1783009702780 0.04871505939147689 69
1783009709133 0.048205139454115524 70
1783009715578 0.04650707974691282 71
1783009721854 0.047351388006725094 72
