1781129526094 1.7174843871404255 1
1781129539754 1.3651503759717185 2
1781129554489 1.054613955437191 3
1781129569499 1.03965757763575 4
1781129583153 1.0374183257420857 5
1781129597730 1.0367478378235349 6
1781129612449 1.036698757656037 7
1781129627204 1.0363198745818365 8
1781129641804 1.0358150648692297 9
1781129656990 1.035343541039361 10
1781129671986 1.0344221156740945 11
1781129686752 1.0326337076368786 12
1781129700941 1.0287325836363292 13
1781129715459 1.0191817520156738 14
1781129729110 1.0072716824592105 15
1781129743667 0.9976597608081879 16
1781129757755 0.9907167383602687 17
1781129771838 0.9774632103859432 18
1781129785567 0.941641700646234 19
1781129799588 0.8901283986984737 20
1781129814454 0.8423259173120771 21
1781129828558 0.8130799484631371 22
1781129843216 0.7921186572029477 23
1781129857457 0.7737601030440557 24
1781129871045 0.7580142087406583 25
1781129885879 0.7321920129987929 26
1781129900951 0.7115149081699432 27
1781129915402 0.6966812762003096 28
1781129928889 0.6856319781333681 29
1781129943074 0.6770521657807487 30
1781129957416 0.671654000168755 31
1781129970914 0.6653367763473874 32
1781129984463 0.6634724282083058 33
1781129998433 0.6568511516328842 34
1781130012390 0.6547079001154218 35
1781130027914 0.6520885361565484 36
1781130042687 0.648541596200731 37
1781130056910 0.6516503861972264 38
1781130071116 0.6458047524331108 39
1781130085009 0.6468041567575364 40
1781130098597 0.6406130383885096 41
1781130111802 0.639847995742919 42
1781130126979 0.637395907962133 43
1781130142156 0.6358888262794131 44
1781130156668 0.6342524536072262 45
1781130170590 0.6381062089450775 46
1781130185515 0.6328371621313549 47
1781130199746 0.6339769751306564 48
1781130213661 0.6291940533925616 49
1781130229021 0.6324039357049125 50
1781130243040 0.630491316318512 51
1781130257779 0.6281471451123556 52
1781130271970 0.6249819066789415 53
1781130287018 0.6243202080802311 54
1781130301168 0.6250249563701569 55
1781130314866 0.6247646269344148 56
1781130330246 0.6232627847838024 57
1781130344344 0.6205589903725518 58
1781130358312 0.6185520915758043 59
1781130373239 0.6167174937233092 60
1781130386853 0.6194725367758009 61
1781130400784 0.6147463728511144 62
1781130416264 0.618000348409017 63
1781130430265 0.6128418379359775 64
1781130444429 0.6118489210567777 65
1781130458874 0.612150786414979 66
1781130472549 0.6104977093045674 67
1781130486711 0.6092203174318586 68
1781130500526 0.6113031487616282 69
1781130514841 0.6064163583611685 70
1781130528556 0.6075907321203322 71
1781130542291 0.606062358333951 72
1781130556103 0.6053094797664218 73
1781130570738 0.6039056106219216 74
1781130585059 0.6035169523859781 75
1781130599462 0.6051745424194942 76
1781130616113 0.6018414459531269 77
1781130629730 0.6019909958990793 78
1781130644135 0.6002622294047523 79
1781130658879 0.6002171692394075 80
1781130674006 0.596554540452503 81
1781130687589 0.5948499677673219 82
1781130701075 0.5980748846417382 83
1781130715148 0.5971121154134236 84
1781130729433 0.594368787038894 85
1781130743023 0.5939885973930359 86
1781130757805 0.5922609860934909 87
1781130771819 0.5894513111265879 88
1781130784963 0.5903600198881966 89
1781130800411 0.5887760075311812 90
1781130814411 0.5884245884796929 91
1781130828020 0.5865456471367488 92
1781130841990 0.5899040594933525 93
1781130856511 0.585397219847119 94
1781130871061 0.5881001897274502 95
1781130884520 0.5848583692596072 96
1781130898017 0.583180530676766 97
1781130912078 0.5872961859854441 98
1781130926694 0.5804823797846598 99
1781130941992 0.5858870531831469 100
