1782595697441 1.5946725715290417 1
1782595703191 1.2720840708775953 2
1782595709000 1.0425447659059004 3
1782595714888 0.8447964123704217 4
1782595720651 0.6800895373929631 5
1782595726512 0.553557774560018 6
1782595732369 0.44795759293166076 7
1782595738113 0.3679148554801941 8
1782595743825 0.3008130897175182 9
1782595749710 0.24942107871174812 10
1782595755625 0.20473261482336305 11
1782595761486 0.17620634490793402 12
1782595767238 0.15201001377268272 13
1782595773114 0.13847960480912166 14
1782595778986 0.12398179112510248 15
1782595784813 0.11533350311219692 16
1782595790838 0.10784920338879932 17
1782595796584 0.10109068283980543 18
1782595802248 0.0957606898790056 19
1782595810588 0.09135013615543192 20
1782595816326 0.08911378918723627 21
1782595822136 0.08466177162798968 22
1782595828200 0.08249120211059396 23
1782595834326 0.0800233173438094 24
1782595840377 0.0778667621991851 25
1782595846096 0.07753742232241413 26
1782595851920 0.07585557431659916 27
1782595857909 0.07451709546148777 28
1782595863820 0.07177623784677549 29
1782595869701 0.07035690605301749 30
1782595875632 0.06981635550883683 31
1782595881464 0.06830040780319409 32
1782595887297 0.06744462514126842 33
1782595893262 0.06685702604326335 34
1782595899269 0.06626825711943886 35
1782595905296 0.06408829368989576 36
