1779918478607 1.4452762508392334 1
1779918482383 1.0341386246681212 2
1779918486736 0.8912249064445495 3
1779918490445 0.8084436392784119 4
1779918494214 0.7230250644683838 5
1779918497898 0.6874737596511841 6
1779918501795 0.6659418296813965 7
1779918505709 0.7465953707695008 8
1779918509610 0.7305643033981323 9
1779918513675 0.7127369165420532 10
1779918517692 0.6969006490707398 11
1779918521618 0.6810879397392273 12
1779918525596 0.6678466510772705 13
1779918529510 0.6565069556236267 14
1779918533516 0.644024932384491 15
1779918537395 0.6264814019203186 16
1779918541347 0.6072481870651245 17
1779918545187 0.5926527881622314 18
1779918549082 0.5793694281578063 19
1779918552997 0.5669837927818299 20
1779918556967 0.5866181421279907 21
1779918561049 0.5514216184616089 22
1779918564979 0.5424163973331452 23
1779918568943 0.5465449893474579 24
1779918572792 0.5096486568450928 25
1779918576712 0.4984029519557953 26
1779918580682 0.48210018157958984 27
1779918584643 0.48119378805160523 28
1779918588573 0.4542140531539917 29
1779918592513 0.4522841107845306 30
1779918596404 0.4511361765861511 31
1779918600379 0.4424729144573212 32
1779918604288 0.43454072713851927 33
1779918608192 0.41978752732276914 34
1779918612152 0.4120258545875549 35
1779918616033 0.406931209564209 36
1779918619892 0.40351367354393003 37
1779918623823 0.39509164571762084 38
1779918627771 0.39453226685523984 39
1779918631689 0.39839335799217224 40
