1780000912330 1.38014882344466 1
1780000966592 1.0706615386865077 2
1780001020844 1.064484437306722 3
1780001074724 1.0572790671617558 4
1780001128519 1.047425994506249 5
1780001182435 1.0386866010152376 6
1780001236529 1.0287348123697133 7
1780001291116 1.0208772940513415 8
1780001345367 1.0153562044486022 9
1780001399823 1.0050484247696705 10
1780001454271 0.9991950071774997 11
1780001508404 1.000506804539607 12
1780001563052 0.986676478997255 13
1780001617236 0.9798331596912482 14
1780001671371 0.9825623478644934 15
1780001725583 0.97634691458482 16
1780001780085 0.9733183934138372 17
1780001834464 0.9647462184612567 18
1780002132521 0.9579941783195887 19
1780002186791 0.9607371382224255 20
1780002240858 0.9552980936490573 21
1780002295390 0.9455948685988401 22
1780002349640 0.943539240421393 23
1780002403940 0.9425708147195669 24
1780002458170 0.9348863210433569 25
1780002512453 0.9325405343984946 26
1780002566955 0.9312304059664408 27
1780002621373 0.9247178832689921 28
1780002675820 0.9180550575256348 29
1780002730391 0.9192566397862557 30
1780002785008 0.9146592234953855 31
1780002839534 0.9057027223782662 32
1780002893960 0.9104760869955405 33
1780002948041 0.8995936421247629 34
1780003002291 0.8950651440864954 35
1780003056924 0.8960639100808364 36
1780003111224 0.886886498866937 37
1780003165978 0.8795078136982062 38
1780003220640 0.8668581629410769 39
1780003275198 0.862670776171562 40
1780003329610 0.8556505502798618 41
1780003384575 0.854932175232814 42
1780003438857 0.8383161471440241 43
1780003493623 0.8334467120659657 44
1780003548174 0.8232123714226943 45
