1782662211424 2.2178655763467154 1
1782662218939 2.1033580799897513 2
1782662226171 2.015564794341723 3
1782662234421 1.9056165268023808 4
1782662242038 1.7818145602941513 5
1782662249370 1.6426928490400314 6
1782662257015 1.4894843250513077 7
1782662264717 1.3406513035297394 8
1782662272981 1.2021269301573436 9
1782662280451 1.0778637131055195 10
1782662287644 0.9678472702701887 11
1782662295212 0.8701989501714706 12
1782662302430 0.7820575833320618 13
1782662310009 0.7013529762625694 14
1782662317437 0.6286347483595213 15
1782662324763 0.5634724423289299 16
1782662332804 0.5020370446145535 17
1782662340910 0.44351938863595325 18
1782662348164 0.398830808699131 19
1782662356339 0.36360519131024677 20
1782662363822 0.3277968478699525 21
1782662371176 0.2942082956433296 22
1782662378613 0.2698095391194026 23
1782662386084 0.2483779483785232 24
1782662393671 0.2305056887368361 25
1782662400914 0.21332171062628427 26
1782662408939 0.20136321832736334 27
1782662417047 0.19095182605087757 28
1782662424687 0.18370258373518786 29
1782662432868 0.1772705682863792 30
1782662441025 0.17253473835686842 31
1782662448342 0.16779921824733415 32
1782662456260 0.16312208337088427 33
1782662463492 0.15714534713576236 34
1782662470954 0.15239197947084904 35
1782662478661 0.15349271893501282 36
1782662485827 0.15001917692522207 37
1782662493949 0.143606369694074 38
1782662501259 0.13840658403933048 39
1782662508805 0.1371000058328112 40
1782662517023 0.13445782071600357 41
1782662524172 0.1313056337336699 42
1782662532294 0.12975056221087775 43
1782662540477 0.13074575954427323 44
1782662547730 0.12689842314769825 45
1782662555363 0.12589808894942203 46
1782662562682 0.12304405650744836 47
1782662570141 0.12349570107956727 48
