1782393919895 1.4838572025299073 1
1782393924512 1.4214274263381959 2
1782393929306 1.355880947113037 3
1782393933988 1.2929835605621338 4
1782393938798 1.2281803512573242 5
1782393943786 1.1605733442306518 6
1782393948714 1.0951402044296266 7
1782393953658 1.0314079332351684 8
1782393958280 0.9689334630966187 9
1782393963139 0.9092286920547485 10
1782393967817 0.8486236166954041 11
1782393972807 0.7908461022377015 12
1782393977628 0.7364891982078552 13
1782393982272 0.6802659606933594 14
1782393987032 0.6331419444084168 15
1782393992111 0.5870349478721618 16
1782393997087 0.5420740556716919 17
1782394001810 0.5089949440956115 18
1782394006699 0.48082228541374206 19
1782394011443 0.4488403296470642 20
1782394015936 0.4254214978218079 21
1782394020346 0.4081543266773224 22
1782394024773 0.3876882565021515 23
1782394029316 0.37428189992904665 24
1782394033812 0.36056347370147707 25
1782394038134 0.3483232057094574 26
1782394042643 0.3358812856674194 27
1782394047122 0.3330213850736618 28
1782394051537 0.32378304183483125 29
1782394056039 0.3176680088043213 30
1782394060704 0.31570766746997836 31
1782394065084 0.31390723943710325 32
1782394069435 0.30837069630622865 33
1782394074179 0.3036110770702362 34
1782394078750 0.29787415742874146 35
1782394083286 0.29031615853309634 36
1782394087932 0.291066192984581 37
1782394092494 0.29015403866767886 38
