1782732319911 1.5317375212907791 1
1782732322906 1.4390036314725876 2
1782732325815 1.3912487179040909 3
1782732328737 1.3600766509771347 4
1782732331674 1.3361119031906128 5
1782732334627 1.3166434913873672 6
1782732337565 1.29636712372303 7
1782732340477 1.2741588801145554 8
1782732343417 1.2477945685386658 9
1782732346393 1.2252922654151917 10
1782732349354 1.2076109647750854 11
1782732352286 1.1864485293626785 12
1782732355237 1.1714071333408356 13
1782732358201 1.1496863067150116 14
1782732361185 1.125507429242134 15
1782732364138 1.1103233098983765 16
1782732367102 1.0885608345270157 17
1782732370038 1.073064997792244 18
1782732373008 1.0628123730421066 19
1782732375990 1.0250891372561455 20
1782732378959 1.0438118055462837 21
1782732381937 1.0120015889406204 22
1782732384907 0.9823133498430252 23
1782732387847 0.9662324041128159 24
1782732390876 0.9466781839728355 25
1782732393873 0.9195680543780327 26
1782732396912 0.9130840823054314 27
1782732399886 0.8855079934000969 28
1782732402820 0.8736389502882957 29
1782732405775 0.8486652597784996 30
1782732408775 0.8388392627239227 31
1782732411720 0.8072710260748863 32
1782732414651 0.789470762014389 33
1782732417602 0.7838440760970116 34
1782732420590 0.7597949504852295 35
1782732423513 0.7589333206415176 36
1782732426475 0.7302349731326103 37
1782732429490 0.7150691673159599 38
1782732432429 0.6985299363732338 39
1782732435424 0.6721190437674522 40
1782732438347 0.659808062016964 41
1782732441280 0.6472954899072647 42
1782732444333 0.6374284029006958 43
1782732447304 0.627532459795475 44
1782732450263 0.6252927482128143 45
1782732453228 0.5992806851863861 46
