1783495838662 1.3492873998788686 1
1783495841125 1.2383162150016198 2
1783495843341 1.1941040112422063 3
1783495845591 1.1522868871688843 4
1783495847788 1.113172751206618 5
1783495849996 1.0824617881041307 6
1783495852189 1.0605483513612013 7
1783495854442 1.0358257935597346 8
1783495856734 1.0082835921874413 9
1783495859041 0.9826838190738971 10
1783495861274 0.9624725901163541 11
1783495863665 0.9355306258568397 12
1783495865855 0.9129828306344839 13
1783495868138 0.8941904673209558 14
1783495870439 0.8809978182499225 15
1783495872713 0.8637774907625638 16
1783495874954 0.8419594214512751 17
1783495877141 0.8197029645626361 18
1783495879457 0.8018482465010422 19
1783495881795 0.7863701902903043 20
1783495884025 0.7825926496432378 21
1783495886213 0.7664690705446097 22
