1782667210948 3.4654341765812466 1
1782667246924 3.3196625964982167 2
1782667282529 3.170733230454581 3
1782667318835 2.9894611154283797 4
1782667355914 2.7772718157087053 5
1782667391264 2.5387730853898183 6
1782667437468 2.2997021675109863 7
1782667472423 2.054617098399571 8
1782667509388 1.8307498948914664 9
1782667544905 1.6577159677233015 10
1782667580003 1.4958626074450356 11
1782667616561 1.3802376432078225 12
1782667652366 1.3051088835511888 13
1782667689082 1.242781502859933 14
1782667733854 1.202786432845252 15
1782667769774 1.1656008235045843 16
1782667807980 1.1382141666752952 17
1782667842776 1.1151383902345384 18
1782667878768 1.097544299704688 19
1782667916676 1.0763573476246424 20
1782667952966 1.0627445536000388 21
1782667987824 1.0533220044204168 22
1782668023871 1.0397581628390722 23
1782668061538 1.0229619571140833 24
1782668098119 1.0094211527279444 25
