1781982630911 1.2963120069503784 1
1781982692723 1.0370012197494507 2
1781982754981 1.0349880805015563 3
1781982818085 1.0172026765346527 4
1781982880605 0.9895835011005402 5
1781982941919 0.9461229531764984 6
1781983006573 0.7948034675121307 7
1781983082685 0.7211668865680695 8
1781983143620 0.6900391550064087 9
1781983205964 0.6704022037982941 10
1781983267139 0.6559198877811432 11
1781983328646 0.6448091759681701 12
1781983391730 0.6342251727581024 13
1781983453664 0.6258271934986115 14
1781983514729 0.6186293923854828 15
1781983576847 0.611120272397995 16
1781983638993 0.6080721311569214 17
1781983700397 0.6012827250957489 18
1781983761302 0.5979470846652984 19
1781983823998 0.5915313115119935 20
1781983883846 0.5880945090055466 21
1781983954045 0.5838374789953232 22
1781984019029 0.5813786429166794 23
1781984079320 0.5778173373937607 24
1781984140930 0.5744800001382828 25
1781984203122 0.5700290820598602 26
1781984279015 0.5654800589084625 27
1781984343668 0.5616430802345276 28
1781984413077 0.5582507492303849 29
1781984476232 0.554091039299965 30
1781984538551 0.5502442892789841 31
1781984601276 0.5465499472618103 32
1781984662107 0.5422362983226776 33
1781984727967 0.5379231930971146 34
1781984789778 0.534526731133461 35
1781984853921 0.530510524392128 36
1781984918417 0.5262495284080505 37
1781984980819 0.5232386220693588 38
1781985045686 0.5211420024633407 39
1781985110304 0.5156684985160828 40
1781985173213 0.5114079909324646 41
1781985237127 0.5074003930091858 42
1781985302125 0.504902081489563 43
1781985368241 0.5016302268505096 44
1781985431204 0.4992836492061615 45
1781985497182 0.49492213952541353 46
1781985561575 0.4921643062829971 47
1781985625116 0.4889444694519043 48
1781985685287 0.4865706887245178 49
1781985748565 0.48494424974918365 50
1781985811958 0.48082978653907776 51
1781985876564 0.47872207522392274 52
1781985938624 0.4767186675071716 53
1781986001675 0.47432445669174195 54
1781986063540 0.4708787640333176 55
1781986126792 0.4695375792980194 56
1781986189775 0.46874157738685607 57
1781986252163 0.46558369529247284 58
1781986314494 0.46361683583259583 59
1781986377737 0.46271813809871676 60
1781986438666 0.46115202832221985 61
1781986501494 0.4602661956548691 62
1781986565486 0.4576420192718506 63
1781986626977 0.4564006918668747 64
1781986689384 0.45468982768058774 65
1781986752945 0.4523265597820282 66
1781986813167 0.4513442004919052 67
1781986877934 0.4515301961898804 68
1781986943274 0.4510078333616257 69
1781987008662 0.4486258591413498 70
1781987074615 0.44796439409255984 71
1781987138280 0.4471950486898422 72
1781987214779 0.44536828660964967 73
1781987283531 0.445442257642746 74
1781987349352 0.4440543667078018 75
1781987414830 0.44324449825286866 76
1781987477753 0.44169711208343504 77
1781987552562 0.4403150757551193 78
1781987617845 0.44045650577545165 79
1781987683034 0.4383008289337158 80
1781987746645 0.43890596771240237 81
1781987809821 0.43829054915904997 82
1781987872678 0.43751810920238493 83
1781987935116 0.43646433198451995 84
1781987997310 0.43546827268600463 85
1781988062338 0.4346093145608902 86
1781988136413 0.4348395153284073 87
1781988217742 0.43494583654403685 88
1781988283719 0.43358584916591647 89
1781988345571 0.43164054691791537 90
1781988409836 0.4328365955352783 91
1781988470389 0.4303997584581375 92
1781988534155 0.429922266125679 93
1781988596314 0.4313619821071625 94
1781988658455 0.42832681083679197 95
1781988720581 0.4274696935415268 96
1781988785042 0.427597158074379 97
1781988847512 0.4266990395784378 98
1781988911463 0.4288158001899719 99
1781988975984 0.4271146031618118 100
