1781993673551 1.52864627349071 1
1781993694520 1.4148440819520216 2
1781993715503 1.0837558385653374 3
1781993736092 1.0629344475574982 4
1781993757756 1.0616566278995612 5
1781993778467 1.060551181817666 6
1781993799354 1.0599562632731903 7
1781993833315 1.0591315031051636 8
1781993868481 1.0576545611405983 9
1781993889198 1.0556879899440668 10
1781993910052 1.0545463531445234 11
1781993931117 1.0532543170146453 12
1781993952021 1.0520015160242717 13
1781993972817 1.049943948403383 14
1781993993996 1.0491680273642907 15
1781994014772 1.0494924936539087 16
1781994036968 1.0484949808854322 17
1781994058307 1.0478713390154717 18
1781994079435 1.0483514406742194 19
1781994100461 1.0476202903649745 20
1781994121567 1.0480896203945844 21
1781994142627 1.0475229116586537 22
1781994163511 1.0465488189306014 23
1781994184403 1.0461341937383015 24
1781994205216 1.0459291782134619 25
1781994226436 1.04608398828751 26
1781994247054 1.0456818342208862 27
1781994268385 1.0448552950834618 28
1781994289779 1.045116235048343 29
1781994310847 1.0453307643914833 30
1781994332909 1.0443652593172514 31
1781994354470 1.0441988034126086 32
1781994376070 1.0437651658669496 33
1781994397128 1.043370708441123 34
1781994418755 1.0427654813497493 35
