1783496096962 1.3916234938721908 1
1783496101921 1.2116737899027372 2
1783496106999 1.1144027929556997 3
1783496112008 1.020721026157078 4
1783496117041 0.9236275992895427 5
1783496122027 0.8372105673739785 6
1783496126996 0.7484373873785922 7
1783496132087 0.6610485205524846 8
1783496136986 0.585898778940502 9
1783496141982 0.5189719482472068 10
1783496146966 0.4522057018781963 11
1783496152008 0.39567561133911733 12
1783496156950 0.34234432248692764 13
1783496162003 0.297183359139844 14
1783496166983 0.2623141529528718 15
1783496172007 0.2338250357853739 16
1783496176962 0.21651933028509743 17
1783496182011 0.19497680428781008 18
1783496187035 0.17889971050776934 19
1783496191960 0.1648820277891661 20
1783496196932 0.1566425126634146 21
1783496202046 0.1544863569893335 22
1783496207144 0.1453753396084434 23
1783496212114 0.13678002102594627 24
1783496217141 0.1366260051727295 25
1783496222122 0.13266214904816528 26
1783496227190 0.126119357386702 27
1783496232132 0.12271750326219358 28
1783496237129 0.12009078930867345 29
1783496242216 0.121344784960935 30
1783496247331 0.11818326656755648 31
1783496252429 0.11429695883079578 32
1783496257503 0.11153041728233036 33
1783496262507 0.11179807880207111 34
1783496267427 0.11376336805130306 35
1783496272537 0.11066791356394165 36
1783496277579 0.10703591316154129 37
1783496282643 0.10766725751914476 38
1783496287598 0.1033232298336531 39
1783496292599 0.10558680209674333 40
1783496297661 0.1038415010430311 41
