1783008291709 1.6384307765960693 1
1783008296069 1.4957854747772217 2
1783008300545 1.4350954723358154 3
1783008305201 1.3817101955413817 4
1783008309802 1.3262588310241699 5
1783008314223 1.2741105461120605 6
1783008318608 1.2171947240829468 7
1783008323089 1.1643930387496948 8
1783008327629 1.10756760597229 9
1783008332205 1.0531641125679017 10
1783008336848 0.9974423909187317 11
1783008341190 0.9520077633857728 12
1783008345682 0.894956488609314 13
1783008350129 0.8448251533508301 14
1783008354648 0.7959041905403137 15
1783008359013 0.7502727389335633 16
1783008363412 0.710438859462738 17
1783008367732 0.6682630801200866 18
1783008372143 0.6306164121627807 19
1783008376471 0.5916050028800964 20
1783008385590 0.5529727184772492 21
1783008389947 0.5214129543304443 22
1783008394229 0.49407385230064393 23
1783008398565 0.4705501627922058 24
1783008402793 0.4399378263950348 25
1783008407058 0.4168068242073059 26
1783008411519 0.39453948974609376 27
1783008416003 0.37905919551849365 28
1783008420293 0.3620056045055389 29
1783008424560 0.35007057547569276 30
1783008428992 0.33830649971961974 31
1783008433353 0.33037917196750644 32
1783008438565 0.3200941377878189 33
1783008443426 0.3142451524734497 34
1783008447977 0.3057686537504196 35
1783008452442 0.3124628233909607 36
1783008456832 0.2983056527376175 37
1783008461281 0.2935362386703491 38
1783008465684 0.28424162209033965 39
1783008470026 0.27690414428710936 40
1783008474415 0.2749504429101944 41
1783008478828 0.27372327983379363 42
1783008483241 0.26849043130874634 43
1783008487629 0.2718367451429367 44
1783008492307 0.26931430101394654 45
1783008506587 0.26049850046634676 46
1783008511028 0.25503192901611327 47
1783008515513 0.25235706865787505 48
1783008520098 0.25113619983196256 49
1783008524736 0.24962632238864899 50
1783008529096 0.2467388516664505 51
1783008533763 0.24470374643802642 52
1783008538046 0.24240003466606141 53
1783008542513 0.24257440149784087 54
1783008546958 0.23942653596401214 55
1783008551480 0.24015548348426818 56
1783008555901 0.23886062562465668 57
1783008560481 0.2416386616230011 58
1783008565330 0.24114433109760283 59
