1783495732229 1.2734711567560832 1
1783495733349 1.1691797574361165 2
1783495734426 1.1144455075263977 3
1783495735486 1.0817703604698181 4
1783495736544 1.0555761059125264 5
1783495737620 1.0359687010447185 6
1783495738727 1.013785868883133 7
1783495739846 0.9925225973129272 8
1783495740961 0.9732838869094849 9
1783495742079 0.9518179794152578 10
1783495743191 0.9331283668677012 11
1783495744272 0.9105574389298757 12
1783495745398 0.8921007812023163 13
1783495746533 0.8740862707297007 14
1783495747688 0.8505969742933909 15
1783495748812 0.8364891608556112 16
1783495749912 0.8116134703159332 17
1783495751011 0.7975764175256094 18
1783495752120 0.7737194001674652 19
1783495753211 0.7612055937449137 20
1783495754309 0.7428012291590372 21
1783495755406 0.719651609659195 22
1783495756555 0.7014474968115488 23
1783495757673 0.6808363298575083 24
1783495758827 0.6632700264453888 25
1783495759957 0.6455480853716532 26
1783495761076 0.6283102234204611 27
1783495762178 0.6094268957773844 28
1783495763275 0.5903644661108652 29
1783495764389 0.5720260838667551 30
1783495765467 0.5537929534912109 31
1783495766624 0.5399430592854818 32
1783495767773 0.527879536151886 33
1783495768891 0.512670228878657 34
1783495769978 0.4960444023211797 35
1783495771062 0.48018525540828705 36
1783495772172 0.4689110964536667 37
1783495773300 0.4533899823824565 38
1783495774427 0.43871215482552844 39
1783495775555 0.4260644167661667 40
1783495776663 0.4156750738620758 41
1783495777815 0.3996729403734207 42
1783495778930 0.3932468146085739 43
1783495780060 0.3761156549056371 44
1783495781215 0.36808017392953235 45
1783495782347 0.35267094771067303 46
1783495783492 0.34303810199101764 47
1783495784632 0.3332229107618332 48
1783495785802 0.32632315655549365 49
1783495786937 0.31557103991508484 50
1783495788061 0.3104257633288701 51
1783495789184 0.2988707820574443 52
1783495790364 0.2924646735191345 53
