1781113650958 1.5281217145919799 1
1781113655229 1.0316187238693237 2
1781113659426 0.8684146165847778 3
1781113663491 0.8229477453231812 4
1781113667802 0.7975181794166565 5
1781113671946 0.7771548986434936 6
1781113676462 0.7561259412765503 7
1781113680446 0.7387111926078797 8
1781113684722 0.7276478600502014 9
1781113688950 0.7056444692611694 10
1781113693299 0.6961209964752197 11
1781113697664 0.6939773821830749 12
1781113702014 0.670712685585022 13
1781113706353 0.6607523441314698 14
1781113710806 0.6551335716247558 15
1781113714968 0.6369716167449951 16
1781113719080 0.6348926162719727 17
1781113723408 0.6290507817268371 18
1781113727712 0.611085205078125 19
1781113731904 0.6100078082084656 20
1781113736197 0.6045018243789673 21
1781113740378 0.593437728881836 22
1781113744610 0.5840868663787842 23
1781113748774 0.5718771386146545 24
1781113753001 0.5696053147315979 25
1781113756977 0.5580814528465271 26
1781113761026 0.562850729227066 27
1781113765286 0.5400484037399292 28
1781113769346 0.5357347333431244 29
1781113773452 0.526278749704361 30
1781113777641 0.5259087097644806 31
1781113781738 0.5144367825984955 32
1781113785886 0.5095188963413239 33
1781113790207 0.503967559337616 34
1781113794423 0.5068781054019929 35
1781113798628 0.5076531398296357 36
1781113802687 0.4926759421825409 37
1781113806886 0.486033456325531 38
1781113810917 0.48009234309196475 39
1781113815211 0.47305441498756406 40
1781113819453 0.466615070104599 41
1781113823677 0.46045159816741943 42
1781113827647 0.4515698909759521 43
1781113831897 0.4457660913467407 44
1781113836065 0.4420753180980682 45
1781113840576 0.4395975530147552 46
1781113844860 0.4307438325881958 47
1781113849429 0.42821128845214845 48
1781113853758 0.4273016691207886 49
1781113858212 0.42164597034454343 50
1781113862204 0.4163790106773376 51
1781113866475 0.4133866500854492 52
1781113870613 0.41898693799972536 53
1781113874940 0.40577122807502747 54
1781113878925 0.3996240568161011 55
1781113883301 0.39916266322135924 56
1781113887508 0.3950879383087158 57
1781113892365 0.39970541357994077 58
1781113896707 0.39744391679763796 59
1781113901283 0.38653059959411623 60
1781113905377 0.38050926208496094 61
1781113909887 0.375426025390625 62
1781113914068 0.37312315702438353 63
1781113918490 0.37710384249687195 64
1781113922688 0.3473433893918991 65
1781113927032 0.27724404394626617 66
1781113931329 0.27537701427936556 67
1781113935731 0.2727133947610855 68
1781113940013 0.2730479001998901 69
1781113944272 0.26615350544452665 70
1781113948420 0.26163001418113707 71
1781113952702 0.2578517699241638 72
1781113956967 0.2554135602712631 73
1781113961203 0.25416780650615695 74
1781113965611 0.2525319302082062 75
1781113969891 0.2516891461610794 76
1781113974276 0.2525526851415634 77
1781113978766 0.27040430665016174 78
1781113983107 0.2628305506706238 79
1781113987402 0.25459190368652346 80
1781113991721 0.2559529328346252 81
1781113995786 0.2562223517894745 82
1781114000013 0.2548686760663986 83
1781114004291 0.24698009908199312 84
1781114008827 0.2453012239933014 85
1781114013364 0.24548511445522309 86
1781114017814 0.24316929876804352 87
1781114022163 0.24365157067775725 88
1781114026587 0.2431969839334488 89
1781114030814 0.24280550479888915 90
1781114035464 0.24068955838680267 91
1781114039775 0.24353592932224274 92
1781114044129 0.24733906686306 93
1781114048409 0.2417349249124527 94
1781114052955 0.24174972474575043 95
1781114057204 0.24234007716178893 96
1781114061518 0.23938741624355317 97
1781114065711 0.24031761884689332 98
1781114070238 0.24475195109844208 99
1781114074562 0.2524754518270493 100
