1782377713402 1.564428915977478 1
1782377717975 1.4590499639511108 2
1782377722428 1.3872134828567504 3
1782377726959 1.3223130702972412 4
1782377731661 1.2590235996246337 5
1782377736099 1.1987180948257445 6
1782377740593 1.1367661428451539 7
1782377745183 1.077480206489563 8
1782377749755 1.0216832995414733 9
1782377754403 0.9634622144699097 10
1782377759321 0.9086011600494385 11
1782377763859 0.8551041913032532 12
1782377768581 0.8009400129318237 13
1782377773290 0.7499405241012573 14
1782377777968 0.702992627620697 15
1782377782656 0.655580906867981 16
1782377787220 0.6149761605262757 17
1782377791969 0.5746062457561493 18
1782377796557 0.5371907794475556 19
1782377801248 0.503366688489914 20
1782377805724 0.4759254348278046 21
1782377810666 0.4517716300487518 22
1782377815385 0.4266379702091217 23
1782377820029 0.4049074828624725 24
1782377824824 0.3880747878551483 25
1782377829376 0.3736409282684326 26
1782377834151 0.35837048053741455 27
1782377838844 0.3473066055774689 28
1782377843431 0.33883309602737427 29
1782377847839 0.32988801240921023 30
1782377852418 0.3324441647529602 31
1782377856936 0.32037986755371095 32
1782377861520 0.31337215900421145 33
1782377866264 0.3062721556425095 34
1782377871205 0.3020485758781433 35
1782377875612 0.29414977788925173 36
1782377880129 0.2920830196142197 37
1782377884734 0.2876885586977005 38
1782377889548 0.28371070086956024 39
1782377893975 0.2820062446594238 40
1782377898709 0.2841661828756332 41
1782377903591 0.2774503755569458 42
1782377908148 0.2745049673318863 43
1782377912924 0.2749310368299484 44
1782377917723 0.27099393963813784 45
1782377922397 0.2693359440565109 46
1782377927167 0.2679634064435959 47
1782377932073 0.2667010110616684 48
1782377936728 0.2669763118028641 49
1782377941442 0.2633213394880295 50
1782377946196 0.2596966129541397 51
1782377950963 0.2586387199163437 52
1782377955664 0.26178233325481415 53
1782377960259 0.25682123720645905 54
1782377964886 0.2569344228506088 55
1782377969711 0.2544577121734619 56
