1782653894997 1.6020788192749023 1
1782653896187 1.436997938156128 2
1782653897319 1.3635164976119996 3
1782653898519 1.30973961353302 4
1782653899767 1.2694769382476807 5
1782653900892 1.228433871269226 6
1782653902042 1.1993115663528442 7
1782653903209 1.1620014429092407 8
1782653904372 1.133423137664795 9
1782653905563 1.1099402189254761 10
1782653906717 1.0824522495269775 11
1782653907897 1.0510111808776856 12
1782653909053 1.0229247093200684 13
1782653910207 0.9965013027191162 14
1782653911360 0.9678279638290406 15
1782653912538 0.9533093690872192 16
1782653913714 0.915866756439209 17
1782653914854 0.9016325116157532 18
1782653916064 0.876574182510376 19
1782653917261 0.8492565631866456 20
1782653918447 0.8260264158248901 21
1782653919592 0.8018051624298096 22
1782653920775 0.7744632363319397 23
1782653921966 0.7579962491989136 24
1782653923142 0.7401926398277283 25
1782653924282 0.726098382472992 26
1782653925449 0.7047127485275269 27
1782653926616 0.7011307358741761 28
1782653927796 0.6750218391418457 29
1782653928955 0.662489140033722 30
1782653930131 0.6347772717475891 31
1782653931342 0.6194405555725098 32
1782653932479 0.609599483013153 33
1782653933689 0.5915337920188903 34
1782653934866 0.5790070533752442 35
1782653936080 0.5640834212303162 36
1782653937276 0.5498161554336548 37
1782653938466 0.5307754755020142 38
1782653939648 0.5180157780647278 39
1782653940835 0.5017098009586334 40
1782653941980 0.49192054271698 41
1782653943151 0.481281054019928 42
1782653944383 0.4707572042942047 43
1782653945538 0.46525774002075193 44
1782653946694 0.4569040060043335 45
1782653947849 0.44048694968223573 46
1782653948977 0.4365074455738068 47
1782653950146 0.43173631429672243 48
1782653951303 0.4188812255859375 49
1782653952458 0.41518003940582277 50
1782653953628 0.4088776111602783 51
1782653954785 0.39569740295410155 52
1782653955970 0.38640347123146057 53
