1782596143006 1.3916176494799162 1
1782596147743 1.2136784572350352 2
1782596152505 1.1161022123537565 3
1782596157176 1.0226752710969824 4
1782596161958 0.9307426716151991 5
1782596166740 0.8401288939149756 6
1782596171493 0.7524994564683813 7
1782596176266 0.6647995302551671 8
1782596180988 0.5909534002605238 9
1782596185723 0.528635121489826 10
1782596190482 0.4630156073131059 11
1782596195355 0.4005888990665737 12
1782596200059 0.34769846655820547 13
1782596204773 0.30160880167233317 14
1782596209439 0.2671304070635846 15
1782596214177 0.23858018141043813 16
1782596218952 0.22217194696790293 17
1782596223753 0.19989015514913358 18
1782596228484 0.18444779436839254 19
1782596233194 0.16755464476974388 20
1782596237953 0.1599404306003922 21
1782596242658 0.15419680664413854 22
1782596247424 0.14515556571514984 23
1782596252176 0.13916025428395523 24
1782596256911 0.1384069364713995 25
1782596261691 0.1355286581735862 26
1782596266429 0.1285364629798814 27
1782596271126 0.12550274184659907 28
1782596275885 0.12287578986663568 29
1782596280588 0.12322844290419628 30
1782596285327 0.12122920861369685 31
