1783457523020 1.339625100294749 1
1783457524189 1.2162296573321025 2
1783457525320 1.0417231520016987 3
1783457526514 0.9559928278128306 4
1783457527663 0.9270921548207601 5
1783457528826 0.8959792951742808 6
1783457529974 0.8620467782020569 7
1783457531183 0.8374895751476288 8
1783457532389 0.8242485821247101 9
1783457533643 0.8118905127048492 10
1783457534834 0.781539390484492 11
1783457535989 0.7614437739054362 12
1783457537192 0.7555686334768931 13
1783457538338 0.7469166119893392 14
1783457539522 0.7275898257891337 15
1783457540669 0.7168044646581014 16
1783457541853 0.7116231719652811 17
1783457543040 0.7036671141783396 18
1783457544163 0.6891969541708628 19
1783457545347 0.6784239411354065 20
1783457546487 0.673568864663442 21
1783457547656 0.665557066599528 22
1783457548846 0.6516948839028677 23
1783457550011 0.6410841941833496 24
1783457551177 0.6355058749516805 25
1783457552403 0.6291494965553284 26
1783457553565 0.6135200758775076 27
1783457554741 0.6066945691903433 28
1783457555892 0.6018481254577637 29
1783457557048 0.5959732830524445 30
1783457558216 0.5821815530459086 31
1783457559394 0.5724855363368988 32
1783457560627 0.5710856119791666 33
1783457561794 0.565575102965037 34
1783457563033 0.5579265654087067 35
1783457564167 0.5464669167995453 36
1783457565355 0.5432976881663004 37
1783457566484 0.5371265312035879 38
1783457567631 0.5272912035385767 39
1783457568820 0.5152537624041239 40
