1782654149477 2.103243758281072 1
1782654158083 1.9496046304702759 2
1782654165917 1.8429856598377228 3
1782654173752 1.7316026935974758 4
1782654181538 1.607925295829773 5
1782654189376 1.486352652311325 6
1782654197531 1.3705701579650242 7
1782654206383 1.2555536329746246 8
1782654214063 1.1500221143166225 9
1782654222642 1.0532219683130581 10
1782654231600 0.9659493118524551 11
1782654240079 0.8890543058514595 12
1782654248062 0.8125979652007421 13
1782654255945 0.7488399719198545 14
1782654264336 0.6875445023179054 15
1782654272927 0.6296490604678789 16
1782654281285 0.5702318971355756 17
1782654289221 0.518570010860761 18
1782654297859 0.47474733119209606 19
1782654305743 0.43100375806291896 20
1782654316912 0.39806224529941875 21
1782654325917 0.36357496306300163 22
1782654334831 0.33417394012212753 23
1782654343261 0.30880320196350414 24
1782654352907 0.27871070864299935 25
1782654361555 0.25459644633034867 26
1782654371839 0.2376550200084845 27
1782654382157 0.22799233347177505 28
1782654391304 0.21245142631232738 29
1782654399576 0.20471658868094286 30
1782654407385 0.19507763783137003 31
1782654416292 0.1848116653660933 32
1782654424599 0.17402435218294462 33
1782654434920 0.16991475348671278 34
1782654444801 0.1654800989975532 35
1782654453310 0.16334116831421852 36
1782654462643 0.16127489507198334 37
1782654471380 0.15615595877170563 38
1782654479712 0.15419877910365662 39
1782654488514 0.14561500772833824 40
1782654500178 0.14168223769714436 41
1782654509054 0.14080611957858005 42
1782654518265 0.13769142360736927 43
