1782654792190 3.14697736707227 1
1782654807776 2.933463063733331 2
1782654823485 2.7491427783308358 3
1782654841546 2.5482554517943283 4
1782654857119 2.3446546916303963 5
1782654872607 2.136276368437142 6
1782654888304 1.9311758197587112 7
1782654905392 1.7352481299433216 8
1782654920810 1.5511736910918663 9
1782654936594 1.3932891220882022 10
1782654952227 1.2588037951239224 11
1782654968116 1.1507836744703095 12
1782654983845 1.064593508325774 13
1782654999336 1.0008958557556416 14
1782655015075 0.9318930033979744 15
1782655030381 0.8869943166601246 16
1782655046358 0.8494807194019186 17
1782655062181 0.8118913790275311 18
1782655077719 0.7775558562114321 19
1782655093428 0.7516149405775399 20
1782655109705 0.7205346185585548 21
1782655125466 0.6957801950388941 22
1782655141740 0.6774887339822178 23
1782655157665 0.6586347407308119 24
1782655173061 0.649550643460504 25
1782655188783 0.6374616664031456 26
1782655205541 0.621401295579713 27
1782655221787 0.6087365314878267 28
1782655237596 0.5943112928291847 29
1782655253372 0.5757732432464073 30
1782655269003 0.5635489040407641 31
1782655284029 0.5495770511956051 32
1782655299500 0.5370632512816067 33
1782655315534 0.5303903067934101 34
1782655331851 0.5225223487821119 35
1782655347543 0.51713342604966 36
1782655363456 0.5130657656439419 37
1782655379789 0.5091428181220745 38
1782655396363 0.5074155453977913 39
1782655411907 0.5016825795173645 40
1782655427594 0.496258524985149 41
1782655443358 0.49546039926594704 42
1782655459150 0.48943264731045427 43
1782655474514 0.4874171768796855 44
1782655490836 0.48300980493940154 45
1782655507514 0.4836440754347834 46
1782655523076 0.4791120424352843 47
1782655539053 0.48178819438506815 48
1782655554795 0.47609977167228174 49
