1781767893521 1.223085196018219 1
1781767946736 1.0386547360420226 2
1781767998944 1.0378921437263489 3
1781768050422 1.0370321493148804 4
1781768099154 0.9832158937454224 5
1781768148424 0.9031238360404968 6
1781768199919 0.8439380490779876 7
1781768250961 0.7510461177825928 8
1781768302592 0.6766985430717468 9
1781768354133 0.6622336444854736 10
1781768406666 0.6471928386688233 11
1781768458902 0.6361391489505768 12
1781768511759 0.6317489149570465 13
1781768565144 0.6263417286872863 14
1781768619040 0.6232369785308838 15
1781768671621 0.6187514219284057 16
1781768723208 0.6170115671157836 17
1781768772587 0.6140807158946991 18
1781768826743 0.6127135019302368 19
1781768883718 0.6101337509155274 20
1781768935355 0.6048194737434387 21
1781769078926 0.6033984711170196 22
1781769172363 0.5985675547122955 23
1781769224566 0.5960418419837952 24
1781769276247 0.5917819912433624 25
1781769327655 0.5902256784439087 26
1781769378328 0.585035310268402 27
1781769429311 0.5826728734970092 28
1781769479373 0.5779960173368454 29
1781769528703 0.5737554318904877 30
1781769577044 0.5698954346179962 31
1781769626953 0.5673429831266403 32
1781769676842 0.5657924225330353 33
1781769728249 0.5605723109245301 34
1781769779319 0.5571552722454071 35
1781769828565 0.5534721927642823 36
1781769879710 0.5510178917646408 37
1781769931068 0.548504898905754 38
1781770001957 0.5449929016828537 39
1781770061393 0.5428041491508484 40
1781770123775 0.5388718770742417 41
1781770182955 0.5372099565267563 42
1781770241980 0.5348914730548858 43
1781770304034 0.5324781804084778 44
1781770369004 0.5306841822862625 45
1781770418339 0.5276212050914765 46
1781770471080 0.5256651036739349 47
1781770521429 0.5240689423084259 48
1781770572157 0.5227403196096421 49
1781770621895 0.5189481174945831 50
1781770674726 0.5175481578111648 51
1781770726926 0.514543845653534 52
1781770777344 0.5135770914554596 53
1781770829778 0.5134276455640793 54
1781770882595 0.5104012761116028 55
1781770935269 0.5086260216236115 56
1781770985469 0.5071964353322983 57
1781771035585 0.5058989309072495 58
1781771085745 0.5057441684007644 59
1781771135551 0.5039258571863174 60
1781771184116 0.5023102293014526 61
1781771234819 0.4998832539319992 62
1781771286543 0.49869289684295653 63
1781771338600 0.4978255293369293 64
1781771389893 0.49647694420814514 65
1781771446064 0.4954500706195831 66
1781771494973 0.4956886919736862 67
1781771547150 0.4927545964717865 68
1781771597529 0.4909328373670578 69
1781771646745 0.48977371549606324 70
1781771696099 0.48891710889339446 71
1781771745335 0.4882400299310684 72
1781771796679 0.48750521457195284 73
1781771846435 0.4852672575712204 74
1781771898044 0.4834463744163513 75
1781771949312 0.48279607260227203 76
1781772000871 0.48251051557064056 77
1781772052032 0.48111472630500796 78
1781772103317 0.4795099514722824 79
1781772154737 0.47760842013359067 80
1781772203831 0.4762318339347839 81
1781772254661 0.4754509327411652 82
1781772303740 0.47550952184200285 83
1781772355025 0.47437173628807067 84
1781772406361 0.47405847096443177 85
1781772456451 0.4722242102622986 86
1781772507032 0.47326616048812864 87
1781772558837 0.4707889209985733 88
1781772610387 0.47042332565784456 89
1781772663262 0.4700236451625824 90
1781772713954 0.4695004109144211 91
1781772764858 0.4669887492656708 92
1781772816120 0.46857541406154635 93
1781772867208 0.46723399448394776 94
1781772917927 0.4661165852546692 95
1781772969292 0.4668419299125671 96
1781773019703 0.464738275885582 97
1781773071042 0.4645814929008484 98
1781773121234 0.4637702018022537 99
1781773185029 0.46406120216846464 100
