1783457271408 2.436512609322866 1
1783457278754 2.3364867170651755 2
1783457286037 2.257146825393041 3
1783457293268 2.207496245702108 4
1783457301338 2.1927279929320016 5
1783457309358 2.1466665665308633 6
1783457317265 2.0611073672771454 7
1783457325014 2.0010672012964883 8
1783457332821 1.981511930624644 9
1783457340739 1.9269405504067738 10
1783457348572 1.8347639342149098 11
1783457357047 1.7600680341323216 12
1783457365216 1.7362290273110073 13
1783457373411 1.6747308919827144 14
1783457381403 1.5689772168795268 15
1783457389091 1.5038330058256786 16
1783457397093 1.481454407175382 17
1783457404751 1.4159177045027416 18
1783457412476 1.3045157293478649 19
1783457420254 1.2179143130779266 20
1783457427569 1.1881114840507507 21
1783457435393 1.136159325639407 22
1783457442907 1.0489447911580403 23
1783457450994 0.99484949807326 24
1783457459205 0.9740958859523138 25
1783457467790 0.9369307259718577 26
1783457475850 0.8733139683802923 27
1783457483941 0.8314321761329969 28
1783457492135 0.813764676451683 29
1783457509094 0.7848963464299837 30
1783457516972 0.7299010703961054 31
1783457524869 0.6849298352996508 32
1783457532848 0.6685185556610426 33
1783457540366 0.6432364036639532 34
1783457547865 0.5981141328811646 35
1783457555745 0.554277998705705 36
1783457563418 0.5393071547150612 37
1783457570836 0.523430106540521 38
1783457579264 0.4855123311281204 39
1783457587057 0.4472031705081463 40
1783457594478 0.4333105981349945 41
1783457602532 0.4154177854458491 42
1783457610350 0.38466767221689224 43
1783457618308 0.35238153487443924 44
1783457626542 0.34206994995474815 45
1783457634925 0.3313598906000455 46
1783457642882 0.31771645446618396 47
1783457650896 0.2941873458524545 48
1783457658997 0.2813814462472995 49
1783457667033 0.2713690089682738 50
1783457674987 0.2601143767436345 51
1783457683103 0.2425208824376265 52
1783457691690 0.23514786114295325 53
1783457699593 0.23417856730520725 54
1783457707253 0.23833425156772137 55
1783457715920 0.216463016346097 56
1783457724234 0.2068347924699386 57
1783457731816 0.2043685937921206 58
1783457739950 0.19644108787178993 59
1783457747973 0.18538262508809566 60
1783457755966 0.18155166072150072 61
1783457764486 0.18087792893250784 62
