1781908903324 1.285356350434132 1
1781908923808 1.1922281613716712 2
1781908944476 1.1386418098058455 3
1781908965090 1.0784175854462843 4
1781908985657 1.0218330575869634 5
1781909006202 0.9586202960747939 6
1781909026847 0.9056884554716257 7
1781909047141 0.8411180636821649 8
1781909067435 0.7829992985114073 9
1781909087805 0.7233324815065433 10
1781909109075 0.6803394724161197 11
1781909129493 0.6438117592762678 12
1781909150191 0.5975342820852231 13
1781909170891 0.5731678345264533 14
1781909191515 0.5483703697339083 15
1781909212178 0.5278855974857624 16
1781909233050 0.4993992608327132 17
1781909253419 0.48718277231240886 18
1781909274091 0.4579765727886787 19
1781909294735 0.4470244302199437 20
1781909315327 0.4335646277818924 21
1781909335882 0.4152793647387089 22
1781909356420 0.4036375498160338 23
1781909377092 0.4016226598849663 24
1781909397878 0.3911825410830669 25
1781909418451 0.38225919772417116 26
1781909438830 0.3753549242630983 27
1781909459424 0.3560923452560718 28
1781909479882 0.35535207237952793 29
1781909500393 0.33921184295263046 30
1781909520873 0.341540671311892 31
1781909541435 0.3200292793604044 32
1781909562003 0.3267208322500571 33
1781909583326 0.3293382953374814 34
1781909603774 0.30436377150890154 35
1781909624384 0.30560870736073226 36
1781909645340 0.29261152599102414 37
1781909665809 0.2877075167802664 38
1781909686374 0.28412395868545925 39
1781909706904 0.27692297101020813 40
1781909727483 0.27669573288697463 41
1781909748449 0.27092841802499235 42
1781909769138 0.26086445649464923 43
1781909790687 0.2630969836161687 44
1781909811316 0.2589574368336262 45
1781909832069 0.25635360716245115 46
