1782667517754 1.6576294763521715 1
1782667524226 1.3435657810081134 2
1782667530579 1.1152849224480716 3
1782667536902 0.9322927756742998 4
1782667543231 0.7787178551608865 5
1782667549586 0.6560199341990731 6
1782667555935 0.5515845986929807 7
1782667562327 0.4630034477873282 8
1782667568667 0.39059647850014945 9
1782667575048 0.33496374501423404 10
1782667581604 0.28611077774654736 11
1782667588052 0.25251334431496536 12
1782667594418 0.22532987188209186 13
1782667600891 0.20561859756708145 14
1782667607241 0.192173897204074 15
1782667613669 0.17908356880599802 16
1782667620335 0.17194592715664345 17
1782667626717 0.16428535330024632 18
1782667633021 0.15659438920291988 19
1782667639403 0.15385512804443185 20
1782667645602 0.15097871998494322 21
1782667651937 0.14396056414327837 22
1782667658661 0.1429788006300276 23
1782667665236 0.139963952655142 24
1782667671768 0.13675293157046492 25
1782667678300 0.13227471167390997 26
1782667684706 0.13127457231960513 27
1782667691268 0.13050691664896227 28
1782667703257 0.12786827676675536 29
1782667709807 0.12454903684556484 30
1782667716201 0.12329750762067059 31
1782667722647 0.12244884144853461 32
1782667729029 0.1223009762100198 33
1782667735608 0.12070197239518166 34
1782667742120 0.11766253259371627 35
1782667748752 0.11628075841475617 36
1782667755175 0.11655158532614057 37
1782667761756 0.1185386682098562 38
1782667768116 0.11434325423430312 39
1782667774431 0.11223481375385415 40
1782667780747 0.11144710179756988 41
1782667787294 0.11138217185031284 42
1782667793842 0.10939516448839144 43
1782667800373 0.11148825897411867 44
1782667806967 0.10957637954164635 45
1782667813764 0.10700422051278027 46
1782667820234 0.10683826492591338 47
