1782662872012 1.6843389624899083 1
1782662878050 1.3412594388831744 2
1782662884092 1.0848927836526523 3
1782662890119 0.8856745362281799 4
1782662896140 0.7250467416915026 5
1782662902126 0.6084438183090903 6
1782662907882 0.5047531629150565 7
1782662913690 0.4265226593071764 8
1782662919763 0.36139449951323593 9
1782662925716 0.30288831889629364 10
1782662931730 0.2554625723172318 11
1782662937831 0.21582868458195167 12
1782662943900 0.18784917484630237 13
1782662949890 0.15793231739239258 14
1782662955952 0.13942229172045534 15
1782662962030 0.12857810492542657 16
1782662967836 0.11978931149298494 17
1782662973774 0.11114676076580178 18
1782662979783 0.10437519086355512 19
1782662985792 0.0989207263019952 20
1782662991710 0.09462982399219816 21
1782662997809 0.09306753291325136 22
1782663003784 0.08785898153754798 23
1782663009809 0.08386258730156855 24
1782663016051 0.08205596069720658 25
1782663021994 0.07948274453255263 26
1782663027899 0.07693605531345714 27
1782663034018 0.07580147141760046 28
1782663039982 0.07457559775899757 29
1782663046058 0.07391289299861951 30
1782663051980 0.07241425070572984 31
1782663057937 0.06965062115341425 32
1782663063908 0.0724195588210767 33
1782663069760 0.07154030691493642 34
1782663075542 0.06925026225772771 35
1782663081373 0.06684027138081464 36
1782663087164 0.06784819117323919 37
1782663093012 0.06653121816502376 38
1782663098662 0.06377337034791708 39
1782663104324 0.06272608575157144 40
1782663110115 0.06286722472445531 41
1782663115900 0.061980338343842464 42
1782663121727 0.06285394127057357 43
1782663127553 0.0622550482777032 44
1782663133554 0.06057829519903118 45
1782663139346 0.05876116310669617 46
1782663145246 0.058895973827351226 47
1782663151257 0.058837539770386436 48
1782663157147 0.057465898973697964 49
1782663163120 0.059650410136038605 50
1782663169020 0.05683310820975087 51
1782663174848 0.05451374280859123 52
1782663180745 0.057697647335854446 53
1782663186769 0.05584074362096461 54
1782663192906 0.05702008239247582 55
