1782696102718 3.7163873400006975 1
1782696139303 3.5482894522803172 2
1782696174388 3.406222411564418 3
1782696218411 3.2498879602977206 4
1782696255069 3.0779338649341037 5
1782696308080 2.8929652827126637 6
1782696349510 2.679391988686153 7
1782696384348 2.460996517113277 8
1782696424541 2.2330087423324585 9
1782696459207 2.0294583780424937 10
1782696499991 1.8362102125372206 11
1782696544128 1.649092708315168 12
1782696587525 1.5218738104615892 13
1782696629005 1.4184398736272539 14
1782696669909 1.3410782090255193 15
1782696711011 1.294458453144346 16
1782696751084 1.2485599304948534 17
1782696795947 1.2134484563555037 18
1782696834619 1.1827701074736459 19
1782696877129 1.1528799406119756 20
1782696913467 1.135522416659764 21
1782696949706 1.1176602797848838 22
1782696998847 1.1049575209617615 23
1782697040664 1.093126220362527 24
1782697080653 1.0914652177265711 25
1782697118767 1.0812611963067735 26
1782697157132 1.0645324076925005 27
1782697193897 1.0501592031547002 28
1782697233098 1.0350446701049805 29
1782697273984 1.0325532470430647 30
1782697320459 1.026207195860999 31
1782697355831 1.0092811158725195 32
1782697392381 0.9850717974560601 33
1782697430591 0.975152747971671 34
1782697483218 0.960446440747806 35
1782697530901 0.9540331214666367 36
1782697577230 0.9473472280161721 37
1782697618971 0.931832566857338 38
1782697662782 0.924667375428336 39
1782697700290 0.9135741463729313 40
1782697735918 0.8991017873798098 41
1782697771776 0.8875662471566882 42
1782697808705 0.8828103968075344 43
1782697847787 0.8783587919814246 44
1782697886122 0.8610610472304481 45
1782697919218 0.8463521961654935 46
1782697958158 0.8235819999660764 47
1782697999150 0.8091765471867153 48
1782698043739 0.8044353382928031 49
1782698080164 0.7920123508998326 50
1782698120925 0.7891043296882084 51
1782698163194 0.7732957771846226 52
1782698199965 0.7654500880411693 53
1782698235281 0.7601858228445053 54
1782698269907 0.7551467269659042 55
1782698306225 0.7475530505180359 56
1782698342707 0.7478979932410377 57
1782698380219 0.74244367650577 58
1782698416136 0.746526877794947 59
1782698452472 0.7355396832738604 60
1782698492839 0.7329243740865162 61
1782698530850 0.7249041774443218 62
1782698576096 0.7245480098894664 63
1782698621265 0.7200485446623394 64
1782698659339 0.7248189449310303 65
1782698695573 0.7297002353838512 66
1782698733897 0.7223173337323325 67
1782698779532 0.7116482981613704 68
1782698823997 0.7114959912640708 69
1782698868964 0.7065667275871549 70
1782698905557 0.7084805135216031 71
1782698940903 0.7090017242091042 72
1782698977491 0.7024197961602893 73
1782699013254 0.6987109993185315 74
1782699051223 0.6957616273845945 75
1782699091302 0.6919350091900144 76
1782699128678 0.6897717331136975 77
1782699168271 0.6881817068372454 78
1782699204945 0.6815422007015773 79
1782699242452 0.6778353942292077 80
