1782662521423 1.8235527753829956 1
1782662522563 1.5516825199127198 2
1782662523670 1.457499623298645 3
1782662524827 1.4004371881484985 4
1782662526226 1.3537466526031494 5
1782662527378 1.3265003204345702 6
1782662528516 1.285136890411377 7
1782662529654 1.249629759788513 8
1782662530794 1.2136221885681153 9
1782662531937 1.1657514333724976 10
1782662533090 1.1298569440841675 11
1782662534228 1.0916262149810791 12
1782662535425 1.0595061779022217 13
1782662536587 1.042622709274292 14
1782662537783 1.0094065070152283 15
1782662538894 0.998378050327301 16
1782662540029 0.9725277900695801 17
1782662541192 0.9356749296188355 18
1782662542342 0.9109859347343445 19
1782662543496 0.8905308246612549 20
1782662544663 0.8672870874404908 21
1782662545807 0.8375739932060242 22
1782662546974 0.8252117991447449 23
1782662548120 0.8037323117256164 24
1782662549234 0.7723653316497803 25
1782662550357 0.7575079798698425 26
1782662551487 0.7356506943702698 27
1782662552627 0.7176198244094849 28
1782662553773 0.693180239200592 29
1782662554982 0.6789653062820434 30
1782662556128 0.6580719828605652 31
1782662557264 0.6450448036193848 32
1782662558414 0.6161768794059753 33
1782662559564 0.5958745241165161 34
1782662560703 0.5816604733467102 35
1782662561810 0.5628153681755066 36
1782662562999 0.5541696071624755 37
1782662564216 0.5360657453536988 38
1782662565388 0.5185593843460083 39
1782662566577 0.5058395147323609 40
1782662567706 0.5011492252349854 41
1782662568810 0.4731245279312134 42
1782662570012 0.4660222291946411 43
1782662571126 0.4513312816619873 44
1782662572246 0.43462584018707273 45
1782662573400 0.43035984635353086 46
1782662574499 0.41902158260345457 47
1782662575646 0.41137235760688784 48
1782662576822 0.404846727848053 49
1782662577915 0.39633427262306214 50
1782662579038 0.3797208368778229 51
1782662580183 0.3740348041057587 52
1782662581284 0.36726179122924807 53
1782662582914 0.3506709039211273 54
1782662584096 0.3408584356307983 55
1782662585229 0.3233866035938263 56
1782662586356 0.3167739987373352 57
1782662587482 0.31308667063713075 58
1782662588613 0.3085151374340057 59
1782662589803 0.3084931194782257 60
1782662590966 0.29690506458282473 61
1782662592104 0.28395649790763855 62
1782662593234 0.28224961161613465 63
1782662594373 0.28001431226730344 64
1782662595536 0.26826547384262084 65
1782662596690 0.2680813670158386 66
1782662597848 0.2535962641239166 67
