1782404144532 1.72920636177063 1
1782404149288 1.6547520399093627 2
1782404153991 1.5855444431304933 3
1782404158876 1.5200541257858275 4
1782404163678 1.4535213041305541 5
1782404168348 1.3869844150543214 6
1782404173141 1.3177331686019897 7
1782404178158 1.2503047275543213 8
1782404183305 1.184169464111328 9
1782404187735 1.1222734642028809 10
1782404192150 1.060893316268921 11
1782404197008 1.0012010359764099 12
1782404201956 0.9484511423110962 13
1782404206853 0.8963058185577393 14
1782404211655 0.845131003856659 15
1782404216633 0.8042577576637268 16
1782404221538 0.7614484572410584 17
1782404226237 0.7219428730010986 18
1782404231187 0.6924727320671081 19
1782404235811 0.6573608803749085 20
1782404240638 0.6305301427841187 21
1782404245709 0.6007294440269471 22
1782404250557 0.5813688349723816 23
1782404255669 0.5619006466865539 24
1782404260298 0.5449079263210297 25
1782404265401 0.5349508273601532 26
1782404270171 0.5167793142795563 27
1782404275122 0.5108309364318848 28
1782404280394 0.4970535409450531 29
1782404287659 0.49074738621711733 30
1782404295474 0.4832676088809967 31
1782404300707 0.47718763232231143 32
1782404305820 0.47065045714378356 33
1782404310423 0.46714449286460874 34
1782404315299 0.46446820855140686 35
1782404320651 0.4581391096115112 36
1782404325516 0.45278833866119383 37
1782404330143 0.4523515045642853 38
1782404334872 0.44887840032577514 39
1782404339561 0.4474248647689819 40
1782404344286 0.44418697953224184 41
1782404349027 0.4420454740524292 42
1782404353739 0.4391539704799652 43
1782404358474 0.43723212480545043 44
1782404363471 0.43638624787330627 45
1782404368110 0.4363825523853302 46
1782404372601 0.43527816772460937 47
1782404377492 0.43204648852348326 48
1782404382020 0.42555280566215514 49
1782404386698 0.42362192034721374 50
