1779386484379 0.8084861978888511 1
1779386534015 0.35453855299949644 2
1779386586178 0.29568597182631495 3
1779386636939 0.27241114135086536 4
1779386689734 0.25068981751799585 5
1779386740297 0.23578670592606069 6
1779386790743 0.22865815484523774 7
1779386842687 0.21831978245079517 8
1779386894228 0.21241450996696948 9
1779386944173 0.21436505815386772 10
1779386994080 0.24634374986588956 11
1779387044023 0.2213074913471937 12
1779387099629 0.20096627974510192 13
1779387151931 0.19742191307246684 14
1779387202924 0.19556633830070497 15
1779387254230 0.1918726662248373 16
1779387307037 0.1892348063737154 17
1779387357914 0.1905482280999422 18
1779387413922 0.186980047211051 19
1779387465359 0.18596359550952912 20
