1782662648121 1.4638423252105712 1
1782662652674 1.3529594469070434 2
1782662656937 1.2918102359771728 3
1782662661192 1.2344610357284547 4
1782662665412 1.1766690921783447 5
1782662669725 1.1186328887939454 6
1782662673935 1.062054705619812 7
1782662678167 1.0037912106513978 8
1782662682268 0.9479222679138184 9
1782662686579 0.8940821218490601 10
1782662690996 0.8440854525566102 11
1782662695346 0.7835574388504029 12
1782662699852 0.7322607827186585 13
1782662705715 0.6890023612976074 14
1782662709908 0.6358181214332581 15
1782662714344 0.5895933365821838 16
1782662718576 0.5487109375 17
1782662722970 0.5162081527709961 18
1782662727273 0.4903058385848999 19
1782662731599 0.45297282457351684 20
1782662736125 0.42125425934791566 21
1782662740826 0.39811620116233826 22
1782662745443 0.37807813167572024 23
1782662749921 0.3610207712650299 24
1782662754366 0.3471546947956085 25
1782662758776 0.3312887167930603 26
1782662763280 0.3176156973838806 27
1782662767887 0.3135312682390213 28
1782662772555 0.30514095723629 29
1782662777025 0.2969946563243866 30
1782662781509 0.2867498481273651 31
