1779918027360 1.425274977684021 1
1779918031495 0.9986221432685852 2
1779918035574 0.8804480361938477 3
1779918039703 0.8333179950714111 4
1779918043794 0.7200203156471252 5
1779918047975 0.6844492387771607 6
1779918052136 0.7698638820648194 7
1779918056262 0.7252294158935547 8
1779918060376 0.6964095664024353 9
1779918064558 0.676768639087677 10
1779918068692 0.6606338119506836 11
1779918072955 0.6430045223236084 12
1779918077161 0.6232498240470886 13
1779918081608 0.6121107292175293 14
1779918085808 0.5870656132698059 15
1779918089974 0.5677099204063416 16
1779918094376 0.5384472167491913 17
1779918098649 0.5231146836280822 18
1779918102796 0.49642744421958923 19
1779918107015 0.49137035846710203 20
1779918111230 0.46824537992477416 21
1779918115390 0.4585818636417389 22
1779918119560 0.45836535930633543 23
1779918123745 0.4360262942314148 24
1779918128011 0.4201969265937805 25
1779918132247 0.4081365895271301 26
1779918136450 0.4095331382751465 27
1779918140634 0.39620941519737246 28
1779918144795 0.3814120388031006 29
1779918149023 0.3874917638301849 30
