1782662484905 1.4964997577667236 1
1782662489150 1.3741547918319703 2
1782662493460 1.3098434400558472 3
1782662497830 1.2527747344970703 4
1782662502063 1.1962519121170043 5
1782662506608 1.1385220289230347 6
1782662510788 1.0845356178283692 7
1782662515173 1.0238269829750062 8
1782662519660 0.9680948495864868 9
1782662524158 0.9113814735412598 10
1782662528621 0.8566571426391602 11
1782662533459 0.8037682318687439 12
1782662537977 0.7486955118179321 13
1782662542286 0.6988316488265991 14
1782662546618 0.6536205697059632 15
1782662550994 0.6062871623039245 16
1782662555389 0.5658911895751954 17
1782662559686 0.5298968040943146 18
1782662564201 0.4929463791847229 19
1782662568538 0.4611501407623291 20
1782662572950 0.4328813219070435 21
1782662577321 0.412762017250061 22
1782662581628 0.39071876883506773 23
1782662586580 0.37010882019996644 24
1782662591089 0.3522241884469986 25
1782662595441 0.34038093566894534 26
1782662599893 0.324480909705162 27
1782662604325 0.3133430272340775 28
1782662608583 0.3061504638195038 29
1782662613043 0.2967324638366699 30
1782662617373 0.29140570282936096 31
1782662621807 0.290281286239624 32
1782662626091 0.28729487836360934 33
1782662630426 0.27875323116779327 34
1782662634653 0.27133459866046905 35
1782662639040 0.269777250289917 36
1782662643464 0.26619750082492827 37
