1782662565412 1.2319919237723718 1
1782662567626 1.1103912133436937 2
1782662569802 1.0560613045325646 3
1782662571922 1.0007202900373018 4
1782662574165 0.9649567328966581 5
1782662576405 0.9173890214699966 6
1782662578612 0.8732723456162673 7
1782662580789 0.8445398303178641 8
1782662582993 0.8137836043651288 9
1782662585218 0.7902894753676194 10
1782662587326 0.7583589187035193 11
1782662589476 0.7327828086339511 12
1782662591754 0.7069656390410203 13
1782662594019 0.6842338305253249 14
1782662596242 0.6606768782322223 15
1782662598406 0.6468141904244056 16
1782662600668 0.6158246581371014 17
1782662602873 0.5999715786713821 18
1782662605105 0.581021235539363 19
1782662607322 0.5723047073070819 20
1782662609629 0.5601549652906564 21
1782662611920 0.5409954786300659 22
1782662614140 0.512619632941026 23
1782662616446 0.5095726595475123 24
1782662618764 0.48963420207683855 25
1782662620966 0.47943248657079846 26
1782662623197 0.4608184580619519 27
1782662625452 0.44272271257180434 28
1782662627604 0.4392293645785405 29
1782662629734 0.4304099724842952 30
1782662631820 0.4134672765548413 31
1782662634020 0.4210900847728436 32
1782662636127 0.4017140154655163 33
1782662638219 0.3962620794773102 34
1782662640419 0.3912098820392902 35
1782662642661 0.3684213230243096 36
1782662644790 0.3624135760160593 37
1782662646915 0.35601340119655317 38
