1781760266350 1.198999068260193 1
1781760317098 0.8844118492603302 2
1781760369626 0.38172862654924394 3
1781760422877 0.2193740285038948 4
1781760474920 0.19516673615574837 5
1781760527831 0.1840929358303547 6
1781760579777 0.17693018370866775 7
1781760634381 0.17365246400237083 8
1781760686120 0.16802693405747413 9
1781760738635 0.16474698719382286 10
1781760789463 0.16079433077573776 11
1781760841070 0.16433956542611122 12
1781760893324 0.15828442969918252 13
1781760946036 0.15612236794829368 14
1781760997853 0.15398641085624695 15
1781761047237 0.15223848101496695 16
1781761099139 0.15102984583377838 17
1781761149880 0.1516537052989006 18
1781761201563 0.14995126858353613 19
1781761253909 0.1499087462723255 20
1781761303267 0.1480766951739788 21
1781761355269 0.14568267491459846 22
1781761407764 0.14711709663271905 23
1781761459281 0.14479731369018556 24
1781761510728 0.1445674031674862 25
1781761563336 0.1445706711411476 26
1781761616466 0.1411904085278511 27
1781761669311 0.14222259694337844 28
1781761721248 0.1396375120282173 29
1781761774995 0.13937270709872246 30
1781761825664 0.13974722772836684 31
1781761877005 0.140038892775774 32
1781761928889 0.1386005504131317 33
1781761981576 0.13950794434547426 34
1781762034192 0.13897831666469573 35
1781762086412 0.1376446887254715 36
1781762138460 0.1371024767458439 37
1781762190114 0.1354310374855995 38
1781762242835 0.13515566888451577 39
1781762293666 0.1365157853960991 40
1781762346219 0.1348256894648075 41
1781762399549 0.1341151550114155 42
