1782651119104 1.370637059211731 1
1782651123624 1.226662802696228 2
1782651128034 1.1657877492904662 3
1782651132394 1.1106707096099853 4
1782651137012 1.0583527517318725 5
1782651141319 1.0081605458259582 6
1782651145776 0.9560086894035339 7
1782651150393 0.905887393951416 8
1782651154757 0.8574046540260315 9
1782651159214 0.807129967212677 10
1782651163763 0.7562073516845703 11
1782651168153 0.7071198010444641 12
1782651177773 0.6614386415481568 13
1782651182261 0.6180886602401734 14
1782651186977 0.5775115633010864 15
1782651191506 0.5401576590538025 16
1782651196367 0.5016609489917755 17
1782651201338 0.46787396669387815 18
1782651206128 0.43880967259407044 19
1782651210849 0.41799604654312134 20
1782651215823 0.3909921991825104 21
1782651220956 0.3693902707099915 22
1782651225922 0.35312334418296815 23
1782651230826 0.33775508880615235 24
