1783007924642 1.2762619165273814 1
1783007926993 1.1843607700788057 2
1783007929289 1.133677968612084 3
1783007931660 1.0888631894038274 4
1783007934060 1.0496001151891856 5
1783007936353 1.0252344745856066 6
1783007938651 0.9859575996032128 7
1783007940965 0.9524465111585764 8
1783007943204 0.9299179086318383 9
1783007945462 0.9004535308251014 10
1783007947827 0.8754807160450861 11
1783007950193 0.8492432970267075 12
1783007952469 0.833413091989664 13
1783007954782 0.8048442648007319 14
1783007957087 0.779577191059406 15
1783007959430 0.7602926263442407 16
1783007961873 0.7245561801470243 17
1783007964286 0.7057232306553767 18
1783007966600 0.6839048358110281 19
1783007968842 0.6681241209690387 20
1783007971184 0.6494784538562481 21
1783007973418 0.6325058020078219 22
1783007975686 0.6224280916727506 23
1783007978032 0.5931896062997671 24
1783007980341 0.5841660224474393 25
1783007982625 0.560346768452571 26
1783007985000 0.5486875084730295 27
1783007987398 0.5379527234114133 28
1783007989697 0.5343691294009869 29
1783007991928 0.511087206693796 30
1783007994280 0.5112571395360507 31
1783007996649 0.4847893646130195 32
1783007999018 0.4749259719481835 33
1783008001367 0.45653404410068804 34
1783008006293 0.44340256773508513 35
1783008008534 0.4459058917485751 36
1783008010786 0.43735375771155727 37
1783008013098 0.4306632326199458 38
1783008015349 0.41649573812117946 39
1783008017584 0.40452853532937855 40
1783008019949 0.397771791769908 41
1783008022264 0.3804435133934021 42
1783008024599 0.3718106563274677 43
1783008026955 0.36964149887745196 44
1783008029254 0.3710564351998843 45
1783008031518 0.36025965901521534 46
1783008033814 0.36016830572715175 47
1783008036206 0.35319383098528934 48
1783008038535 0.34696253217183626 49
1783008040781 0.33515289196601283 50
1783008043070 0.3291570727641766 51
1783008045467 0.3272481377308185 52
1783008047850 0.3304702135232779 53
1783008050191 0.3239378287242009 54
1783008052455 0.3188146513241988 55
1783008054809 0.3204095753339621 56
1783008057118 0.31025781998267543 57
1783008059506 0.30891271508657014 58
1783008061942 0.2948198616504669 59
1783008064297 0.3072039026480455 60
1783008066663 0.3051485327573923 61
1783008069019 0.28847577021672177 62
1783008071323 0.2861092698115569 63
1783008073599 0.28732358721586376 64
1783008075916 0.2809824634056825 65
1783008078172 0.2781177552846762 66
1783008080472 0.27445370761247784 67
1783008082737 0.2716378260117311 68
1783008085128 0.27615644152347857 69
1783008087463 0.2717615721317438 70
1783008089798 0.27807957850969756 71
1783008092166 0.26832866210203904 72
1783008094536 0.26321859657764435 73
1783008096927 0.2516103833913803 74
1783008099213 0.2517343003016252 75
1783008101519 0.25099186370005977 76
1783008103875 0.2683782783838419 77
1783008106182 0.24832756358843583 78
1783008108520 0.246211799291464 79
1783008110843 0.25360319362236905 80
1783008113137 0.24909163323732522 81
1783008115500 0.2635407413427646 82
1783008117799 0.27346660311405474 83
1783008120130 0.25906670552033645 84
1783008122470 0.24649910284922674 85
1783008124861 0.23802172564543211 86
1783008127097 0.23756109751187837 87
1783008129409 0.24663444321889144 88
