1782667437271 1.5547368574142455 1
1782667442197 1.4723822784423828 2
1782667446712 1.3783749151229858 3
1782667451129 1.29247305393219 4
1782667455529 1.2188475227355957 5
1782667460007 1.1530761575698854 6
1782667464415 1.0871142053604126 7
1782667468852 1.0221868920326234 8
1782667473237 0.9592186188697815 9
1782667477756 0.9014188289642334 10
1782667482271 0.8451070690155029 11
1782667486700 0.7900610327720642 12
1782667491116 0.7396243166923523 13
1782667495552 0.688422441482544 14
1782667500300 0.6383299255371093 15
1782667504765 0.5928696894645691 16
1782667509348 0.5584696626663208 17
1782667703920 0.5197105169296264 18
1782667709025 0.4894891655445099 19
1782667713397 0.4602179992198944 20
1782667717870 0.4354583740234375 21
1782667722288 0.4090130949020386 22
1782667726650 0.388799774646759 23
1782667731000 0.37320502042770387 24
1782667735385 0.3658213770389557 25
1782667739774 0.3493769156932831 26
1782667744155 0.33623034119606016 27
1782667748503 0.32690860986709597 28
1782667753030 0.32109513103961945 29
1782667757450 0.31755517303943637 30
