1783497528992 2.7107692093684754 1
1783497545197 2.4753099227773734 2
1783497561083 2.282945073884109 3
1783497577224 2.087535257997184 4
1783497593530 1.8943945046128898 5
1783497611125 1.7050183600392834 6
1783497627058 1.5206015685508991 7
1783497643666 1.3520826306836358 8
1783497661718 1.2153393235699883 9
1783497677158 1.109075299624739 10
1783497693083 1.02428413259572 11
1783497708895 0.9591997204155758 12
1783497724892 0.9034007808257793 13
1783497741036 0.8560991328338097 14
1783497756902 0.8147877906930858 15
1783497772893 0.7813414109164271 16
1783497788089 0.7483007990080734 17
1783497804138 0.716461693418437 18
1783497820361 0.6931372552082457 19
1783497835667 0.672916395910855 20
1783497851800 0.6599815343988353 21
1783497867696 0.6411726310335356 22
1783497884623 0.6154657047370384 23
1783497900111 0.5894305541597563 24
1783497915372 0.5720998521508842 25
1783497931784 0.5594433977686125 26
1783497948171 0.5469018077028209 27
1783497963925 0.5326124049466232 28
1783497980911 0.5255149345973442 29
1783497996713 0.5152306844448221 30
1783498013006 0.5101671547725283 31
1783498028847 0.5084397474239613 32
1783498044079 0.5022245141966589 33
1783498060472 0.49959811362726936 34
1783498075727 0.49164857638293297 35
1783498092160 0.49222813598040877 36
1783498107936 0.4862991355616471 37
1783498124106 0.48037258715465153 38
1783498140232 0.4784068670766107 39
1783498156070 0.47615045103533515 40
1783498171455 0.47590614803906145 41
