1781904712867 1.7374434348864434 1
1781904733176 1.5827448948835716 2
1781904753512 1.5306372153453338 3
1781904774231 1.4908400498903716 4
1781904795094 1.4545806340682201 5
1781904815691 1.4195925639225886 6
1781904836382 1.386300924496773 7
1781904866643 1.3537332705962353 8
1781904887412 1.3201640569246733 9
1781904908132 1.2878292401631672 10
1781904928512 1.2549238907985198 11
1781904948742 1.2233309195591853 12
1781904971944 1.1881379592113006 13
1781904992528 1.1513607838214972 14
1781905013375 1.118904526417072 15
1781905033638 1.0864088382476416 16
1781905053950 1.0555017972603822 17
1781905074675 1.0193211634953816 18
1781905095189 0.9878311248926016 19
1781905115700 0.9594438916597611 20
1781905136418 0.9264094814276084 21
1781905157933 0.8999678064615299 22
1781905178205 0.8724535138179095 23
1781905198653 0.8447962540846604 24
1781905219232 0.8191293478012085 25
1781905239611 0.7979937119361682 26
1781905259927 0.7719868070039994 27
1781905280180 0.7472603917121887 28
1781905300591 0.7267179443286016 29
1781905321263 0.7064967201306269 30
1781905342051 0.6891360175915253 31
1781905362396 0.6727114686599145 32
1781905382782 0.658609193104964 33
1781905403720 0.6394970768537277 34
1781905424065 0.6247843473385541 35
1781905445523 0.6066609926712818 36
1781905466614 0.6012899508843055 37
1781905487152 0.5871917437284421 38
1781905507493 0.5748750964800516 39
1781905527562 0.5728807709155939 40
1781905548054 0.5576626467399108 41
1781905568602 0.5441676874955496 42
1781905589300 0.5367512015195993 43
1781905609911 0.5355787109106015 44
1781905632720 0.517539789279302 45
1781905653638 0.5144000236804669 46
1781905674539 0.5079599894010104 47
1781905694905 0.5017246435850095 48
1781905715350 0.5030845174422631 49
1781905735605 0.4971898381526654 50
1781905755826 0.48874813394668776 51
1781905776234 0.4832345018020043 52
1781905796720 0.48079768205300355 53
1781905817128 0.4740110872647701 54
1781905837500 0.4696826804906894 55
1781905857748 0.4616893606308179 56
1781905878268 0.46668731172879535 57
1781905898767 0.45865235114708924 58
1781905919365 0.45607401468814945 59
1781905939953 0.45360267850068897 60
1781905960549 0.449964267321122 61
1781905981918 0.4564670767539587 62
1781906002151 0.4512785864182008 63
1781906022701 0.4372212443596277 64
1781906044117 0.43770677615434694 65
1781906064407 0.43108870967840535 66
