1782662357194 1.322675008040208 1
1782662359316 1.1906201197550847 2
1782662361429 1.1114572194906382 3
1782662363568 1.067901006111732 4
1782662365754 1.0209454939915583 5
1782662367890 0.9844869421078608 6
1782662370023 0.9562661968744718 7
1782662372187 0.9248522244966947 8
1782662374299 0.8882920696185186 9
1782662376447 0.8564642071723938 10
1782662378619 0.822313551719372 11
1782662380765 0.7934768108221201 12
1782662382955 0.7628538654400752 13
1782662385126 0.74044380738185 14
1782662387285 0.7124671385838435 15
1782662389437 0.6928043365478516 16
1782662391581 0.6661293965119582 17
1782662393804 0.651622685102316 18
1782662395959 0.6268667807945838 19
1782662398150 0.6021843873537503 20
1782662400301 0.5892930810268109 21
1782662403847 0.5763272826488202 22
1782662406017 0.5517959548876836 23
1782662408221 0.5323396370961115 24
1782662410353 0.51329138645759 25
1782662412516 0.5009055848305042 26
1782662414661 0.4828488849676572 27
1782662416902 0.47297032062823957 28
1782662419090 0.4553246521032773 29
1782662421240 0.44941474611942583 30
