1782750990116 3.3761420335088457 1
1782751030747 3.154718288353511 2
1782751065047 2.9544341479028975 3
1782751101007 2.7475128173828125 4
1782751137274 2.525974520615169 5
1782751172846 2.3093703474317278 6
1782751208682 2.0932751979146684 7
1782751243357 1.8884984978607722 8
1782751279075 1.7112054143633162 9
1782751314945 1.5596438561167036 10
1782751350573 1.4443313053676061 11
1782751385756 1.3512853213718958 12
1782751421700 1.2777636221476965 13
1782751456697 1.233787374837058 14
1782751491968 1.197590368134635 15
1782751525208 1.155012377670833 16
1782751560196 1.1325727658612388 17
1782751595154 1.1146553925105505 18
1782751630008 1.0813612937927246 19
1782751664806 1.0556870102882385 20
1782751700248 1.036130543266024 21
1782751736054 1.0185819353376115 22
1782751771722 1.0075436915670122 23
1782751807527 0.9963748518909726 24
1782751841112 0.981621150459562 25
1782751876609 0.9688978642225266 26
1782751916740 0.9544796624353954 27
1782751952500 0.9364906698465347 28
1782751988052 0.9209427833557129 29
1782752023675 0.9024833185332162 30
1782752058139 0.8847253854785647 31
1782752093351 0.8720908037253788 32
1782752129527 0.8590100450175149 33
1782752165563 0.8449740984610149 34
1782752201291 0.8326392003468105 35
1782752235765 0.8273788882153374 36
1782752270958 0.8196830664362226 37
1782752316024 0.815893639411245 38
1782752350196 0.8049825727939606 39
1782752385513 0.797900698014668 40
1782752427260 0.7951185980013439 41
1782752469604 0.7887601980141231 42
1782752504220 0.7842131129332951 43
1782752540795 0.7782066230263028 44
1782752577317 0.7762110382318497 45
1782752612493 0.7636520990303585 46
1782752648885 0.7561904575143542 47
1782752685332 0.7524271117789405 48
1782752720891 0.7458969056606293 49
1782752757077 0.742588745696204 50
1782752792391 0.7345636125121798 51
1782752826455 0.732711564217295 52
1782752862190 0.7262847146817616 53
1782752899012 0.7247975064175469 54
1782752945507 0.7176186697823661 55
1782752999398 0.7165809188570295 56
1782753034874 0.7245638838836125 57
1782753076251 0.7111841653074537 58
1782753110397 0.7059942036867142 59
1782753145747 0.7005918685879026 60
1782753179437 0.6942085197993687 61
1782753214896 0.6928683349064418 62
1782753251618 0.6908919044903347 63
1782753286865 0.6894198336771556 64
1782753322698 0.6858052909374237 65
1782753358509 0.683256956083434 66
1782753394862 0.6777567480291639 67
1782753430350 0.6737002304622105 68
1782753466157 0.6687256672552654 69
1782753500699 0.6719239865030561 70
1782753536870 0.6691951964582715 71
1782753572983 0.6689498552254268 72
1782753613520 0.6649204960891179 73
1782753662726 0.657724203807967 74
1782753698238 0.6625712939671108 75
1782753733804 0.6596820248024804 76
