1782350965947 1.5389685153961181 1
1782350970797 1.4234976196289062 2
1782350975952 1.3443827724456787 3
1782350981117 1.2618137216567993 4
1782350986252 1.1812524604797363 5
1782350992115 1.1156076622009277 6
1782350997131 1.0545599269866943 7
1782351003940 0.9972161960601806 8
1782351010639 0.9416174364089965 9
1782351017733 0.8903670835494996 10
1782351023127 0.8378208303451538 11
1782351027983 0.7837224245071411 12
1782351033114 0.731558849811554 13
1782351038312 0.6894773197174072 14
1782351043409 0.6405167651176452 15
1782351048413 0.600711796283722 16
1782351054033 0.5655678248405457 17
1782351059762 0.5312331283092498 18
1782351065330 0.5004713404178619 19
1782351070621 0.4734548354148865 20
1782351076143 0.44388863563537595 21
1782351081462 0.4188303804397583 22
1782351086915 0.4034187054634094 23
1782351092267 0.39006766080856325 24
1782351097031 0.3718481302261353 25
1782351102150 0.363287832736969 26
1782351107333 0.3521441090106964 27
1782351112500 0.34205872178077695 28
1782351117937 0.33515628457069396 29
1782351123304 0.32909200608730316 30
1782351129008 0.3205924379825592 31
1782351134330 0.31458043932914737 32
1782351139750 0.3147817671298981 33
1782351145016 0.3039020985364914 34
