1782602393736 1.202656809021445 1
1782602399766 0.994960136273328 2
1782602405733 0.8405101427844927 3
1782602411771 0.6973645254677417 4
1782602417879 0.5721002852215487 5
1782602423828 0.46268607179323834 6
1782602429904 0.3706946098336987 7
1782602435902 0.3105660343871397 8
1782602442039 0.24775253937524908 9
1782602448107 0.21724394928006566 10
1782602454153 0.19127818386928708 11
1782602460257 0.1687836176624485 12
1782602466300 0.1587547271275053 13
1782602472318 0.14660276940055922 14
1782602478484 0.13759702108069963 15
1782602484631 0.1311238752860649 16
1782602490765 0.11847460883505204 17
1782602496941 0.11620894600363339 18
1782602503039 0.11062539529566671 19
1782602509160 0.10982058693965276 20
1782602515247 0.10163933959077387 21
1782602521272 0.09969036061974133 22
1782602527255 0.0977181349607075 23
1782602533312 0.0932350670005761 24
1782602539363 0.09077909559595819 25
1782602545629 0.08717276813352809 26
1782602551911 0.08305827703546076 27
1782602558083 0.088347261150678 28
1782602564344 0.0865836841802971 29
1782602570523 0.08224718827827304 30
1782602576626 0.07963057359059651 31
1782602582744 0.07894440718433436 32
1782602588962 0.07780455841737635 33
1782602595130 0.07561274259990337 34
1782602601148 0.08400555816935558 35
1782602607299 0.07751107186663385 36
1782602613406 0.07356007565178123 37
1782602619541 0.06994658328738868 38
1782602625724 0.0690191377903901 39
1782602631834 0.07008341400354516 40
1782602637919 0.06530749337638125 41
1782602644058 0.06598154608817662 42
1782602650138 0.06486849983533223 43
1782602656329 0.06592412088431564 44
1782602662377 0.06495091282561713 45
1782602668176 0.06442042133387398 46
1782602674329 0.06873337814913076 47
1782602680357 0.06429291954811882 48
