1782662595848 2.5028145129864035 1
1782662601004 2.331981603915875 2
1782662606062 2.231488906420194 3
1782662610798 2.1567750710707445 4
1782662616296 2.0839016620929423 5
1782662621787 2.0266344180473914 6
1782662626824 1.9603495781238263 7
1782662632154 1.8883777948526235 8
1782662637289 1.82410571208367 9
1782662642168 1.76073851952186 10
1782662647265 1.6928889659734874 11
1782662652264 1.6182759633431067 12
1782662657304 1.5553014095012958 13
1782662662503 1.48116279565371 14
1782662667433 1.4095602218921368 15
1782662672884 1.34556022974161 16
1782662677600 1.2865538046910212 17
1782662682278 1.2200666482631977 18
1782662687916 1.160377493271461 19
