1782653931943 1.3519786871396577 1
1782653934256 1.239320764174828 2
1782653936489 1.1946096328588633 3
1782653938722 1.15313026538262 4
1782653941047 1.1176092532964854 5
1782653943357 1.0844725691355193 6
1782653945694 1.0621259487592256 7
1782653947887 1.0353053945761461 8
1782653950066 1.0095988878837 9
1782653952352 0.9846329138829157 10
1782653954742 0.962221833375784 11
1782653957124 0.937978982925415 12
1782653959500 0.9187690523954538 13
1782653961738 0.8930585888715891 14
1782653964025 0.8785885526583745 15
1782653966386 0.8661415301836454 16
1782653968744 0.8489984549008883 17
1782653971055 0.8241829046836266 18
1782653973386 0.8027849197387695 19
1782653975538 0.7877471217742333 20
1782653977925 0.7755292470638568 21
1782653980219 0.7609686759802011 22
1782653982529 0.7373895461742694 23
1782653984762 0.7250805818117582 24
1782653986925 0.7148430668390714 25
1782653989274 0.6989641281274649 26
1782653991660 0.6844295171590952 27
1782653993907 0.6735353607397813 28
1782653996197 0.6638510410602276 29
1782653998496 0.6436070799827576 30
1782654000785 0.6304698036267207 31
1782654003170 0.6269126580311701 32
1782654005585 0.6210821546041049 33
