1782651384849 2.437069269327017 1
1782651389494 2.275302868623 2
1782651394538 2.1706358836247373 3
1782651399815 2.1080835048968973 4
1782651404892 2.044196660702045 5
1782651410430 1.9982240933638353 6
1782651415501 1.934294003706712 7
1782651420902 1.8647366487062895 8
1782651425646 1.799602719453665 9
1782651430544 1.730794301399818 10
1782651435713 1.666548912341778 11
1782651440682 1.6005509541584895 12
1782651445571 1.5417137145996094 13
1782651451011 1.4747378092545729 14
1782651456068 1.4116260546904345 15
1782651461382 1.351868803684528 16
1782651466303 1.298970680970412 17
1782651471306 1.244325381058913 18
1782651476127 1.190219255594107 19
1782651481456 1.136728286743164 20
1782651486453 1.0942435906483576 21
1782651491782 1.053098440170288 22
1782651496516 1.015407653955313 23
1782651501513 0.9709678796621469 24
1782651506185 0.9404115768579336 25
1782651511569 0.9057315312899076 26
1782651516502 0.8786753140963041 27
1782651521395 0.8545103210669297 28
1782651526353 0.8339605789918166 29
1782651531447 0.8091302468226507 30
1782651536960 0.7787580444262578 31
1782651542094 0.7469035432888911 32
1782651547427 0.7202143348180331 33
1782651552358 0.7125759904201214 34
1782651557425 0.7141204659755414 35
1782651562261 0.6778423694463876 36
1782651567367 0.6530234905389639 37
1782651572739 0.6343820278461163 38
1782651577886 0.6137384038705093 39
1782651582945 0.5972718734007615 40
1782651587755 0.5815840180103595 41
1782651592413 0.569404620390672 42
1782651597783 0.5514917419506953 43
1782651604028 0.5358301813785846 44
1782651613912 0.5322470389879667 45
1782651618874 0.5255662936430711 46
1782651624124 0.5169067749610314 47
1782651628588 0.5116078670208271 48
1782651633419 0.49817198285689723 49
1782651644158 0.48455642049129194 50
1782651649220 0.4777232270974379 51
1782651654301 0.4726828313790835 52
1782651659793 0.46491788442318255 53
1782651666463 0.46152342512057376 54
1782651677520 0.4959145119557014 55
1782651682963 0.46802886632772595 56
1782651688026 0.46894729825166553 57
1782651693196 0.44664815755990833 58
1782651699369 0.4459873896378737 59
1782651704929 0.428230514893165 60
1782651709943 0.43308144349318284 61
1782651715093 0.42308692519481367 62
1782651720262 0.42933222422233 63
1782651725244 0.4441233208546272 64
1782651730589 0.42241724867087144 65
1782651735554 0.42000645857590896 66
1782651740702 0.4104438263636369 67
1782651746007 0.41279733180999756 68
1782651751191 0.4091548827978281 69
1782651756177 0.405388763317695 70
1782651761066 0.4004552364349365 71
1782651766215 0.402741035589805 72
