1783457402376 1.307487652851985 1
1783457404769 1.2236019648038423 2
1783457407144 1.150026037142827 3
1783457409632 1.1015968597852266 4
1783457411986 1.084486016860375 5
1783457414334 1.0552577834862928 6
1783457416590 1.0076642265686622 7
1783457418858 0.9733221026567312 8
1783457421243 0.9635644417542678 9
1783457423687 0.9470198796345637 10
1783457426073 0.9176026215920081 11
1783457428467 0.8909681806197534 12
1783457430787 0.8784359464278588 13
1783457433089 0.8645483530484713 14
1783457435412 0.8410134132091815 15
1783457437848 0.814849317073822 16
1783457440238 0.8052071699729333 17
1783457442572 0.7956465299312885 18
1783457444951 0.7789630660643945 19
1783457447338 0.7520046555078946 20
1783457449811 0.7413451396501981 21
1783457452111 0.7327356063402616 22
1783457454495 0.7145538238378671 23
1783457456849 0.6925770823772137 24
1783457459153 0.6872195051266596 25
1783457461478 0.6732664612623361 26
1783457463829 0.6666763608272259 27
1783457466215 0.641885771201207 28
1783457468503 0.6305255247996404 29
1783457470797 0.6283901838155893 30
1783457473098 0.62006787611888 31
1783457475433 0.5946127818180964 32
1783457477727 0.5852725414129404 33
1783457480161 0.5811683260477506 34
1783457482531 0.5665686222223135 35
1783457484924 0.5555968422156113 36
1783457487284 0.5438539225321549 37
1783457489711 0.5482930334714743 38
1783457492038 0.5333408025594858 39
1783457494385 0.5124125090929178 40
1783457496731 0.5016510509527646 41
1783457499074 0.5034129734222705 42
1783457510422 0.48760462953494144 43
