1782694344574 3.397320398262569 1
1782694382261 3.176635648523058 2
1782694416591 3.0036754523004805 3
1782694456609 2.8285878896713257 4
1782694490119 2.638115644454956 5
1782694525703 2.4373006394931247 6
1782694562568 2.2372723477227345 7
1782694598487 2.0377764659268514 8
1782694640484 1.850077701466424 9
1782694676557 1.6826792061328888 10
1782694711199 1.5556760558060236 11
1782694746398 1.4489665159157343 12
1782694786229 1.3663164802959986 13
1782694839891 1.317571725164141 14
1782694876181 1.261288889816829 15
1782694914045 1.2279164152485984 16
1782694955138 1.1942952743598394 17
1782695004164 1.1715600192546844 18
1782695041149 1.151420099394662 19
1782695077973 1.1396309435367584 20
1782695117884 1.1255277735846383 21
1782695166750 1.121630528143474 22
1782695202312 1.120202158178602 23
1782695243661 1.099375307559967 24
