1782600542128 2.358938147624334 1
1782600550324 2.2489111622174582 2
1782600558046 2.154745707909266 3
1782600566025 2.055268039306005 4
1782600573593 1.9496907542149227 5
1782600581238 1.8200492163499196 6
1782600588889 1.694855347275734 7
1782600596528 1.5563786625862122 8
1782600604535 1.421457588672638 9
1782600612108 1.3006089826424916 10
1782600620076 1.1806880235671997 11
1782600627760 1.062754675745964 12
1782600635155 0.9713234057029089 13
1782600643428 0.893702062467734 14
1782600651275 0.8176161348819733 15
1782600658844 0.7573650230964025 16
1782600666490 0.6982680410146713 17
1782600674664 0.6382604365547498 18
1782600681986 0.5682566985487938 19
1782600689656 0.5116363689303398 20
1782600697471 0.4575316136082013 21
1782600705539 0.40794576207796734 22
1782600713446 0.37136729806661606 23
1782600721089 0.33653517812490463 24
1782600728869 0.30663428952296573 25
1782600737101 0.2802344411611557 26
1782600744782 0.26024607320626575 27
1782600752394 0.25053596931199235 28
1782600760085 0.2294356202085813 29
1782600768286 0.2160835483421882 30
1782600775835 0.21089569417138895 31
1782600784357 0.2002109835545222 32
1782600792119 0.18572637314597765 33
1782600799766 0.1788703091442585 34
1782600807861 0.17302523863812289 35
1782600815565 0.18124251998960972 36
1782600823714 0.17454339812199274 37
1782600831857 0.16286807817717394 38
1782600839973 0.15442258988817534 39
1782600847951 0.1516557695964972 40
1782600856145 0.14618776086717844 41
1782600864317 0.14272711767504612 42
1782600872007 0.14118268713355064 43
1782600879690 0.14036930662890276 44
1782600887722 0.13750543228040138 45
1782600895559 0.13731429167091846 46
1782600903001 0.1330381271739801 47
1782600911490 0.13230454425017038 48
