1781902817201 1.2177722026140263 1
1781902837669 1.1114786221430852 2
1781902858090 1.0375234179007702 3
1781902878491 0.9720376959213843 4
1781902898881 0.9084652326045892 5
1781902919347 0.8411427002686721 6
1781902939711 0.7787284835790976 7
1781902960661 0.719434583798433 8
1781902981300 0.6687384981375474 9
1781903003941 0.6280555511132265 10
1781903024283 0.5810489929639376 11
1781903044782 0.5400001704692841 12
1781903065267 0.5025396660352365 13
1781903086502 0.48165025008030427 14
1781903107051 0.46273032824198407 15
1781903127869 0.43567370145748824 16
1781903148641 0.4088485103387099 17
1781903173624 0.40021780820993275 18
1781903194260 0.38353844101612383 19
1781903214832 0.3699037898809482 20
1781903234985 0.3578489529780852 21
1781903255730 0.3410850136707991 22
1781903276204 0.3315117970491067 23
1781903296381 0.33335532477268803 24
1781903318007 0.32143196616417324 25
1781903338457 0.31244030136328477 26
1781903358822 0.2955200190727527 27
1781903379618 0.29866740795282215 28
1781903400439 0.2972857906268193 29
1781903421194 0.2981868940286147 30
1781903441735 0.27733236513076687 31
1781903462519 0.27360138106040466 32
1781903483247 0.2643438314016049 33
1781903503632 0.26372171556338286 34
1781903524091 0.2577285705468593 35
1781903544408 0.25508055358360976 36
1781903565307 0.2523023031460933 37
1781903585936 0.24917164521339613 38
1781903606161 0.2469569628055279 39
1781903631070 0.2368989380506369 40
1781903651699 0.23845348488061857 41
1781903673082 0.22819015078055552 42
