1783495725624 1.594024085998535 1
1783495726889 1.417692518234253 2
1783495728034 1.3475103616714477 3
1783495729171 1.2926111936569213 4
1783495730331 1.2500113248825073 5
1783495731478 1.2104141473770142 6
1783495732655 1.1851633071899415 7
1783495733813 1.1457210540771485 8
1783495734981 1.1142177820205688 9
1783495736132 1.0876914024353028 10
1783495737297 1.0675001859664917 11
1783495738434 1.0328961610794067 12
1783495739568 1.0110120177268982 13
1783495740697 0.9808045864105225 14
1783495741856 0.9484035849571228 15
1783495743028 0.9345900774002075 16
1783495744205 0.8989858150482177 17
1783495745343 0.8809682488441467 18
1783495746489 0.8621752500534058 19
1783495747673 0.834386694431305 20
1783495748806 0.8129716157913208 21
1783495749961 0.7874010086059571 22
1783495751117 0.7642605304718018 23
1783495752253 0.7479559659957886 24
1783495753406 0.7301781177520752 25
1783495754541 0.7143502235412598 26
1783495755659 0.6911451578140259 27
1783495756781 0.6868660569190979 28
1783495757925 0.6716717004776 29
1783495759081 0.6530642747879029 30
1783495760217 0.6292335629463196 31
1783495761361 0.6117130160331726 32
1783495762488 0.5995355367660522 33
1783495763632 0.5841033220291137 34
1783495764774 0.5716251611709595 35
1783495765916 0.5563631415367126 36
1783495767104 0.5414291262626648 37
1783495768242 0.526430881023407 38
1783495769372 0.522377896308899 39
1783495770502 0.5050503492355347 40
1783495771640 0.49505611658096316 41
