1782392811409 1.4977872371673584 1
1782392815960 1.426720871925354 2
1782392820484 1.3131682205200195 3
1782392825127 1.236031141281128 4
1782392829491 1.1680021142959596 5
1782392834110 1.1024307060241698 6
1782392838571 1.0411976289749145 7
1782392843436 0.9812596416473389 8
1782392848049 0.9230555081367493 9
1782392852640 0.8663983821868897 10
1782392857205 0.8121611976623535 11
1782392861734 0.7571580362319946 12
1782392866251 0.7059572052955627 13
1782392870918 0.6550045371055603 14
1782392875746 0.6112738943099976 15
1782392880167 0.5662548696994781 16
1782392884631 0.52806143283844 17
1782392889344 0.48997769236564637 18
1782392893988 0.46027914524078367 19
1782392898897 0.4285188066959381 20
1782392903367 0.4046653151512146 21
1782392907787 0.3800956749916077 22
1782392912301 0.3625698006153107 23
1782392916806 0.349941965341568 24
1782392921426 0.33381908655166626 25
1782392926039 0.3177927976846695 26
1782392930378 0.31059271216392514 27
1782392934581 0.29966472864151 28
1782392938959 0.29271805942058565 29
1782392943343 0.2909572273492813 30
1782392947961 0.2834676134586334 31
1782392952645 0.27857507407665255 32
1782392957079 0.2711955767869949 33
1782392961705 0.2656713759899139 34
1782392966354 0.26774680614471436 35
1782392970736 0.26126350581645963 36
