1782668135674 3.313852480479649 1
1782668176100 3.099906291280474 2
1782668213470 2.922862640448979 3
1782668249043 2.7545007382120406 4
1782668284036 2.5696200217519487 5
1782668321408 2.373146218912942 6
1782668359074 2.1903872064181735 7
1782668395753 2.006705194711685 8
1782668431140 1.8308159666402 9
1782668466671 1.6724787993090493 10
1782668503363 1.556370918239866 11
1782668541721 1.4539490810462408 12
1782668582206 1.3833044852529253 13
1782668618957 1.3108787877219064 14
1782668654763 1.2538871126515525 15
1782668691655 1.2123516925743647 16
1782668728212 1.1708845709051405 17
1782668764439 1.1388745435646601 18
1782668798870 1.1181334044252123 19
1782668835644 1.0909897514751978 20
1782668871679 1.0709910818508692 21
1782668907525 1.0467122197151184 22
1782668942807 1.0294560662337713 23
1782668978019 1.0055068646158491 24
1782669012607 0.9831464162894658 25
1782669048541 0.9700852973120553 26
1782669085129 0.9513296101774488 27
1782669118863 0.9378425457647869 28
1782669154741 0.916727330003466 29
1782669189528 0.9009466618299484 30
1782669224913 0.8871228992938995 31
1782669261571 0.8654861982379641 32
1782669297970 0.8542064428329468 33
1782669332505 0.8279516782079425 34
1782669367720 0.8162227826459068 35
1782669401949 0.8034653812646866 36
1782669433890 0.8016942249877113 37
1782669468668 0.787266805768013 38
1782669503806 0.7768888281924384 39
1782669540197 0.7659889587334224 40
1782669576778 0.7629327028989792 41
1782669614948 0.7607359843594688 42
1782669650417 0.756332916872842 43
1782669688866 0.7505052323852267 44
1782669727340 0.747184693813324 45
1782669762228 0.74283866584301 46
1782669797120 0.7374402305909565 47
1782669832940 0.7326066472700664 48
1782669869061 0.7297753585236413 49
1782669904831 0.7250432223081589 50
1782669940462 0.7199845569474357 51
1782669976756 0.7153886748211724 52
1782670010545 0.7102533855608532 53
1782670046344 0.7111551101718631 54
1782670082619 0.7057416651930127 55
1782670118712 0.7033492922782898 56
1782670155025 0.7074466539280755 57
1782670191230 0.7009781918355397 58
