1783495792162 1.2431177496910095 1
1783495793302 1.0154819289843242 2
1783495794473 0.8959199786186218 3
1783495795623 0.8600877920786539 4
1783495796760 0.83826744556427 5
1783495797890 0.804058313369751 6
1783495799060 0.772586464881897 7
1783495800212 0.7429026563962301 8
1783495801365 0.7178450624148051 9
1783495803965 0.6966476241747538 10
1783495806544 0.6789535482724508 11
1783495807691 0.6592142184575399 12
1783495808797 0.6419573128223419 13
1783495809937 0.6234137018521627 14
1783495811078 0.6075024207433065 15
1783495812220 0.5928716460863749 16
1783495813381 0.5763889153798422 17
1783495814541 0.562721441189448 18
1783495815663 0.5468942523002625 19
1783495816790 0.5323578218619028 20
1783495817898 0.5166359345118204 21
1783495819061 0.4989856729904811 22
1783495820197 0.48681673407554626 23
1783495821336 0.47334282100200653 24
1783495822489 0.4581442524989446 25
