1778194185067 1.6203516721725464 1
1778195177455 1.2588273029327393 2
1778195310511 1.0229459781646728 3
1778195437218 0.6813745177984237 4
1778195566404 0.3165347711443901 5
1778195694793 0.23703951200842857 6
1778195822407 0.21506198015809058 7
1778195950115 0.21065016728639602 8
1778196077964 0.20016298988461495 9
1778197105060 0.19645964828133583 10
1778197226710 0.18939723071455955 11
1778198174886 0.1860274283885956 12
1778199204923 0.18594488155841826 13
1778199324578 0.18256805962324144 14
1778199444994 0.18038867196440697 15
