1782667119747 2.3238177994887033 1
1782667131340 2.168784191211065 2
1782667139387 2.059734453757604 3
1782667146537 1.9703954855600994 4
1782667153909 1.8734041154384613 5
1782667161181 1.7687511593103409 6
1782667168369 1.6612991740306218 7
1782667176336 1.545945997039477 8
1782667184633 1.429119388262431 9
1782667192432 1.298537939786911 10
1782667200539 1.1931711981693904 11
1782667208157 1.102500523130099 12
1782667216018 1.0220227638880413 13
1782667224217 0.9512757609287897 14
1782667232179 0.8822023943066597 15
1782667239905 0.8169864962498347 16
1782667248253 0.7568941786885262 17
1782667255734 0.6975499664743742 18
1782667263129 0.6427284826834997 19
1782667271183 0.5939851154883703 20
1782667278690 0.5454694926738739 21
1782667286211 0.49941657731930417 22
1782667293645 0.45947105810046196 23
1782667301427 0.4242582879960537 24
1782667309454 0.392053014288346 25
1782667317479 0.36511021107435226 26
1782667326008 0.3479951098561287 27
1782667334143 0.32240862399339676 28
1782667342294 0.3030124468108018 29
1782667350007 0.2892528101801872 30
1782667357608 0.27841990999877453 31
1782667365540 0.26990149604777497 32
1782667373399 0.26254133383433026 33
1782667380822 0.24818565448125204 34
1782667388299 0.24307919355730215 35
1782667395732 0.237733893096447 36
1782667412857 0.22946215234696865 37
1782667420850 0.2235485315322876 38
1782667429308 0.22022256317238012 39
1782667437138 0.21340959891676903 40
1782667445380 0.2075990873078505 41
1782667453312 0.2092733426640431 42
1782667461406 0.20238751483460268 43
1782667469405 0.19987642827133337 44
1782667477877 0.19794143177568913 45
1782667485477 0.19708259403705597 46
1782667493527 0.19632762856781483 47
1782667501637 0.1885685964177052 48
1782667509124 0.18941398275395235 49
1782667517016 0.19036997047563395 50
1782667524712 0.18536361679434776 51
1782667532655 0.18172328732907772 52
1782667540485 0.1789094265550375 53
1782667548045 0.17716949246823788 54
1782667556162 0.17627037378648916 55
1782667564171 0.17816457152366638 56
1782667572080 0.17489983513951302 57
1782667580690 0.17383159697055817 58
1782667588602 0.17011748564740023 59
1782667596391 0.17199798052509627 60
1782667604021 0.16591861099004745 61
1782667611904 0.16474341818441948 62
1782667619830 0.16690734898050627 63
1782667628337 0.16494774694244066 64
1782667636342 0.1657704052825769 65
1782667644612 0.1642485602448384 66
1782667652965 0.16246613611777624 67
1782667661214 0.16525457116464773 68
1782667668612 0.16333967447280884 69
1782667676443 0.15810693117479482 70
1782667684025 0.1599003579467535 71
