1782600605695 2.418729121868427 1
1782600610170 2.3292204416715183 2
1782600614788 2.246664102260883 3
1782600619425 2.183033613058237 4
1782600624154 2.1184045718266415 5
1782600628494 2.057294570482694 6
1782600633025 1.9872957192934477 7
1782600637448 1.9179076139743512 8
1782600641923 1.8567442893981934 9
1782600646782 1.7784115351163423 10
1782600651506 1.690901756286621 11
1782600656215 1.6150133793170636 12
1782600660764 1.5331041537798369 13
1782600665455 1.4536440464166493 14
1782600670038 1.3750892235682561 15
1782600674698 1.3076206995890691 16
1782600679048 1.2487967106012197 17
1782600683643 1.1848668318528395 18
1782600688158 1.1266783842673669 19
1782600692470 1.07117091692411 20
1782600696825 1.0265202155480018 21
1782600701773 0.9805984863868127 22
1782600706278 0.9451772112112778 23
1782600710870 0.9046405049470755 24
1782600715839 0.8757886428099412 25
1782600720528 0.8449840133006756 26
1782600725234 0.8166808531834528 27
1782600729792 0.7939452299704919 28
1782600734579 0.7662755526029147 29
1782600739195 0.7350040903458228 30
1782600743798 0.7090701644237225 31
1782600748348 0.6811713301218473 32
1782600752807 0.6627569290307852 33
1782600757209 0.6500730468676641 34
1782600761780 0.6257226604681748 35
1782600766412 0.6084500092726487 36
1782600770951 0.5943179589051467 37
1782600775266 0.5794694423675537 38
1782600779890 0.579852778177995 39
1782600784449 0.573501311815702 40
1782600789456 0.5549399852752686 41
1782600793919 0.5343238986455477 42
1782600798533 0.5345998887832348 43
1782600803209 0.5226462918978471 44
1782600808118 0.5120728015899658 45
1782600812830 0.5056705727027013 46
1782600817644 0.4922557450257815 47
1782600822513 0.485999542933244 48
1782600827314 0.48096073590792143 49
1782600831757 0.4747460369880383 50
1782600836481 0.4710654364182399 51
1782600840979 0.4623450843187479 52
1782600845572 0.45894578099250793 53
1782600850586 0.45572300599171567 54
1782600855024 0.45067150546954227 55
1782600859743 0.4518393942942986 56
1782600864730 0.44456496376257676 57
1782600869351 0.447624167570701 58
1782600874103 0.4476842742699843 59
