1783457772433 1.2906165239857692 1
1783457779216 0.9652661050067228 2
1783457785913 0.7842449954911774 3
1783457792629 0.6943457710976694 4
1783457799397 0.6637602752330256 5
1783457806071 0.612737354110269 6
1783457812811 0.518049913294175 7
1783457819419 0.4488741159439087 8
1783457826165 0.4261285773679322 9
1783457832802 0.3975142117808847 10
1783457839575 0.33481716233141284 11
1783457846215 0.2860788685434005 12
1783457852872 0.27413445360520305 13
1783457859420 0.26228568629891263 14
1783457866063 0.2403671098690407 15
1783457872739 0.2018538786500108 16
1783457879491 0.19350053574524673 17
1783457886197 0.190327590879272 18
1783457892806 0.18058325174976797 19
1783457899450 0.15687858211059197 20
1783457906153 0.14635061867096844 21
1783457912779 0.14922751427865497 22
1783457919486 0.14348500470320383 23
1783457926089 0.1237592007599625 24
1783457932661 0.11984166532170538 25
1783457939347 0.12745584956571168 26
1783457945985 0.12863459087469997 27
1783457952667 0.11569368050378911 28
1783457959278 0.10588235919382058 29
1783457965935 0.11426216422342787 30
1783457972673 0.11536810050408046 31
1783457979359 0.09744365425670848 32
1783457985937 0.09229670055941039 33
1783457992571 0.09643276956151514 34
1783457999361 0.10259996266926036 35
1783458009823 0.0892203292425941 36
1783458016414 0.08488225922280666 37
1783458023079 0.09632553379325305 38
1783458029643 0.09556339169834174 39
1783458036258 0.08150425348796096 40
1783458042931 0.07867255573179208 41
1783458049530 0.08348826172889448 42
1783458056137 0.09513234303278081 43
1783458062884 0.07885768352185979 44
1783458069567 0.0738838391707224 45
1783458076203 0.08007609362111372 46
1783458082850 0.08933869237993278 47
1783458089412 0.07515590440701037 48
1783458096068 0.07056826835169512 49
1783458102818 0.07775844049219992 50
1783458109469 0.08164312252226998 51
1783458116091 0.07167838097495191 52
1783458122802 0.0669994673454294 53
1783458129370 0.07705673100609406 54
1783458135963 0.08283758294932983 55
1783458142573 0.06779612045662076 56
1783458149228 0.06472166539991603 57
1783458155802 0.0686133275283318 58
