1782332901488 1.7560535335540772 1
1782332906111 1.7465573263168335 2
1782332910427 1.7220866870880127 3
1782332914702 1.6915509653091432 4
1782332919161 1.6735728549957276 5
1782332923573 1.5000572633743285 6
1782332927782 0.8710562252998352 7
1782332932173 0.7920282077789307 8
1782332936579 0.788859806060791 9
1782332940920 0.7829241871833801 10
1782332945303 0.776589457988739 11
1782332949466 0.7743059945106506 12
1782332953818 0.7732483768463134 13
1782332958156 0.7708017325401306 14
1782332962337 0.7684035730361939 15
1782332966760 0.7658710670471192 16
1782332971186 0.764391348361969 17
1782332975701 0.7638121104240417 18
1782332980049 0.7612830352783203 19
1782332984433 0.7591068887710571 20
1782332993944 0.7589388728141785 21
1782332998467 0.7572237396240235 22
1782333004736 0.7532737350463867 23
1782333012807 0.7498248624801636 24
1782333017242 0.7482171726226806 25
1782333021818 0.7445019340515137 26
1782333026281 0.7340545058250427 27
1782333030476 0.7226745629310608 28
1782333034902 0.7182868361473084 29
1782333039337 0.7031683921813965 30
1782333048752 0.6928882336616516 31
1782333053200 0.688433051109314 32
1782333057722 0.6881227922439576 33
1782333062527 0.6864488410949707 34
1782333067171 0.6824721264839172 35
1782333071904 0.6798172664642333 36
1782333076492 0.6800886726379395 37
1782333080880 0.6779749202728271 38
1782333094887 0.6742051124572754 39
1782333099108 0.6724903416633606 40
1782333108651 0.6718877577781677 41
1782333113039 0.6723979759216309 42
1782333117113 0.6696088194847107 43
1782333121500 0.6660649275779724 44
1782333125701 0.6656321215629578 45
1782333129906 0.6648264479637146 46
1782333134097 0.6634712958335877 47
1782333138434 0.6598767018318177 48
1782333148133 0.6590711617469788 49
1782333152584 0.6589370107650757 50
1782333157032 0.6566270112991333 51
1782333161472 0.6533928751945496 52
1782333165909 0.6520208024978638 53
1782333170340 0.6522187471389771 54
1782333174848 0.6498857378959656 55
1782333179151 0.6455269908905029 56
1782333183379 0.6451621127128601 57
1782333187727 0.6445940089225769 58
1782333192287 0.6408604621887207 59
1782333196688 0.636058566570282 60
1782333201230 0.6361870503425598 61
1782333205533 0.6342224144935608 62
1782333209991 0.6328628993034363 63
1782333214341 0.6287438535690307 64
1782333218812 0.6271002411842346 65
1782333223272 0.6265628170967102 66
1782333227712 0.6242533826828003 67
1782333232064 0.618207175731659 68
1782333236552 0.6174435830116272 69
1782333240945 0.6174001812934875 70
1782333245313 0.6137652182579041 71
1782333249827 0.6066725015640259 72
1782333254158 0.6050675249099732 73
1782333265046 0.604568293094635 74
1782333270310 0.5991213250160218 75
1782333274781 0.5981854248046875 76
1782333279119 0.593882372379303 77
1782333283508 0.5925185585021973 78
1782333287911 0.5871402263641358 79
1782333292287 0.5819190239906311 80
1782333296775 0.5807340121269227 81
1782333301298 0.579842119216919 82
1782333305826 0.5772137141227722 83
1782333310158 0.5743127930164337 84
1782333314637 0.5709986197948456 85
1782333319389 0.5689213943481445 86
1782333323898 0.5666867113113403 87
1782333328164 0.5637890100479126 88
1782333332462 0.561140706539154 89
1782333336851 0.5657648324966431 90
1782333341197 0.5618167424201965 91
1782333345421 0.5547690045833588 92
1782333352319 0.5534090721607208 93
1782333356680 0.5515978944301605 94
1782333360984 0.5522262799739838 95
1782333365324 0.5468630361557006 96
1782333369590 0.5450763237476349 97
1782333373964 0.5443555593490601 98
1782333378632 0.5441666948795318 99
1782333382902 0.5384201836585999 100
