1781114512157 1.4252694654464722 1
1781114516720 0.9986343693733215 2
1781114520963 0.8802044010162353 3
1781114525345 0.8324914336204529 4
1781114529415 0.7248944902420044 5
1781114533641 0.6947484683990478 6
1781114537929 0.667987322807312 7
1781114542189 0.6480297899246216 8
1781114546304 0.6378673672676086 9
1781114550393 0.6208323454856872 10
1781114554855 0.5917844438552856 11
1781114559090 0.591234314441681 12
1781114563508 0.6211631798744202 13
1781114567603 0.6391508960723877 14
1781114571891 0.5958110976219178 15
1781114576001 0.5684106850624084 16
1781114580352 0.5324517273902893 17
1781114584907 0.5018231213092804 18
1781114589262 0.48173116326332094 19
1781114593302 0.47717962741851805 20
1781114597680 0.45956220626831057 21
1781114601699 0.44108504891395567 22
1781114606113 0.4264045572280884 23
1781114610240 0.4127906155586243 24
1781114614525 0.39974358677864075 25
1781114618654 0.38983493447303774 26
1781114622667 0.3851422715187073 27
1781114626636 0.38266960144042966 28
1781114631009 0.3724760103225708 29
1781114635106 0.3673248243331909 30
1781114639466 0.3608289611339569 31
1781114643769 0.3558711087703705 32
1781114648149 0.3468433630466461 33
1781114652764 0.34312088012695313 34
1781114657137 0.33913188219070434 35
1781114661447 0.3435216301679611 36
1781114665775 0.33532800316810607 37
1781114670080 0.3276659768819809 38
1781114674396 0.32782540678977967 39
1781114678655 0.32852007150650026 40
1781114682843 0.32413645267486574 41
1781114687253 0.3146118879318237 42
1781114691588 0.3136893606185913 43
1781114695861 0.30348862528800963 44
1781114700247 0.29752050280570985 45
1781114704719 0.29936559200286866 46
1781114709076 0.31239097476005556 47
1781114713416 0.30411156952381135 48
1781114717579 0.2899769657850266 49
1781114721880 0.28621545374393464 50
1781114726165 0.2831446838378906 51
1781114730223 0.2842142879962921 52
1781114734320 0.2786188519001007 53
1781114738528 0.28482391536235807 54
1781114742684 0.28094600677490233 55
1781114747154 0.2713001197576523 56
1781114751139 0.27459208369255067 57
1781114755380 0.2681338429450989 58
1781114759721 0.27072554469108584 59
1781114763996 0.2784653490781784 60
1781114768067 0.26984496653079987 61
1781114771917 0.2627655589580536 62
1781114776066 0.2613434708118439 63
1781114780206 0.2619147580862045 64
1781114784602 0.27200223684310915 65
1781114788880 0.26281221210956573 66
1781114793117 0.260304611325264 67
1781114797327 0.25867892503738404 68
1781114801812 0.2593108332157135 69
1781114805919 0.25642390191555026 70
1781114810123 0.2574144566059113 71
1781114814292 0.2593927663564682 72
1781114818716 0.2603755933046341 73
1781114822938 0.25202725648880003 74
1781114827154 0.25254108488559723 75
1781114831101 0.2505092889070511 76
1781114835375 0.25175121665000916 77
1781114839689 0.25553111374378207 78
1781114844056 0.2606964033842087 79
1781114848361 0.2701220142841339 80
1781114852632 0.25833323240280154 81
1781114857073 0.2542874151468277 82
1781114861042 0.2499832171201706 83
1781114865107 0.2495497238636017 84
1781114869255 0.24754381358623503 85
1781114873370 0.24631848454475402 86
1781114877303 0.24509015917778015 87
1781114881307 0.24538845479488372 88
1781114885355 0.24534085988998414 89
1781114889602 0.24525100827217103 90
1781114893624 0.25952201545238496 91
1781114897698 0.2521939581632614 92
1781114901945 0.24697909295558929 93
1781114906296 0.24641560316085814 94
1781114910432 0.24690821290016174 95
1781114914624 0.2443097984790802 96
1781114918833 0.24393016159534453 97
1781114922985 0.24254499793052672 98
1781114927260 0.24055367469787597 99
1781114931513 0.2438098382949829 100
