1782082011489 1.7049462652206422 1
1782082015994 1.3169261240959167 2
1782082020529 0.6967210721969604 3
1782082025075 0.6068040490150451 4
1782082029738 0.5779641509056092 5
1782082039475 0.5306557703018189 6
1782082043968 0.4789884340763092 7
1782082048478 0.45434521198272704 8
1782082052994 0.4474660074710846 9
1782082057542 0.4438037097454071 10
1782082062081 0.42086231112480166 11
1782082066633 0.407981241941452 12
1782082071189 0.39897858738899233 13
1782082075718 0.3981052768230438 14
1782082080220 0.3834679198265076 15
1782082084748 0.3763853394985199 16
1782082089313 0.37157450675964354 17
1782082093871 0.37450002193450926 18
1782082098388 0.36386303186416624 19
1782082108149 0.3536059653759003 20
1782082112695 0.35023756980896 21
1782082117224 0.3504608654975891 22
1782082121709 0.3450595784187317 23
1782082126233 0.33825888514518737 24
1782082130815 0.3364071953296661 25
1782082135335 0.3370154619216919 26
1782082139834 0.3311072218418121 27
1782082144339 0.3247862857580185 28
1782082148871 0.32187907218933104 29
1782082153395 0.3267972695827484 30
1782082157896 0.3253726363182068 31
1782082162388 0.31683552265167236 32
1782082166887 0.31334779620170594 33
1782082171391 0.3176121300458908 34
1782082175911 0.3177783644199371 35
1782082180396 0.30848304331302645 36
1782082184886 0.30413135528564456 37
1782082189371 0.3101531624794006 38
1782082193844 0.30594764709472655 39
1782082198302 0.2985817790031433 40
1782082202757 0.29397669434547424 41
1782082207223 0.29567166686058044 42
1782082211678 0.2987820452451706 43
1782082216087 0.28977486848831174 44
1782082220574 0.29017919540405274 45
1782082225071 0.3003454691171646 46
1782082229526 0.29562544167041777 47
1782082234069 0.28906834542751314 48
1782082238620 0.284881716966629 49
1782082243148 0.3004030531644821 50
1782082247660 0.2927967101335526 51
