1783457397789 3.013665092402491 1
1783457413659 2.8770283090657203 2
1783457430826 2.7382480769321837 3
1783457446420 2.652468779991413 4
1783457462083 2.626495912157256 5
1783457479714 2.5551290018805144 6
1783457495489 2.419631834687858 7
1783457520352 2.3188293062407395 8
1783457536066 2.285398080431182 9
1783457552689 2.1983727586680444 10
1783457568516 2.04215944635457 11
1783457585042 1.9369253660070485 12
1783457600982 1.90268625473154 13
1783457617295 1.8174073737243126 14
1783457633992 1.677590612707467 15
1783457649361 1.5805492935509518 16
1783457665484 1.5530266843993088 17
1783457682247 1.4894182640930702 18
1783457698203 1.3798938619679417 19
1783457714483 1.3123816375074715 20
1783457730829 1.290865688488401 21
1783457746705 1.2431151044779811 22
1783457762552 1.1724942018245827 23
1783457778285 1.1169314178927192 24
1783457793599 1.1010115393276871 25
1783457808969 1.0685620431242318 26
1783457824614 1.0191709728076541 27
1783457840372 0.9773127210551295 28
1783457856398 0.961478356657357 29
1783457872641 0.9288990045415944 30
1783457888142 0.8736602890080419 31
1783457903794 0.8301759608860674 32
1783457919940 0.8155621372420212 33
1783457935520 0.7954547877969413 34
1783457951321 0.7627803333874407 35
1783457966663 0.7283174765521082 36
1783457981840 0.7155420348562044 37
1783457997103 0.7066081906187123 38
1783458018410 0.6914832160390657 39
1783458033952 0.6606928726722454 40
1783458049729 0.6508168948107752 41
1783458065488 0.6412552471818596 42
1783458081227 0.6320651954617994 43
1783458096790 0.6086434968586626 44
1783458111991 0.6015291810035706 45
1783458128236 0.595446672932855 46
1783458144363 0.5856282217749234 47
1783458160626 0.5719038905768559 48
1783458176645 0.5663299067267056 49
