1782692747813 1.2166257898012798 1
1782692750057 0.99905064702034 2
1782692752321 0.9370226661364237 3
1782692754534 0.9107978343963623 4
1782692756778 0.8782543440659841 5
1782692759008 0.8545313576857249 6
1782692761216 0.8294127980868021 7
1782692763436 0.8096852997938792 8
1782692765704 0.7855531871318817 9
1782692767924 0.7687367101510366 10
1782692770170 0.7490842044353485 11
1782692772428 0.7312658627827963 12
1782692774670 0.7114624977111816 13
1782692776912 0.6936376591523489 14
1782692779111 0.6731090148289999 15
1782692781380 0.6535423298676809 16
1782692783597 0.6375856796900431 17
1782692785802 0.6191714902718862 18
1782692788069 0.6050664782524109 19
1782692790263 0.5842630366484324 20
1782692792485 0.5667649904886881 21
1782692794699 0.5504072705904642 22
1782692796896 0.5371211071809133 23
1782692799128 0.5227028528849283 24
1782692801363 0.5087988376617432 25
1782692803621 0.49649126331011456 26
1782692805842 0.4833329916000366 27
1782692808076 0.4712081402540207 28
1782692810327 0.45734982192516327 29
1782692812549 0.4422004620234172 30
1782692814751 0.43178685506184894 31
1782692816991 0.4182335486014684 32
1782692819243 0.40692221621672314 33
1782692821440 0.3981783340374629 34
1782692823627 0.38302964965502423 35
1782692825859 0.3726466049750646 36
1782692828089 0.3598892440398534 37
1782692830322 0.35089025894800824 38
1782692832525 0.3426588972409566 39
1782692834826 0.333834966023763 40
1782692837081 0.3221242477496465 41
1782692839292 0.32368724544843036 42
1782692841542 0.3190353512763977 43
