1782330060419 1.5919578790664672 1
1782330064608 1.5089558839797974 2
1782330068703 1.4464711713790894 3
1782330072682 1.4146670389175415 4
1782330077069 1.403275227546692 5
1782330081028 1.3747310161590576 6
1782330085333 1.3296960639953612 7
1782330089691 1.3017863512039185 8
1782330093837 1.2927020931243896 9
1782330097924 1.2688864183425903 10
1782330102035 1.2283224868774414 11
1782330106367 1.2002455186843872 12
1782330110442 1.1912319993972778 13
1782330114452 1.1669910192489623 14
1782330118437 1.1256656885147094 15
1782330122604 1.0969996213912965 16
1782330126737 1.0869477701187134 17
1782330130875 1.065295593738556 18
1782330134876 1.023156554698944 19
1782330139276 0.9938833713531494 20
1782330143541 0.9847398710250854 21
1782330147835 0.9636083388328552 22
1782330151904 0.923543791770935 23
1782330156306 0.8960681271553039 24
1782330160586 0.8873923683166504 25
1782330164894 0.8666094708442688 26
1782330169280 0.8277855467796326 27
1782330173741 0.8013178253173828 28
1782330178256 0.7931669378280639 29
1782330182997 0.7757195687294006 30
1782330187244 0.741916229724884 31
1782330191418 0.7141027498245239 32
1782330195476 0.7063601064682007 33
1782330199498 0.691490626335144 34
1782330203713 0.6589968299865723 35
1782330207938 0.634716830253601 36
1782330212191 0.628498797416687 37
1782330216526 0.6206194329261779 38
1782330220729 0.5892997610569001 39
1782330224886 0.5675954556465149 40
1782330228958 0.5587332606315613 41
1782330233325 0.5521239507198333 42
1782330237623 0.5318536198139191 43
1782330241601 0.5099145627021789 44
1782330246038 0.5006443643569947 45
1782330250440 0.4975940096378326 46
1782330254492 0.48152570605278017 47
1782330258678 0.4609895217418671 48
1782330263045 0.45679069876670836 49
1782330267515 0.45271652460098266 50
1782330271739 0.44026332020759584 51
1782330276084 0.42439173221588133 52
1782330280520 0.41842973232269287 53
1782330284855 0.41471366047859193 54
1782330289082 0.41061632871627807 55
1782330293231 0.3966667652130127 56
1782330297424 0.3884783482551575 57
1782330301895 0.3900645399093628 58
1782330306303 0.38764764308929445 59
1782330310969 0.3720994770526886 60
1782330315362 0.3680944657325745 61
1782330319454 0.364086776971817 62
1782330323732 0.3673954474925995 63
1782330328654 0.3520222735404968 64
1782330333462 0.34860547304153444 65
1782330338734 0.3524168598651886 66
1782330343567 0.35371381998062135 67
1782330348053 0.3385616981983185 68
1782330352534 0.3340443742275238 69
1782330357000 0.34106905817985533 70
1782330361766 0.3341969656944275 71
1782330366249 0.3258927929401398 72
1782330370694 0.3216596841812134 73
1782330375259 0.3224358457326889 74
1782330379708 0.32912261366844175 75
1782330384436 0.3176872110366821 76
1782330388850 0.3142698812484741 77
1782330393380 0.3165883433818817 78
1782330398022 0.31915284872055055 79
1782330402582 0.3104168677330017 80
1782330407315 0.3052485352754593 81
1782330411852 0.31624208986759184 82
1782330416569 0.31349209368228914 83
1782330421353 0.30515066742897035 84
1782330426007 0.29832475781440737 85
1782330430443 0.3081328344345093 86
1782330435020 0.3136828088760376 87
