1781903693790 1.4318578182122645 1
1781903714258 1.2976984702623808 2
1781903734679 1.2215294532286816 3
1781903755423 1.1525999399331899 4
1781903775890 1.085661713893597 5
1781903796297 1.0179958496338282 6
1781903816591 0.957333755798829 7
1781903837051 0.8963828575916779 8
1781903857812 0.8361619741488726 9
1781903878555 0.7834513645905715 10
1781903899218 0.7322669182068262 11
1781903919876 0.679689136835245 12
1781903940003 0.6324669886858035 13
1781903960590 0.5901658443304209 14
1781903980838 0.5565889920943823 15
1781904001327 0.524327570047134 16
1781904021605 0.4990150103202233 17
1781904042057 0.4721307059129079 18
1781904062688 0.43603965716484266 19
1781904083058 0.4220737532163278 20
1781904103713 0.40241322685510683 21
1781904124331 0.387136242328546 22
1781904145128 0.3605088423459958 23
1781904166067 0.35460334175672287 24
1781904186542 0.3507665663193434 25
1781904207299 0.3305189005839519 26
1781904227798 0.3114822327326506 27
1781904248240 0.30531839835338104 28
1781904268665 0.30083617109518784 29
1781904289161 0.2845744311045378 30
1781904311684 0.2845477962341064 31
1781904331951 0.2808345227669447 32
1781904352360 0.2763203642307184 33
1781904379140 0.264671775775078 34
