1783495726597 1.2474089159685022 1
1783495733311 1.0692961461403792 2
1783495739872 0.9106101545633054 3
1783495746465 0.7608957956818974 4
1783495753078 0.6161522549741408 5
1783495759410 0.5007005222872192 6
1783495766047 0.3968859922652151 7
1783495772595 0.3302636578971264 8
1783495779318 0.2712801358863419 9
1783495785656 0.23095796067340701 10
1783495792273 0.19778211034980475 11
1783495798773 0.17587989977761811 12
1783495806832 0.16209984965184154 13
1783495813402 0.14437966589249818 14
1783495819935 0.13995196290460288 15
1783495826400 0.13208470537382014 16
1783495832892 0.1214354409306657 17
1783495839477 0.11565861398098516 18
1783495846115 0.10819780914222493 19
1783495852699 0.10297182976615195 20
1783495859365 0.09836087653449938 21
1783495865890 0.09334215463376512 22
1783495872494 0.08879353719599106 23
1783495879080 0.09045433004697163 24
1783495885609 0.08870547805346694 25
1783495892205 0.08250897173203674 26
1783495898753 0.08760374682206734 27
1783495905307 0.08358929350095637 28
1783495911795 0.07759953743102503 29
1783495918453 0.07490578030838686 30
1783495925020 0.07547941278008853 31
1783495931609 0.07429632515299554 32
1783495938135 0.07150635948660326 33
1783495944870 0.07214225025153627 34
1783495951466 0.0698675372290845 35
1783495958119 0.07180460586267359 36
1783495964793 0.0706813718174018 37
1783495971331 0.06650987873766936 38
1783495978080 0.06297094732815144 39
1783495984887 0.06307509315072321 40
1783495991536 0.06271102754216568 41
1783495998279 0.06622598970345422 42
1783496005029 0.06249511468352056 43
1783496011625 0.06775870042688706 44
