1781130957117 1.6585418402202545 1
1781130970986 1.1471475816908336 2
1781130984904 1.0421979597636633 3
1781130999352 1.040312233425322 4
1781131013313 1.0393019668639651 5
1781131027336 1.0389544074497525 6
1781131041896 1.0388014903144231 7
1781131055954 1.0385770778807382 8
1781131070673 1.0383631993853857 9
1781131086288 1.038241463994223 10
1781131101022 1.0380214358132982 11
1781131115260 1.0378595609513541 12
1781131130168 1.0375283388864427 13
1781131145276 1.0372326146988642 14
1781131159620 1.0369261219387962 15
1781131174616 1.0363120994870625 16
1781131189347 1.0351068197734772 17
1781131203015 1.031871653738476 18
1781131218382 1.0126781425778828 19
1781131232056 0.9903966320885552 20
1781131246276 0.9442732476052784 21
1781131259901 0.8652704850075736 22
1781131274068 0.8415562548334636 23
1781131288177 0.8259979363471742 24
1781131301816 0.8059246748212784 25
1781131321306 0.770617855919732 26
1781131335251 0.7450672794902136 27
1781131349118 0.7241922995400807 28
1781131364097 0.7079015279573108 29
1781131377438 0.698750634988149 30
1781131391215 0.6951390996811881 31
1781131406557 0.6879001590940688 32
1781131422020 0.6847501728269789 33
1781131436145 0.6821905156922718 34
1781131450692 0.6736144007198395 35
1781131465226 0.6711141448172312 36
1781131479584 0.6697130316779727 37
1781131493540 0.6687671665161375 38
1781131508428 0.6633447862806774 39
1781131523737 0.6581631804269458 40
1781131538535 0.6588036663948543 41
1781131552716 0.6569390798371936 42
1781131567176 0.6553922475330414 43
1781131581845 0.6523472988416278 44
1781131595803 0.646587920567346 45
1781131609971 0.6444659422314356 46
1781131625044 0.6430048441130017 47
1781131638724 0.6423218307040987 48
1781131652670 0.6401183557888818 49
1781131666566 0.6412177038571191 50
1781131680356 0.6381601842622908 51
1781131695304 0.634001266388666 52
1781131709824 0.6346792266482398 53
1781131725831 0.631202395000155 54
1781131740431 0.6298671478316897 55
1781131754046 0.6274653985386803 56
1781131768366 0.623411806802901 57
1781131782962 0.6225408381885953 58
1781131797160 0.6205171952171932 59
1781131811153 0.6191292537583245 60
1781131825801 0.6169164492970421 61
1781131840842 0.6183769958359855 62
1781131855056 0.6148147275523533 63
1781131868894 0.6157038883557395 64
1781131884083 0.612675184295291 65
1781131897518 0.6122181850766378 66
1781131911669 0.6125622912058755 67
1781131925421 0.6093803899628776 68
1781131939850 0.6103914588216751 69
1781131954111 0.6087375415696038 70
1781131968862 0.6057322148292784 71
1781131983481 0.6085003661730933 72
1781131998260 0.6037888536377559 73
1781132012223 0.6039244333902994 74
1781132027739 0.6013368207310873 75
1781132042746 0.6015734256259979 76
1781132057719 0.6010263372981359 77
1781132071262 0.6006376714933486 78
1781132085292 0.6083538172737001 79
1781132099436 0.5967496236165365 80
1781132112880 0.5949415214478023 81
1781132127302 0.5973564954031081 82
1781132140905 0.5960787009625208 83
1781132155271 0.5947237686505393 84
1781132168853 0.5960881407298739 85
1781132182717 0.5912270782485841 86
1781132196932 0.5914144539643847 87
1781132210690 0.5903466902081929 88
1781132224561 0.5902643430800665 89
1781132238321 0.5896260180170574 90
1781132252524 0.5905050318392496 91
1781132266364 0.5870419688641079 92
1781132280397 0.5857317050298055 93
1781132293870 0.5869920584890578 94
1781132308267 0.58274060109305 95
1781132322455 0.5881113977659316 96
1781132337500 0.5830839588528588 97
1781132351444 0.5795526911341955 98
1781132365316 0.5840884551169381 99
1781132380658 0.5797436000808837 100
