1782668432008 1.2245457371075947 1
1782668433112 0.9993682404359182 2
1782668434221 0.9183405836423238 3
1782668435320 0.8770025571187338 4
1782668436426 0.8436701198418936 5
1782668437545 0.8182825644810995 6
1782668438661 0.8029188911120096 7
1782668439815 0.7775091230869293 8
1782668440935 0.7548055549462637 9
1782668442068 0.7371856470902761 10
1782668443209 0.720909426609675 11
1782668444332 0.7002269327640533 12
1782668445504 0.6899218658606211 13
1782668446596 0.6763552129268646 14
1782668447707 0.6622326374053955 15
1782668448836 0.6445245345433553 16
1782668449995 0.6301188667615255 17
1782668451110 0.615986039241155 18
1782668452240 0.5996336340904236 19
1782668453365 0.5930894017219543 20
1782668454497 0.575545201698939 21
1782668455632 0.5611295104026794 22
1782668456720 0.5505427022775015 23
1782668457830 0.5326286951700846 24
1782668458981 0.531057596206665 25
1782668460070 0.5108386427164078 26
1782668461191 0.4979170809189479 27
1782668462280 0.489780068397522 28
1782668463442 0.47820911308129627 29
1782668464652 0.4714633375406265 30
1782668465782 0.45919399956862134 31
1782668466906 0.44886041680971783 32
1782668468010 0.44120444854100543 33
1782668469131 0.42741360267003375 34
1782668470243 0.42143411934375763 35
1782668471350 0.4029901971419652 36
1782668472519 0.3922724773486455 37
1782668473666 0.38877658049265545 38
1782668474804 0.37665197253227234 39
1782668475973 0.3683459510405858 40
1782668477114 0.36156707008679706 41
1782668478261 0.3532240440448125 42
1782668479416 0.3463308960199356 43
1782668480591 0.3355817397435506 44
1782668481747 0.3281584580739339 45
1782668482891 0.32046744227409363 46
1782668484020 0.3161904861529668 47
1782668485180 0.30923115213712055 48
1782668486349 0.30374813079833984 49
1782668487470 0.3100736637910207 50
1782668488612 0.29255154728889465 51
1782668489779 0.2821687012910843 52
1782668490910 0.2768842975298564 53
1782668492053 0.27174246807893115 54
1782668493192 0.2664801776409149 55
1782668494392 0.25681322067976 56
1782668495488 0.25441958755254745 57
1782668496626 0.24624879658222198 58
1782668497818 0.24317712833484015 59
1782668498983 0.2384404813249906 60
1782668500148 0.23006009062131247 61
1782668501303 0.22339063386122385 62
1782668502464 0.21923167010148367 63
1782668503623 0.2184303179383278 64
