1783495773663 1.6540774583816529 1
1783495774820 1.4255265235900878 2
1783495776016 1.3276724576950074 3
1783495777185 1.2723068237304687 4
1783495778375 1.2217525243759155 5
1783495779514 1.1760113000869752 6
1783495780694 1.1364820718765258 7
1783495781843 1.098747158050537 8
1783495782974 1.0670682907104492 9
1783495784092 1.0361945152282714 10
1783495785244 0.9953696012496949 11
1783495786426 0.9662901997566223 12
1783495787563 0.9406532645225525 13
1783495788760 0.9139866709709168 14
1783495789949 0.8874449968338013 15
1783495791169 0.8706591010093689 16
1783495792362 0.8338664293289184 17
1783495793526 0.8098257541656494 18
1783495794668 0.7812037110328675 19
1783495795856 0.771553122997284 20
1783495797036 0.7416885614395141 21
1783495798212 0.7189490079879761 22
1783495799400 0.6994028568267823 23
1783495800548 0.6757982850074769 24
1783495801682 0.6523715138435364 25
1783495804379 0.6362290263175965 26
1783495807382 0.6146499514579773 27
1783495808553 0.5921994209289551 28
1783495809730 0.5670969963073731 29
1783495810890 0.5479290246963501 30
1783495812071 0.5365394473075866 31
1783495813254 0.511272418498993 32
1783495814435 0.4872762143611908 33
1783495815611 0.47665072679519654 34
1783495816782 0.461607837677002 35
1783495817936 0.446536785364151 36
1783495819110 0.4359971582889557 37
1783495820275 0.4190583467483521 38
1783495821488 0.4028197228908539 39
1783495822615 0.38843490481376647 40
1783495823795 0.37945927381515504 41
1783495824945 0.37179763317108155 42
1783495826082 0.3629936814308167 43
1783495827228 0.3477358937263489 44
1783495828386 0.3430656433105469 45
1783495829535 0.32933676838874815 46
1783495830703 0.3200003206729889 47
1783495831883 0.3099599063396454 48
1783495833032 0.29734995365142824 49
1783495834200 0.2873335599899292 50
1783495835375 0.27906047701835635 51
1783495836519 0.28070937395095824 52
1783495837708 0.27301107048988343 53
1783495838888 0.2661986529827118 54
1783495840054 0.25220672488212587 55
1783495841243 0.24576440155506135 56
1783495842407 0.23955112099647521 57
1783495843570 0.23149464428424835 58
1783495844728 0.22984072864055632 59
