1782668047304 1.3457804368092463 1
1782668049676 1.2277485132217407 2
1782668052090 1.1210916409125695 3
1782668054464 1.059175417973445 4
1782668056859 1.0130186768678517 5
1782668059316 0.9679841857690078 6
1782668061750 0.9329068523186904 7
1782668064165 0.891553140603579 8
1782668066595 0.8615023585466238 9
1782668068995 0.8244462196643536 10
1782668071448 0.793942928314209 11
1782668073848 0.7652879540736859 12
1782668076275 0.7473847774358896 13
1782668078640 0.7192933330169091 14
1782668080955 0.6969794218356793 15
1782668083415 0.6653958421487075 16
1782668085875 0.6475038528442383 17
1782668088305 0.6257340082755456 18
1782668090709 0.6104063987731934 19
1782668093078 0.5964529743561378 20
1782668095523 0.5753409816668584 21
1782668097870 0.5526566642981309 22
1782668100234 0.556953638792038 23
1782668102650 0.5297319957843194 24
1782668105043 0.5096516265318944 25
1782668107453 0.4975843865137834 26
1782668109960 0.4875169809047992 27
1782668112406 0.47555822134017944 28
1782668114942 0.46893057227134705 29
1782668117297 0.4592119799210475 30
1782668119672 0.44999521512251633 31
1782668122100 0.4428394574385423 32
1782668124494 0.4411676457295051 33
1782668126906 0.4297208533837245 34
1782668129345 0.4321661133032579 35
1782668131756 0.41644002153323245 36
1782668134236 0.40766839109934294 37
1782668136681 0.40248003831276524 38
1782668139136 0.3997692305308122 39
1782668141587 0.39296730435811555 40
1782668143989 0.3953221852962787 41
