1782693939957 3.6077722566468373 1
1782693977064 3.3690657871110097 2
1782694011223 3.1696731873920987 3
1782694046348 2.96796281848635 4
1782694081519 2.7527523807116916 5
1782694117648 2.5185860991477966 6
1782694155379 2.281343792166029 7
1782694195292 2.0565180012157986 8
1782694231730 1.8429416162627084 9
1782694268133 1.667029368025916 10
1782694303663 1.5231330267020635 11
1782694339689 1.411878194127764 12
1782694380925 1.3290109123502458 13
1782694421998 1.2641594111919403 14
1782694458461 1.2150960053716386 15
1782694495283 1.1868618045534407 16
1782694533381 1.1528421640396118 17
1782694573185 1.1318827526909965 18
1782694615896 1.1123239866324834 19
1782694656851 1.0938989009175981 20
1782694698152 1.0811530990259988 21
1782694736953 1.062834918498993 22
1782694771925 1.0516839666025979 23
1782694813310 1.0322517795222146 24
1782694852330 1.0202120244503021 25
1782694894162 0.9935880814279828 26
1782694930655 0.9761254042387009 27
1782694971598 0.9591777601412365 28
1782695011320 0.9466429821082524 29
1782695049126 0.9327797442674637 30
1782695086357 0.9162214653832572 31
1782695122042 0.9076870999165944 32
1782695157423 0.8846005116190229 33
1782695198649 0.8750824225800378 34
1782695237208 0.8574849729027066 35
1782695274781 0.848887922508376 36
1782695310257 0.8383171707391739 37
1782695346460 0.8297324393476758 38
1782695384139 0.8208765387535095 39
1782695426461 0.8128570658820016 40
1782695467538 0.8068678677082062 41
1782695512545 0.8006110297782081 42
1782695556563 0.7827808154480798 43
1782695595652 0.7675214665276664 44
1782695637296 0.7611975584711347 45
1782695672000 0.7534991119589124 46
1782695707847 0.7446960913283485 47
1782695748927 0.7435555138758251 48
1782695787163 0.7325598469802311 49
1782695827276 0.7324801193816322 50
1782695867146 0.7294562097106662 51
1782695909486 0.7297669691698891 52
1782695950442 0.7237768854413714 53
1782695984931 0.7166511224848884 54
1782696021418 0.7099795809813908 55
1782696064199 0.7050944268703461 56
