1782693163246 3.7961545416287015 1
1782693197383 3.5875405498913358 2
1782693239512 3.4383138503347124 3
1782693280241 3.2814738920756747 4
1782693325075 3.095048291342599 5
1782693363898 2.891728401184082 6
1782693401250 2.6782036253384183 7
1782693438590 2.4558074304035733 8
1782693475221 2.2370708329336986 9
1782693509726 2.0422368305070058 10
1782693544538 1.8720563905579704 11
1782693582378 1.7008962758949824 12
1782693623372 1.5674634788717543 13
1782693658358 1.48258290546281 14
1782693695353 1.4104089481489999 15
1782693740987 1.359948720250811 16
1782693780784 1.3017912421907698 17
1782693815655 1.2767185611384255 18
1782693851843 1.2563039745603288 19
1782693899139 1.2353582382202148 20
1782693945836 1.2047918396336692 21
1782693985286 1.190356969833374 22
1782694026876 1.1687436529568263 23
1782694068142 1.1617027734007155 24
1782694105330 1.149866725717272 25
1782694147306 1.1364384847027915 26
1782694182819 1.1297159024647303 27
1782694228609 1.1239754600184304 28
1782694263932 1.1166034255708968 29
1782694302553 1.1144145897456579 30
