1779397832964 1.153626579761505 1
1779397884192 0.7027385369539261 2
1779397936828 0.4226685391664505 3
1779397989086 0.38499539345502853 4
1779398039833 0.33413138657808306 5
1779398089247 0.30398356801271437 6
1779398140260 0.2870457931160927 7
1779398190429 0.27340386909246445 8
1779398241704 0.2549921402335167 9
1779398292203 0.2401708008646965 10
1779398343434 0.23680113714933396 11
1779398395410 0.22791346448659897 12
1779398448103 0.22215032678842545 13
1779398500798 0.2175645602941513 14
1779398552498 0.21494204121828078 15
1779398605090 0.2095791733264923 16
1779398657417 0.20802597576379775 17
1779398717833 0.20544969880580902 18
1779398770083 0.20321380111575127 19
1779398824520 0.2029886454939842 20
