1783458145717 1.843561833555048 1
1783458152217 1.5278733183037152 2
1783458158499 1.263990193605423 3
1783458165042 1.1233575371178715 4
1783458171335 1.0807573741132563 5
1783458177870 0.9797587313435294 6
1783458184413 0.8229214982552961 7
1783458190783 0.7167132808403536 8
1783458197080 0.6872952119870619 9
1783458203326 0.6242961057207801 10
1783458209660 0.521050130779093 11
1783458215949 0.45800281993367453 12
1783458222287 0.43916098367084155 13
1783458228505 0.40338497134772217 14
1783458234648 0.34358586167747324 15
1783458241128 0.29521403393962165 16
1783458247501 0.28136049007827585 17
1783458253706 0.2634445523673838 18
1783458260025 0.22853838516907257 19
1783458267022 0.19590342688289555 20
1783458273417 0.18601276725530624 21
1783458279802 0.1822054206647656 22
1783458286015 0.16317282921888612 23
1783458292374 0.14117221635850993 24
1783458298656 0.13515680401839994 25
1783458304936 0.14003895290873267 26
1783458311322 0.13041935065253216 27
1783458317688 0.11168059435757724 28
1783458324234 0.10715773566202684 29
1783458330510 0.11489724706519734 30
1783458336853 0.11171472648328001 31
1783458343163 0.09492383829571983 32
1783458349574 0.09173292277211492 33
1783458356161 0.09607408466664227 34
1783458362514 0.09799788689071481 35
1783458368800 0.08563805744051933 36
1783458374997 0.08111136508258907 37
1783458381372 0.08748971620066599 38
1783458387656 0.08830192143266852 39
1783458394098 0.07697552527216348 40
1783458400379 0.07358782450583848 41
1783458406641 0.07987880689853971 42
1783458413191 0.0809249451214617 43
1783458419596 0.07109403635629198 44
1783458425898 0.06833888090808284 45
1783458432356 0.07568084380843422 46
1783458438856 0.07850171134553173 47
1783458445094 0.06744719982485879 48
1783458451567 0.06457089404152198 49
1783458458041 0.07111393490975554 50
1783458464424 0.0731709845025431 51
1783458470689 0.06339788394556804 52
1783458476974 0.0605981040915305 53
1783458483236 0.0677202989093282 54
1783458489639 0.07070779800415039 55
1783458496069 0.06113881770182739 56
1783458502395 0.058111167258837006 57
1783458508803 0.06444983387535269 58
