1782653842712 2.9181276683149666 1
1782653857682 2.7502781358258477 2
1782653873286 2.5948824142587594 3
1782653888463 2.4255297101777176 4
1782653904194 2.2391334484363425 5
1782653920095 2.039998802645453 6
1782653936354 1.8429689448455284 7
1782653952413 1.6561339353692943 8
1782653968873 1.4870552441169476 9
1782653984705 1.3429179191589355 10
1782654000449 1.229472308323301 11
1782654025144 1.1306248533314671 12
1782654041156 1.0479041749033435 13
1782654056523 0.9881607211869339 14
1782654072648 0.9306056561141178 15
1782654089182 0.8730237093465082 16
1782654104654 0.8251307010650635 17
1782654120447 0.7818564443752684 18
1782654136393 0.7341568757747782 19
1782654152649 0.6980122019504679 20
1782654168152 0.6677655495446304 21
1782654184215 0.6383735866382204 22
1782654199546 0.6146492074275839 23
1782654216854 0.5976355774649258 24
1782654231835 0.5831327047841303 25
1782654247141 0.5699759105156208 26
1782654262932 0.5587429322045425 27
1782654278503 0.5524096016226143 28
1782654293401 0.5442122220993042 29
1782654308784 0.5332939809766309 30
1782654324259 0.5273904327688546 31
1782654340097 0.5207149242532665 32
1782654355864 0.5178849471026453 33
1782654372373 0.5119235032591326 34
1782654387723 0.5057792910214128 35
1782654403211 0.5026269513985206 36
1782654418742 0.4995298313683477 37
1782654434602 0.4962132038741276 38
1782654450521 0.490032022369319 39
1782654465473 0.490153641536318 40
1782654480574 0.48796600103378296 41
1782654495505 0.482535968566763 42
1782654510464 0.48316256033963173 43
1782654525965 0.4784355739067341 44
1782654541099 0.476533776727216 45
1782654555566 0.4732085610258168 46
1782654571138 0.47013045282199467 47
1782654586603 0.47479127912685787 48
1782654602043 0.47329080618661024 49
1782654618040 0.46597494030820913 50
1782654633683 0.46988089947864925 51
1782654649887 0.4663136735044677 52
1782654666505 0.4628314858880536 53
1782654682636 0.46500162934434824 54
1782654697956 0.46366047756425266 55
1782654713400 0.4656676208150798 56
1782654729208 0.46649973659679805 57
1782654744832 0.4602254855221716 58
1782654760090 0.4585043027483184 59
1782654775832 0.45917432472623626 60
