1781346541038 1.4452762508392334 1
1781346544671 1.0341411590576173 2
1781346548364 0.8910409569740295 3
1781346552016 0.8073964047431946 4
1781346555675 0.7244752407073974 5
1781346559268 0.6902981114387512 6
1781346562986 0.671226065158844 7
1781346566591 0.6795284700393677 8
1781346570269 0.6804874539375305 9
1781346574154 0.6440128946304321 10
1781346577757 0.6190425157546997 11
1781346581269 0.5956931519508362 12
1781346584971 0.5869375133514404 13
1781346588553 0.5644260203838348 14
1781346592180 0.5509447133541108 15
1781346595852 0.5230965638160705 16
1781346599425 0.5004799318313599 17
1781346606115 0.4865762579441071 18
1781346609847 0.44497008562088014 19
1781346613461 0.423066703081131 20
1781346616974 0.4183684968948364 21
1781346620596 0.4045326268672943 22
1781346624252 0.3948582696914673 23
1781346628018 0.39112605690956115 24
1781346632008 0.37459755182266236 25
1781346635885 0.37125696420669557 26
1781346639492 0.36149259328842165 27
1781346643129 0.35359584212303163 28
1781346647012 0.35089465856552127 29
1781346650783 0.3529814839363098 30
1781346654634 0.34891446709632873 31
1781346658317 0.3350424385070801 32
1781346662076 0.3353240442276001 33
1781346665737 0.331319317817688 34
1781346669433 0.32423795759677887 35
1781346673116 0.31795224368572234 36
1781346676762 0.3124550199508667 37
1781346680541 0.3128002893924713 38
1781346684302 0.3241530555486679 39
1781346687944 0.3102094906568527 40
1781346691593 0.307602054476738 41
1781346695267 0.30580923199653626 42
1781346698847 0.3027629154920578 43
1781346702618 0.2970295524597168 44
1781346707047 0.30826196491718294 45
1781346711343 0.28990467488765714 46
1781346715162 0.28595324158668517 47
1781346718858 0.28302031099796293 48
1781346722591 0.28466553330421446 49
1781346726330 0.28618212819099426 50
1781346729971 0.2914136737585068 51
1781346733683 0.2776516193151474 52
1781346737286 0.27314438700675964 53
1781346740938 0.27167062640190126 54
1781346744614 0.26978493988513946 55
1781346748270 0.2694405311346054 56
1781346751980 0.2671067637205124 57
1781346755574 0.26652822017669675 58
1781346759325 0.26442348420619965 59
1781346763068 0.2620781296491623 60
1781346766755 0.2617250561714172 61
1781346770377 0.26192248463630674 62
1781346774001 0.2649028408527374 63
1781346777831 0.26388552904129026 64
1781346781488 0.25813043117523193 65
1781346785142 0.2559385174512863 66
1781346788711 0.2601460576057434 67
1781346792268 0.26290139436721804 68
1781346795761 0.26481672406196594 69
1781346799455 0.26042433381080626 70
1781346803067 0.2577975618839264 71
1781346806807 0.2556991535425186 72
1781346810400 0.2543069934844971 73
1781346814034 0.2531575083732605 74
1781346817641 0.25342206001281736 75
1781346821176 0.2507180082798004 76
1781346824743 0.24726171255111695 77
1781346828294 0.248052961230278 78
1781346831913 0.2523614710569382 79
1781346835519 0.25498836278915404 80
1781346839140 0.2496192115545273 81
1781346842900 0.247844717502594 82
1781346846629 0.2575946640968323 83
1781346850316 0.2577188467979431 84
1781346854089 0.24781746327877044 85
1781346857727 0.24906022131443023 86
1781346861466 0.24500850737094879 87
1781346865056 0.24168264508247375 88
1781346873896 0.24213093519210815 89
1781346877513 0.24465487122535706 90
1781346881160 0.24679456949234008 91
1781346884924 0.24519473910331727 92
1781346888541 0.24457286715507506 93
1781346892205 0.24609482944011687 94
1781346895836 0.2488736927509308 95
1781346899484 0.2446663933992386 96
1781346903088 0.2424476796388626 97
1781346906785 0.2412479066848755 98
1781346910434 0.23852249443531037 99
1781346914074 0.23851264774799347 100
