1778209517936 1.555630654335022 1
1778209615558 1.2431855430603027 2
1778209713326 1.0839565496444703 3
1778209811264 0.9962225248813629 4
1778209909268 0.891038590669632 5
1778210007403 0.6119339615106583 6
1778210105560 0.4743230335712433 7
1778210203724 0.4406371512413025 8
1778210301979 0.41600288546085357 9
1778210400383 0.2834005145430565 10
1778210498795 0.21264319920539856 11
1778210597201 0.19990062177181245 12
1778211646944 0.19312935137748719 13
1778213222507 0.19012389543652536 14
1778215232584 0.18605753561854363 15
