1783457520767 1.4729602432250977 1
1783457525103 1.34586678981781 2
1783457529462 1.249345121383667 3
1783457534009 1.2027502346038819 4
1783457538418 1.189843111038208 5
1783457542944 1.1620993947982787 6
1783457547431 1.1169238758087159 7
1783457551898 1.0868895053863525 8
1783457556318 1.078294792175293 9
1783457560716 1.0555477714538575 10
1783457565360 1.01187561750412 11
1783457569806 0.9812105202674866 12
1783457574219 0.9705880618095398 13
1783457578634 0.9478151416778564 14
1783457582979 0.910646984577179 15
1783457587568 0.8777590608596801 16
1783457591954 0.8661259078979492 17
1783457596275 0.8437174868583679 18
1783457600612 0.8053993272781372 19
1783457605021 0.7755049633979797 20
1783457609398 0.7669893336296082 21
1783457613803 0.7452201008796692 22
1783457618221 0.7105889534950256 23
1783457622719 0.6789314794540405 24
1783457627057 0.6684499263763428 25
1783457631362 0.6503433585166931 26
1783457635772 0.6247661423683166 27
1783457640141 0.5904925727844238 28
1783457644418 0.5802759003639221 29
1783457648949 0.5673571979999542 30
1783457653336 0.5456952011585235 31
1783457657672 0.5147455620765686 32
1783457662043 0.5060957694053649 33
1783457666506 0.4913808012008667 34
1783457670855 0.4672721529006958 35
1783457675320 0.45010748505592346 36
1783457679893 0.43909725546836853 37
1783457684266 0.4300913655757904 38
1783457688728 0.4113890624046326 39
1783457693201 0.39467225551605223 40
1783457697518 0.3881107175350189 41
1783457701815 0.38097841024398804 42
1783457706317 0.3679116487503052 43
1783457710712 0.35603050112724305 44
1783457715299 0.35061858415603636 45
