1779384178106 0.8327981845736504 1
1779384226353 0.3742042861878872 2
1779384282642 0.3204264480471611 3
1779384334123 0.2796244131624699 4
1779384383634 0.25569746029376983 5
1779384439446 0.24799636200070382 6
1779384488458 0.23369945189356803 7
1779384538800 0.2265927110016346 8
1779384590841 0.21717975541949272 9
1779384645105 0.217059955149889 10
1779384700121 0.21181440155208112 11
1779384749874 0.20600467745959758 12
1779384799671 0.2053346674591303 13
1779384850436 0.20409176190197467 14
1779384905681 0.1977191713899374 15
1779384955291 0.19919846975803376 16
1779385003252 0.1957277625501156 17
1779385053030 0.19522996297478676 18
1779385104516 0.1944734146744013 19
1779385158051 0.19028463430702686 20
