1783495681277 1.510966796875 1
1783495685690 1.434201593399048 2
1783495690260 1.3718882989883423 3
1783495695726 1.3098946475982667 4
1783495716705 1.2461315393447876 5
1783495721109 1.1828294944763185 6
1783495726048 1.119797534942627 7
1783495731114 1.0549204134941101 8
1783495735638 0.9915883684158325 9
1783495739918 0.9312818002700806 10
1783495744446 0.872569682598114 11
1783495748910 0.8171437001228332 12
1783495753356 0.7563971138000488 13
1783495757822 0.7000394535064697 14
1783495762294 0.6475305271148681 15
1783495766638 0.6031288862228393 16
1783495771147 0.5577676618099212 17
1783495775513 0.521034882068634 18
1783495779871 0.4840157520771027 19
1783495784396 0.4488088631629944 20
1783495788966 0.4225082743167877 21
1783495793264 0.4011306095123291 22
1783495797712 0.3806776225566864 23
1783495802088 0.36041014671325683 24
1783495809223 0.34421142339706423 25
1783495813759 0.33766005992889403 26
1783495818298 0.32651749193668367 27
1783495823046 0.31381117582321166 28
1783495827458 0.3096913194656372 29
1783495831828 0.29932396471500394 30
1783495837282 0.29020430624485016 31
1783495842732 0.28607426702976224 32
1783495847288 0.27863276362419126 33
1783495851755 0.2740456038713455 34
1783495856827 0.2700562858581543 35
