1781116917530 1.6585418402202545 1
1781116932474 1.1471475816908336 2
1781116946565 1.0421979597636633 3
1781116961523 1.040312235317533 4
1781116976072 1.0393019649717543 5
1781116990927 1.0389544093419636 6
1781117005959 1.038801494098845 7
1781117022398 1.0385770759885273 8
1781117038871 1.0383631974931746 9
1781117054724 1.0382414753474887 10
1781117069702 1.0380214414899311 11
1781117084178 1.037859568520198 12
1781117099288 1.0375283407786535 13
1781117113460 1.0372326052378094 14
1781117128573 1.0369261276154291 15
1781117143853 1.0363120219064137 16
1781117158283 1.0351067724682035 17
1781117173182 1.0318711712246849 18
1781117188425 1.0126766808449277 19
1781117202984 0.9903967664355323 20
1781117217923 0.9442750168225121 21
1781117233227 0.8652611043718126 22
1781117249628 0.8415553882008507 23
1781117264627 0.8259731398688422 24
1781117279256 0.805920422077179 25
1781117294466 0.770498241697039 26
1781117310309 0.7453431014030699 27
1781117325558 0.7242616452868023 28
1781117340384 0.7081477500143505 29
1781117354876 0.6985789783417232 30
1781117369958 0.6950895824129619 31
1781117384000 0.6879497870566353 32
1781117399427 0.6843454440434774 33
1781117413702 0.6822206056307233 34
1781117428862 0.6735315644551837 35
1781117443742 0.6710500641474648 36
1781117457559 0.6695201869994875 37
1781117471569 0.6688313181438144 38
1781117486762 0.6635024642187451 39
1781117501284 0.6582309007644653 40
1781117515154 0.6589796694498213 41
1781117529665 0.6570361549892123 42
1781117543803 0.6556969445849222 43
1781117558386 0.6523297476390052 44
1781117571993 0.6466313004493713 45
1781117586279 0.6445335812038846 46
1781117601593 0.6430948745636713 47
1781117615622 0.6423869946646312 48
1781117630023 0.640195107649243 49
1781117644621 0.6413187781969706 50
1781117658435 0.6383435007125612 51
1781117672185 0.6341568827629089 52
1781117686988 0.6348106104230123 53
1781117701715 0.6313169078221397 54
1781117717236 0.629950497831617 55
1781117731912 0.627641705293504 56
1781117746918 0.6235575600275918 57
1781117761550 0.6226697933106196 58
1781117775435 0.6206429610176692 59
1781117789355 0.6192513183941917 60
1781117803837 0.6170113309035226 61
1781117817713 0.6184703206259107 62
1781117832550 0.614867059011308 63
1781117846541 0.6157997657382299 64
1781117861487 0.6127608508344681 65
1781117875914 0.6122805239662291 66
1781117890106 0.6126635973415677 67
1781117905052 0.6094469825426737 68
1781117918174 0.6104024601361108 69
1781117931669 0.608788686139243 70
1781117945509 0.6057995434791322 71
1781117960699 0.6085446249871027 72
1781117974677 0.6038349204593234 73
1781117988649 0.6039556104039389 74
1781118004222 0.6013964745733473 75
1781118024515 0.6016124240935795 76
1781118038991 0.6010597026537335 77
1781118053528 0.6006763071294815 78
1781118068684 0.6084097926578824 79
1781118083370 0.5967664387491014 80
1781118097396 0.5949776011800009 81
1781118111611 0.5973697399336194 82
1781118125932 0.596117352209394 83
1781118140949 0.5947717825571696 84
1781118154950 0.5961449713934035 85
1781118169128 0.5912419500805083 86
1781118183985 0.5914681402463762 87
1781118198863 0.5903892904993088 88
1781118212425 0.5902966610969059 89
1781118226946 0.5896671688745893 90
1781118242544 0.5905174059527261 91
1781118257010 0.5870957303614843 92
1781118271410 0.5857653021812439 93
1781118285929 0.5870046748055352 94
1781118299693 0.5827636359229921 95
1781118313898 0.5881015166403756 96
1781118330814 0.5830717976131137 97
1781118346014 0.5795576033138093 98
1781118360914 0.5840992350426931 99
1781118375631 0.5797789475274464 100
