1782690057984 1.4261008787155152 1
1782690066875 1.2897935247421264 2
1782690075725 1.2252924346923828 3
1782690084764 1.1723857069015502 4
1782690093661 1.1210737323760986 5
1782690102476 1.0735658884048462 6
1782690111291 1.0233915901184083 7
1782690120148 0.9712361574172974 8
1782690129058 0.9168868494033814 9
1782690137961 0.8682615756988525 10
1782690146762 0.8242292261123657 11
1782690155588 0.7768723726272583 12
1782690164480 0.729047086238861 13
1782690173399 0.6841085815429687 14
1782690182262 0.6380709528923034 15
1782690191200 0.598397433757782 16
1782690200042 0.5568777358531952 17
1782690208945 0.5223491525650025 18
1782690217793 0.48708328008651736 19
1782690226515 0.45874844074249266 20
1782690235446 0.4293799078464508 21
1782690244286 0.40352203726768493 22
1782690253204 0.38573297977447507 23
1782690262035 0.36919445991516114 24
1782690270889 0.3559571385383606 25
1782690281712 0.35151551604270936 26
1782690290613 0.3295595973730087 27
1782690299472 0.316103041768074 28
1782690308338 0.3089347553253174 29
1782690317124 0.29926850378513337 30
1782690325947 0.29563156187534334 31
1782690334835 0.29324036598205566 32
1782690343620 0.2922525042295456 33
1782690352581 0.2831956249475479 34
1782690362013 0.27245777666568755 35
1782690370944 0.26683819949626925 36
1782690379758 0.2626385712623596 37
1782690388633 0.2591203761100769 38
1782690397469 0.25938526809215545 39
1782690406373 0.2548701232671738 40
1782690415223 0.25121483743190764 41
1782690424106 0.24772565424442292 42
1782690432909 0.2454954344034195 43
1782690441808 0.24366093277931214 44
1782690450610 0.24503200948238374 45
1782690459457 0.25092885017395017 46
1782690468328 0.24626578330993654 47
1782690477228 0.24122946202754975 48
1782690486040 0.24327354967594148 49
1782690494820 0.24877124190330505 50
1782690503736 0.24521686613559723 51
1782690512601 0.23842252016067506 52
1782690521511 0.23453737616539003 53
1782690530301 0.23377974569797516 54
1782690539150 0.23231273770332336 55
1782690548010 0.228663110435009 56
1782690556831 0.2290335488319397 57
