1781755693678 1.2814064593315124 1
1781755743370 0.9984586358070373 2
1781755793832 0.6568197038173675 3
1781755844859 0.27543110901117324 4
1781755896346 0.20562906008958817 5
1781755959871 0.18793583923578264 6
1781756011793 0.18142209488153457 7
1781756064318 0.17532016909122466 8
1781756115107 0.17337358340620995 9
1781756164274 0.16784221494197846 10
1781756213831 0.1655253087580204 11
1781756265772 0.1633245093524456 12
1781756316183 0.16155259719491005 13
1781756365888 0.1590252276659012 14
1781756417796 0.15911144012212752 15
1781756503992 0.15690643459558487 16
1781756555380 0.15714337596297265 17
1781756605162 0.15729329749941826 18
1781756656502 0.15295378324389458 19
1781756709902 0.15171701022982598 20
1781756758990 0.151478404045105 21
1781756809263 0.15051563411951066 22
1781756860563 0.1480644882917404 23
1781756912886 0.14929089212417604 24
1781756963899 0.1463572092950344 25
1781757017158 0.14547975876927377 26
1781757069763 0.14813256806135178 27
1781757119097 0.14508390712738037 28
1781757173641 0.1451327578127384 29
1781757225508 0.14362933734059333 30
1781757276372 0.1427721160054207 31
1781757328719 0.1455642951130867 32
1781757381755 0.14293225795030595 33
1781757433905 0.14042731489241123 34
1781757484952 0.14250445106625556 35
1781757534362 0.14451730850338937 36
1781757584979 0.1405063971579075 37
1781757636559 0.14205284368991852 38
1781757686896 0.14003391925990583 39
1781757737368 0.14100893047451973 40
1781757788417 0.13962007509171961 41
1781757837828 0.13867302361130715 42
1781757889457 0.13870306691527368 43
1781757939772 0.13835128968954086 44
