1783458247629 2.4923474391301474 1
1783458255849 2.380035469929377 2
1783458266581 2.25932115316391 3
1783458274593 2.1736792425314584 4
1783458282865 2.141570190588633 5
1783458291072 2.0623950958251953 6
1783458299479 1.9367392907540004 7
1783458307403 1.8565623859564464 8
1783458315285 1.8313312828540802 9
1783458323058 1.7630431453386943 10
1783458330855 1.640713021159172 11
1783458338834 1.560405284166336 12
1783458346558 1.53427650531133 13
1783458354470 1.466604416569074 14
1783458362139 1.351489673058192 15
1783458369896 1.2801346331834793 16
1783458377919 1.2562844057877858 17
1783458386001 1.1985840400060017 18
1783458394419 1.1037714779376984 19
1783458402680 1.044102003177007 20
1783458410749 1.0247651189565659 21
1783458418830 0.9798725917935371 22
1783458427213 0.9139920348922411 23
1783458435699 0.8604386324683825 24
1783458443142 0.8433121840159098 25
1783458451237 0.8069886217514673 26
1783458459757 0.7530099228024483 27
1783458468156 0.7084587812423706 28
1783458476525 0.6930339137713114 29
1783458484350 0.6651504064599673 30
1783458492318 0.6174021090070406 31
1783458500333 0.5751164058844248 32
1783458507811 0.562737300992012 33
1783458516227 0.5352926055590311 34
1783458524375 0.490316500266393 35
1783458532239 0.45756391684214276 36
1783458540365 0.4471762279669444 37
1783458548385 0.4258311924835046 38
1783458556288 0.3919893093407154 39
1783458564298 0.362196018298467 40
1783458572382 0.3511391803622246 41
1783458580865 0.3371578169365724 42
1783458588786 0.3200596695144971 43
1783458597323 0.29280682777365047 44
1783458605059 0.28257452013591927 45
1783458613472 0.27167628332972527 46
1783458621395 0.2544189679125945 47
1783458629575 0.23733914705614248 48
1783458638257 0.22974501053492227 49
1783458646155 0.22552800054351488 50
1783458654254 0.21694454612831274 51
1783458662287 0.2031810749322176 52
1783458670611 0.19605159945786 53
1783458678725 0.1932225717852513 54
1783458687097 0.1889275163412094 55
1783458695172 0.17697704335053763 56
1783458703608 0.1715886009236177 57
1783458711682 0.17088700147966543 58
1783458720139 0.18195208224157491 59
1783458728567 0.16701850046714148 60
1783458736693 0.1580528107782205 61
1783458744574 0.1581527025749286 62
1783458752845 0.16526505102713904 63
1783458760721 0.1508608522514502 64
1783458768677 0.14500633937617144 65
1783458776962 0.14549796469509602 66
1783458785263 0.1464464981108904 67
