1779918316486 1.5281147623062135 1
1779918320376 1.031586730480194 2
1779918324272 0.8688300895690918 3
1779918328107 0.8234982347488403 4
1779918332014 0.7970671010017395 5
1779918335855 0.775871684551239 6
1779918339677 0.7579966425895691 7
1779918343396 0.7403640151023865 8
1779918347192 0.7232133984565735 9
1779918350922 0.7066630959510803 10
1779918354677 0.7007994604110718 11
1779918358513 0.6915547037124634 12
1779918362333 0.6715149855613709 13
1779918366096 0.6638518786430359 14
1779918369887 0.6525882124900818 15
1779918373633 0.6396260809898376 16
1779918377397 0.6369593548774719 17
1779918381212 0.6206170511245728 18
1779918385043 0.609086720943451 19
1779918389005 0.6035703325271606 20
1779918392880 0.6015704989433288 21
1779918396638 0.592671377658844 22
1779918400411 0.5838267135620118 23
1779918404219 0.5681092238426209 24
1779918407904 0.560096664428711 25
1779918411674 0.5484461152553558 26
1779918415489 0.5499486970901489 27
1779918419294 0.5362116324901581 28
1779918423109 0.5314482712745666 29
1779918426821 0.5240695142745971 30
1779918430619 0.5171154296398163 31
1779918434419 0.5115443575382232 32
1779918438156 0.5040074443817139 33
1779918441911 0.5004264271259308 34
1779918445654 0.49262660145759585 35
1779918449328 0.48559494137763975 36
1779918453079 0.4781486666202545 37
1779918461939 0.4795492327213287 38
1779918470821 0.47013704538345336 39
1779918474596 0.4642718827724457 40
