1783457323427 1.5556045150756836 1
1783457327969 1.4953885889053344 2
1783457332318 1.4334503269195558 3
1783457336713 1.396439175605774 4
1783457341116 1.3840012407302857 5
1783457345443 1.3540088415145874 6
1783457349776 1.302763867378235 7
1783457354343 1.266581997871399 8
1783457358586 1.255166301727295 9
1783457362974 1.2264184713363648 10
1783457367327 1.1755400753021241 11
1783457371865 1.1383840465545654 12
1783457376241 1.1264116144180298 13
1783457380786 1.0975093173980712 14
1783457385173 1.0460111427307128 15
1783457389396 1.0102111387252808 16
1783457393714 0.9994701719284058 17
1783457398059 0.9719009661674499 18
1783457402642 0.9256253409385681 19
1783457407189 0.888528561592102 20
1783457411614 0.87725341796875 21
1783457416093 0.8515919208526611 22
1783457420542 0.8103343057632446 23
1783457424925 0.7728320217132568 24
1783457429375 0.7612449812889099 25
1783457434054 0.7378916025161744 26
1783457438794 0.6954742741584777 27
1783457443338 0.6634571743011475 28
1783457447924 0.6532468891143799 29
1783457452472 0.6331535053253173 30
1783457457032 0.5984833264350891 31
1783457461453 0.5720332932472229 32
1783457465970 0.5594268321990967 33
1783457470413 0.5419863080978393 34
1783457475032 0.5185311782360077 35
1783457479636 0.49015531182289124 36
1783457484103 0.48044958591461184 37
1783457488591 0.46832741737365724 38
1783457493190 0.45669833540916444 39
1783457497907 0.4337559235095978 40
1783457511323 0.42169076919555665 41
1783457515750 0.4123070478439331 42
