1782339751590 1.7514754343032837 1
1782339756300 1.3516755509376526 2
1782339760647 0.8888636803627015 3
1782339764971 0.8164683747291565 4
1782339769094 0.7874647307395936 5
1782339773457 0.7651773166656494 6
1782339777565 0.7358844947814941 7
1782339781784 0.6889041423797607 8
1782339786077 0.6480518078804016 9
1782339790355 0.6276422810554504 10
1782339794755 0.6095159554481506 11
1782339799130 0.5909956359863281 12
1782339803284 0.565023832321167 13
1782339807573 0.547180688381195 14
1782339811975 0.5329523921012879 15
1782339816433 0.515964378118515 16
1782339820645 0.5059341049194336 17
1782339825041 0.4920658588409424 18
1782339829427 0.4863474118709564 19
1782339833834 0.4813467109203339 20
1782339838349 0.48141493439674377 21
1782339842665 0.46949366688728333 22
1782339846778 0.47228073596954345 23
1782339851035 0.4604486358165741 24
1782339855351 0.4522323644161224 25
1782339859745 0.44776137709617614 26
1782339864031 0.4476181375980377 27
1782339868418 0.449313600063324 28
1782339872922 0.4401247453689575 29
1782339877303 0.4311655902862549 30
1782339881742 0.428643091917038 31
1782339885969 0.4296792197227478 32
1782339890377 0.4262763512134552 33
1782339894679 0.41671195745468137 34
1782339898826 0.42134679436683653 35
1782339903357 0.4109141409397125 36
1782339907793 0.40876216411590577 37
1782339911959 0.40473094940185544 38
1782339916206 0.4100939226150513 39
1782339920449 0.4124372100830078 40
1782339924974 0.3952834618091583 41
1782339929207 0.39561687707901 42
1782339933594 0.3896853983402252 43
1782339938021 0.3889064705371857 44
1782339942424 0.39009790420532225 45
1782339946910 0.3874545133113861 46
1782339951110 0.38000117540359496 47
1782339955651 0.37952208042144775 48
1782339959835 0.37492990732192993 49
1782339964063 0.37670694828033446 50
1782339968493 0.3711916637420654 51
1782339972957 0.37261028051376344 52
1782339977188 0.3688959121704102 53
1782339981390 0.3656895875930786 54
1782339985681 0.3699658238887787 55
1782339990035 0.37149285316467284 56
1782339994471 0.3677144181728363 57
1782339998679 0.3638870668411255 58
1782340003025 0.3635497295856476 59
1782340007547 0.3628188955783844 60
1782340011671 0.3578603619337082 61
1782340015926 0.3542306709289551 62
1782340020145 0.3558958637714386 63
1782340024421 0.35365793347358704 64
1782340028783 0.3555008125305176 65
1782340032971 0.3563646847009659 66
1782340037332 0.34803684055805206 67
1782340041541 0.3506518054008484 68
1782340045923 0.352886426448822 69
1782340050097 0.3529889845848084 70
1782340054356 0.3445758080482483 71
1782340058512 0.3474375867843628 72
1782340062666 0.34572238743305206 73
1782340066829 0.3424194896221161 74
1782340071077 0.3416523516178131 75
1782340075305 0.3374760985374451 76
1782340079558 0.3378220671415329 77
1782340083892 0.33348958134651185 78
1782340088161 0.33527119278907774 79
1782340092542 0.33196568608283994 80
1782340097046 0.33602088928222656 81
1782340101609 0.33571391463279726 82
1782340105827 0.3357067489624023 83
1782340110276 0.3285606497526169 84
1782340114605 0.3306982958316803 85
1782340119032 0.3360986924171448 86
1782340123146 0.3315783941745758 87
1782340127312 0.3282883381843567 88
1782340131583 0.326925288438797 89
