1783012989763 1.6574018716812133 1
1783012990956 1.4931263208389283 2
1783012992110 1.4366453886032104 3
1783012993290 1.388574981689453 4
1783012994475 1.3545172691345215 5
1783012995665 1.3120845794677733 6
1783012996828 1.2783501148223877 7
1783012998120 1.2539599418640137 8
1783012999330 1.2183842182159423 9
1783013000548 1.191813063621521 10
1783013001800 1.161978840827942 11
1783013003097 1.1396981954574585 12
1783013004348 1.1134033203125 13
1783013005557 1.0927441835403442 14
1783013006767 1.0649170398712158 15
1783013007951 1.0358957052230835 16
1783013009204 1.0018819212913512 17
1783013010362 0.9745720744132995 18
1783013011559 0.9499852895736695 19
1783013012782 0.9370787858963012 20
1783013014045 0.9038976907730103 21
1783013015231 0.871524429321289 22
1783013016410 0.8524096608161926 23
1783013017596 0.8285550713539124 24
1783013018747 0.8054011344909668 25
1783013019928 0.7726095199584961 26
1783013021102 0.7629448771476746 27
1783013022269 0.7435422658920288 28
1783013023472 0.7239267468452454 29
1783013024723 0.7082126021385193 30
1783013025931 0.6872614860534668 31
1783013027142 0.6629223465919495 32
1783013028308 0.6447487235069275 33
1783013029520 0.6178223371505738 34
1783013030733 0.6084932327270508 35
1783013031919 0.5863682270050049 36
1783013033128 0.5609927773475647 37
1783013034298 0.5419639706611633 38
1783013035493 0.5362664818763733 39
1783013036731 0.5195079922676087 40
1783013037926 0.4921920657157898 41
1783013039162 0.4971931159496307 42
1783013040378 0.4689186155796051 43
1783013041608 0.4650501787662506 44
1783013042815 0.44288689494132993 45
1783013044114 0.4285948991775513 46
1783013045318 0.41310359835624694 47
1783013046512 0.3983135461807251 48
1783013047710 0.3815771579742432 49
1783013048874 0.3702774703502655 50
1783013050075 0.36211100220680237 51
1783013051281 0.3514141023159027 52
1783013052460 0.3769251585006714 53
1783013053658 0.38353917598724363 54
1783013054855 0.3760428488254547 55
1783013056056 0.3652161717414856 56
1783013057247 0.34757142663002016 57
1783013058438 0.3276011884212494 58
1783013059589 0.31482691168785093 59
1783013060791 0.30955777168273924 60
1783013061996 0.3029960572719574 61
1783013063190 0.2994411051273346 62
1783013064379 0.27816992402076723 63
1783013065548 0.265871661901474 64
1783013066932 0.2587702959775925 65
1783013068881 0.2538794070482254 66
1783013070084 0.25164656341075897 67
1783013071303 0.23802750706672668 68
1783013072516 0.23266443908214568 69
1783013073719 0.2318297654390335 70
1783013074910 0.22128110527992248 71
1783013076091 0.21567018032073976 72
1783013077286 0.20858470499515533 73
1783013078455 0.2047709345817566 74
1783013079646 0.20897469222545623 75
1783013080815 0.20192746818065643 76
1783013082013 0.19374558627605437 77
1783013083212 0.19896697998046875 78
1783013084411 0.1898662805557251 79
1783013085619 0.1964083194732666 80
1783013086822 0.1939386248588562 81
1783013087995 0.19317569732666015 82
1783013089186 0.18130161464214326 83
1783013090373 0.1846187651157379 84
1783013091566 0.19135795533657074 85
1783013092754 0.18914404213428498 86
1783013093984 0.1938019424676895 87
1783013095160 0.17693350613117217 88
1783013096329 0.17392274737358093 89
1783013097476 0.17287209630012512 90
1783013098658 0.18149541616439818 91
1783013099829 0.16767659783363342 92
1783013101066 0.16087250113487245 93
1783013102292 0.15506476163864136 94
1783013103482 0.1605999380350113 95
1783013104678 0.15724291205406188 96
