1783009013318 2.103243738412857 1
1783009021217 1.9496046404043834 2
1783009029051 1.8429856548706691 3
1783009036547 1.7316027233997981 4
1783009044383 1.607925275961558 5
1783009052679 1.4863526622454326 6
1783009060221 1.370570148030917 7
1783009067798 1.2555536379416783 8
1783009075378 1.1500221143166225 9
1783009083267 1.0532219782471657 10
1783009091006 0.965949314335982 11
1783009098444 0.8890543133020401 12
1783009106103 0.8125979602336884 13
1783009114559 0.748839981853962 14
1783009122798 0.6875445072849592 15
1783009130364 0.6296490555008253 16
1783009138453 0.5702319021026293 17
1783009146039 0.5185700096189976 18
1783009153703 0.4747473324338595 19
1783009161697 0.43100375930468243 20
1783009169123 0.39806224529941875 21
1783009176708 0.36357496057947475 22
1783009184227 0.3341739388803641 23
1783009191819 0.3088032032052676 24
1783009199209 0.2787107074012359 25
1783009207118 0.25459644633034867 26
1783009215241 0.2376550187667211 27
1783009223226 0.2279923353344202 28
1783009231414 0.21245142817497253 29
1783009240076 0.20471658743917942 30
1783009248924 0.19507763596872488 31
1783009256830 0.18481166660785675 32
1783009264815 0.1740243515620629 33
1783009272177 0.16991475286583105 34
1783009280516 0.1654800996184349 35
1783009288362 0.16334116955598196 36
1783009296276 0.16127489631374678 37
1783009303863 0.15615595752994219 38
1783009311943 0.15419878096630177 39
1783009319427 0.14561500741789737 40
1783009328395 0.14168223831802607 41
1783009336852 0.14080611864725748 42
1783009345100 0.1376914226760467 43
1783009353135 0.13638781321545443 44
1783009360738 0.1321421886483828 45
1783009368740 0.13448472817738852 46
1783009376808 0.12805219584455094 47
1783009385118 0.12395220374067624 48
1783009392412 0.12364626800020535 49
1783009399824 0.12585983953128257 50
1783009408309 0.1254804590716958 51
1783009415833 0.12573519255965948 52
1783009423989 0.12024382781237364 53
1783009431598 0.1190004243204991 54
1783009439597 0.12176004517823458 55
1783009447501 0.12068582947055499 56
1783009455055 0.11598598398268223 57
1783009463152 0.11348821005473535 58
1783009472415 0.11224752633521955 59
1783009480391 0.11212366167455912 60
1783009488664 0.11295290850102901 61
1783009496734 0.11157321495314439 62
1783009504473 0.10958563908934593 63
1783009512302 0.10899482388049364 64
1783009520001 0.10633394587785006 65
1783009527933 0.10784948710352182 66
1783009536161 0.1080247052013874 67
1783009543621 0.10757547710090876 68
1783009551536 0.10666011925786734 69
1783009559417 0.1038948909069101 70
1783009567774 0.10415192569295566 71
1783009576151 0.10416497103869915 72
1783009583685 0.10420436101655166 73
1783009591987 0.10255743004381657 74
1783009600360 0.10184201629211505 75
1783009608845 0.1021890544022123 76
1783009616822 0.09882584121078253 77
1783009625256 0.0996929785857598 78
1783009632534 0.10013779376943906 79
1783009639973 0.10096658517916997 80
1783009647533 0.10263423000772794 81
1783009655697 0.10044455248862505 82
1783009663332 0.09738207484285037 83
