1782603116827 1.1499352127897973 1
1782603122782 0.9161749786021662 2
1782603128695 0.7691498784457936 3
1782603134610 0.632411285942676 4
1782603140571 0.5118968381601221 5
1782603146556 0.41295306998140674 6
1782603152542 0.3426983654499054 7
1782603158371 0.28503019348079084 8
1782603164387 0.24854994053934135 9
1782603170550 0.2099404954442791 10
1782603176500 0.1858108312475915 11
1782603182531 0.16580596449328402 12
1782603188864 0.15417779251640917 13
1782603194881 0.1433784976309421 14
1782603200892 0.1277801055534213 15
1782603206946 0.12489412944106494 16
1782603212836 0.12484181935296339 17
1782603218724 0.11978298674027126 18
1782603224605 0.11236208633464925 19
1782603230482 0.10735848312284432 20
1782603236254 0.10620790500851239 21
1782603242067 0.0988061582925273 22
1782603247857 0.09756146225274778 23
1782603253773 0.10476742056654949 24
1782603259842 0.09174768553645003 25
1782603265854 0.08868891249100368 26
1782603271782 0.08289385470105153 27
1782603277822 0.08557309137255538 28
1782603284545 0.08331613315671098 29
1782603290647 0.08039356753522274 30
1782603296656 0.0898333377405709 31
1782603302631 0.0811295865797529 32
1782603308638 0.07883074302591529 33
