1782679039794 1.2867437799771626 1
1782679040974 1.096638520558675 2
1782679042215 0.9731984635194143 3
1782679043409 0.9349986612796783 4
1782679044556 0.9104445477326711 5
1782679045731 0.8855171302954356 6
1782679046909 0.8570716579755148 7
1782679048073 0.836488296588262 8
1782679049238 0.8171163101991018 9
1782679050404 0.7988986174265543 10
1782679051629 0.783528208732605 11
1782679052800 0.7612265249093374 12
1782679053965 0.745767613252004 13
1782679055134 0.719621350367864 14
1782679056320 0.7024709184964498 15
1782679057492 0.684589276711146 16
1782679058682 0.6679849525292715 17
1782679059860 0.6544593175252279 18
1782679061032 0.6369856595993042 19
1782679062286 0.6202943623065948 20
1782679063475 0.600592573483785 21
1782679064668 0.5858370363712311 22
1782679065829 0.5731881260871887 23
1782679067026 0.5577283501625061 24
1782679068191 0.5399449169635773 25
1782679069328 0.5291484793027242 26
1782679070499 0.5148070305585861 27
1782679071648 0.49925581614176434 28
1782679072796 0.48687587678432465 29
1782679074013 0.4724707206090291 30
1782679075157 0.457968274752299 31
1782679076346 0.44699810942014057 32
1782679077546 0.4394477754831314 33
1782679078704 0.424693097670873 34
1782679079878 0.41628268361091614 35
1782679081096 0.414470096429189 36
1782679082243 0.4000226904948552 37
1782679083409 0.38643990457057953 38
1782679084594 0.3792772392431895 39
1782679085725 0.376011128226916 40
1782679086900 0.3749448408683141 41
