1783457409322 1.728184175491333 1
1783457410597 1.556589961051941 2
1783457411821 1.4464807510375977 3
1783457413033 1.3854031801223754 4
1783457414226 1.3696062564849854 5
1783457415412 1.3403365850448608 6
1783457416602 1.3072974681854248 7
1783457417802 1.2781585931777955 8
1783457419024 1.263785719871521 9
1783457420237 1.246453619003296 10
1783457421434 1.2216293811798096 11
1783457422625 1.1964566230773925 12
1783457423809 1.1883886814117433 13
1783457424976 1.175111222267151 14
1783457426179 1.1451210021972655 15
1783457427395 1.1323433637619018 16
1783457428627 1.113827681541443 17
1783457429828 1.1044157981872558 18
1783457430991 1.0832669734954834 19
1783457432183 1.0641738414764403 20
1783457433392 1.0526423454284668 21
1783457434603 1.0436529159545898 22
1783457435821 1.0192597150802611 23
1783457437026 1.0032644033432008 24
1783457438242 0.9948800921440124 25
1783457439437 0.9906900882720947 26
1783457440617 0.9687177777290344 27
1783457441825 0.9561778903007507 28
1783457443041 0.9443637132644653 29
1783457444264 0.9359614610671997 30
1783457445467 0.9141767621040344 31
1783457446682 0.9010782122612 32
1783457447856 0.894923460483551 33
1783457449040 0.889186441898346 34
1783457450246 0.8717364192008972 35
1783457451441 0.8550442934036255 36
1783457452603 0.8444119572639466 37
1783457453855 0.8361093163490295 38
1783457455083 0.8242554545402527 39
1783457456294 0.8036683201789856 40
1783457457523 0.797756290435791 41
1783457458705 0.7962448954582214 42
1783457459872 0.7833251476287841 43
1783457461079 0.766655445098877 44
1783457462293 0.7541532397270203 45
1783457463487 0.7463060855865479 46
1783457464688 0.7364521861076355 47
1783457465896 0.7165679574012757 48
1783457467153 0.7137762665748596 49
1783457468359 0.7140454173088073 50
1783457469581 0.7018486618995666 51
1783457470790 0.6812250733375549 52
1783457471970 0.6760626673698426 53
1783457473153 0.6802322745323182 54
1783457474339 0.6961919069290161 55
1783457475558 0.6659424901008606 56
1783457476785 0.6531096935272217 57
1783457477982 0.6529782056808472 58
1783457479138 0.6375715851783752 59
1783457480346 0.6247013330459594 60
1783457481550 0.6132504940032959 61
1783457482757 0.6181674242019654 62
