1782336409061 1.3374543523788451 1
1782336413559 0.7396775794029236 2
1782336418235 0.5743289995193481 3
1782336422965 0.5218249535560608 4
1782336427538 0.48339869499206545 5
1782336432176 0.45850327491760257 6
1782336436734 0.4367625403404236 7
1782336441428 0.41579206943511965 8
1782336445852 0.39985283732414245 9
1782336450349 0.38545935273170473 10
1782336454865 0.38424054384231565 11
1782336459555 0.36318201184272764 12
1782336463974 0.35346152186393737 13
1782336468504 0.34514040052890776 14
1782336472984 0.3468218719959259 15
1782336477563 0.33883667171001436 16
1782336482125 0.33165175795555113 17
1782336486735 0.3213179385662079 18
1782336491387 0.32433969736099244 19
1782336495895 0.31676228940486906 20
1782336500619 0.3201119530200958 21
1782336505494 0.31598969161510465 22
1782336509870 0.3105749487876892 23
1782336514378 0.30878688156604767 24
1782336518881 0.3031143319606781 25
1782336523322 0.3018529212474823 26
1782336527676 0.31001310467720034 27
1782336532203 0.2955355441570282 28
1782336536506 0.29371824324131013 29
1782336540825 0.293910351395607 30
1782336545149 0.2911909109354019 31
1782336549603 0.2848833608627319 32
1782336554194 0.287468758225441 33
1782336558682 0.2857184511423111 34
1782336563049 0.27996336460113525 35
1782336567453 0.28274535000324247 36
1782336572048 0.27622198820114136 37
1782336576512 0.27626683831214904 38
1782336580992 0.2825132024288177 39
1782336585413 0.28875714719295503 40
1782336589918 0.27390140056610107 41
1782336594293 0.27540248990058896 42
1782336598799 0.2686433744430542 43
1782336604206 0.2681171667575836 44
1782336610412 0.2720758867263794 45
1782336616444 0.2682879602909088 46
1782336620934 0.26518084228038785 47
