1779982413056 1.475043069232594 1
1779982444584 1.4416480389508335 2
1779982476164 1.2764294689351863 3
1779982508938 1.101733847097917 4
1779982540461 1.0928042043339123 5
1779982571944 1.0908347801728682 6
1779982603550 1.0903562957590276 7
1779982635346 1.0904497016559949 8
1779982666833 1.089790333401073 9
1779982698467 1.0894078883257778 10
1779982730043 1.0895080783150413 11
1779982761430 1.090089732950384 12
1779982792882 1.0893656448884443 13
1779982826047 1.08944524418224 14
1779982858718 1.0898366516286677 15
1779982890708 1.089176362211054 16
1779982922347 1.08888549154455 17
1779982954296 1.0890706777572632 18
1779982986506 1.0881624763662165 19
1779983017908 1.0874870365316218 20
1779983049482 1.0866467410867864 21
