1783008133912 1.2402565662677472 1
1783008136193 1.132866410108713 2
1783008138550 1.0782588995420015 3
1783008140865 1.02292806827105 4
1783008143167 0.9766965508460999 5
1783008145528 0.9305839538574219 6
1783008147865 0.8895896581503061 7
1783008150258 0.8540983016674335 8
1783008152590 0.8204932396228497 9
1783008154928 0.7823550059245183 10
1783008157186 0.7587713140707749 11
1783008159500 0.728243690270644 12
1783008161899 0.7027028294710013 13
1783008164143 0.6726792317170364 14
1783008166498 0.6530088323813218 15
1783008168803 0.6281889356099642 16
1783008171076 0.6105057138663071 17
1783008173447 0.5893780176456158 18
1783008175744 0.5732689408155588 19
1783008178070 0.553159223153041 20
1783008180381 0.5362484546808096 21
1783008182987 0.5192712545394897 22
1783008185324 0.5058414615117587 23
1783008187661 0.48815780878067017 24
1783008189965 0.4708749308035924 25
1783008192300 0.45607335750873274 26
1783008194613 0.4509691848204686 27
1783008197002 0.44377095424211943 28
1783008199289 0.44930583238601685 29
1783008201640 0.4284978531874143 30
1783008203948 0.4153447632606213 31
1783008206291 0.4001841934827658 32
1783008208670 0.39049724432138294 33
1783008211099 0.38343159739787763 34
1783008213427 0.38303406880452084 35
1783008215828 0.37781429978517383 36
1783008218222 0.3841922925068782 37
1783008220555 0.3708335275833423 38
1783008222861 0.356598083789532 39
1783008225273 0.3484650964920337 40
1783008227577 0.33845929916088396 41
1783008229933 0.33766414798223054 42
1783008232246 0.3246658261005695 43
1783008234662 0.32695891765447765 44
1783008237056 0.3185731310110826 45
1783008239345 0.31983710252321684 46
1783008241678 0.31910879107622 47
1783008243970 0.323664678977086 48
1783008246263 0.3209037711987129 49
1783008248542 0.31123624512782466 50
1783008250970 0.3179538937715384 51
1783008253276 0.3164672095042009 52
1783008255582 0.308575112086076 53
1783008257819 0.30637325231845564 54
1783008260204 0.31529866044337934 55
1783008262565 0.3123082610277029 56
1783008264838 0.2996094891658196 57
1783008267104 0.29425495862960815 58
1783008269456 0.28898189732661617 59
1783008271781 0.28427075422727144 60
1783008274147 0.2803786259431105 61
