1782223965410 1.6821448612213135 1
1782223969499 0.9980380487442017 2
1782223973524 0.698402247428894 3
1782223977664 0.6369821333885193 4
1782223981789 0.6221456551551818 5
1782223985747 0.577900903224945 6
1782223989830 0.5303032600879669 7
1782223993698 0.49820464849472046 8
1782223997904 0.48872634649276736 9
1782224002010 0.4745333015918732 10
1782224006145 0.44928688168525693 11
1782224010140 0.42868223071098327 12
1782224014337 0.42549883246421816 13
1782224018677 0.4227650260925293 14
1782224023301 0.407564218044281 15
1782224027686 0.3870540642738342 16
1782224031892 0.38396822214126586 17
1782224036093 0.3812416458129883 18
1782224040344 0.37156551361083984 19
1782224044480 0.3619556653499603 20
1782224048755 0.3561331057548523 21
1782224052974 0.35376779079437254 22
1782224057218 0.35058592557907103 23
1782224061420 0.33802726566791536 24
1782224065666 0.3326387917995453 25
1782224069917 0.3357285189628601 26
1782224074190 0.3332455360889435 27
1782224078249 0.3215568196773529 28
1782224082478 0.32159382820129395 29
1782224086736 0.3170486676692963 30
1782224090695 0.3217721176147461 31
1782224094863 0.31039831042289734 32
1782224098837 0.3057356858253479 33
1782224103056 0.3155766022205353 34
1782224107000 0.31841069638729097 35
1782224111086 0.3030951875448227 36
1782224115153 0.29957580208778384 37
1782224119066 0.30353720128536227 38
1782224123135 0.3042664521932602 39
1782224127360 0.293063313961029 40
1782224131641 0.2941260951757431 41
1782224141563 0.2976194590330124 42
1782224145792 0.2947255158424377 43
1782224149729 0.2879093533754349 44
1782224153763 0.2839226120710373 45
1782224157618 0.28598849058151243 46
1782224161578 0.2892840170860291 47
1782224165668 0.28477144479751587 48
1782224169489 0.28157992243766783 49
1782224173392 0.28179227948188784 50
1782224177511 0.28453035056591036 51
1782224181741 0.276646603345871 52
1782224185816 0.27397681295871734 53
1782224189970 0.28072343587875365 54
1782224193965 0.2848166674375534 55
1782224198606 0.27401780724525454 56
1782224203047 0.27468384146690367 57
1782224207059 0.2751221925020218 58
1782224211251 0.2756254529953003 59
