1781190555089 1.282648896414136 1
1781190569628 1.0327777654405623 2
1781190584416 1.016191856255607 3
1781190600104 0.9846045251876588 4
1781190616840 0.8755577963496012 5
1781190633511 1.180842828182947 6
1781190649348 0.9223805893035162 7
1781190664983 0.8961251207760402 8
1781190679709 0.7271203474392967 9
1781190694075 0.578616426104591 10
1781190709264 0.5279377003510793 11
1781190724517 0.4970858589051262 12
1781190739347 0.4844400632002997 13
1781190754404 0.4519803684855264 14
1781190769653 0.43124848651507547 15
1781190784772 0.4120946588024261 16
1781190799521 0.3892647624015808 17
1781190814158 0.38050464670809486 18
1781190829335 0.3838988414832524 19
1781190844493 0.34722952142594354 20
1781190860163 0.3457403630018234 21
1781190875225 0.3246347816690566 22
1781190890250 0.3250900409997456 23
1781190907097 0.3106308167889005 24
1781190922079 0.309133976224869 25
1781190937407 0.30843405780338107 26
1781190952426 0.3095305174116104 27
1781190967704 0.29095561352987137 28
1781190983028 0.31007327636082965 29
1781190997691 0.2905071633202689 30
1781191012423 0.3395601809024811 31
1781191028430 0.3035430111109264 32
1781191043920 0.27441196734943085 33
1781191059432 0.2770621632299726 34
1781191074660 0.26563671231269836 35
1781191090109 0.25840192016155 36
1781191105351 0.25759576852359467 37
1781191120704 0.25452271411343225 38
1781191137141 0.24787154817391957 39
1781191152037 0.25929245967713616 40
1781191166897 0.23975797919999986 41
1781191182258 0.23588273827991788 42
1781191204874 0.23875768671906183 43
1781191220373 0.2461166660937052 44
1781191235004 0.2396837111030306 45
1781191250582 0.23399456531282456 46
1781191265841 0.22874615849956634 47
1781191281385 0.22568447805113262 48
1781191296447 0.22597567335007682 49
1781191313197 0.22084607231238532 50
1781191328420 0.21987979752676828 51
1781191344284 0.21874552362021946 52
1781191360002 0.22714741031328836 53
1781191375218 0.21994420200113265 54
1781191390762 0.21904145630579147 55
1781191407288 0.21327493942919232 56
1781191423203 0.21150914827982584 57
1781191438462 0.21512674315581246 58
1781191454315 0.210175411805274 59
1781191469036 0.20882881113461085 60
1781191482866 0.2087449204354059 61
1781191498434 0.21452463453724271 62
1781191514396 0.2155367299204781 63
1781191529676 0.2059528021112321 64
1781191543760 0.20208447793173412 65
1781191558294 0.22475298245747885 66
1781191572746 0.21922262533316536 67
1781191587271 0.21318588677852873 68
1781191602366 0.20483331311316716 69
1781191618387 0.20618076220391288 70
1781191633600 0.19590974871128325 71
1781191649045 0.20533238919008345 72
1781191664298 0.20790454047539877 73
1781191679099 0.20670364962683785 74
1781191694024 0.19861283212427108 75
1781191709209 0.1974867516093784 76
1781191723643 0.19439828987159427 77
1781191738163 0.19576725292773473 78
1781191753048 0.1933618232844368 79
1781191769067 0.19065027955978636 80
1781191784202 0.19209272520882742 81
1781191798693 0.19112503185631738 82
1781191815074 0.19069127088028287 83
1781191831133 0.197064560793695 84
1781191847296 0.19366035456695255 85
1781191861604 0.19409607800226364 86
1781191876838 0.1901852156198214 87
1781191892162 0.1901225590753177 88
1781191907706 0.20251875051430293 89
1781191923378 0.18779712986378444 90
1781191939239 0.18525272158403244 91
1781191955023 0.18083271088581238 92
1781191970921 0.18360304749674267 93
1781191985557 0.1805638163572266 94
1781191999791 0.18532716305482955 95
1781192015503 0.1991994288705644 96
1781192030483 0.1859692254709819 97
1781192047166 0.18503818932979826 98
1781192063053 0.18255198995272318 99
1781192085396 0.18125283091314257 100
