1782646714748 2.708555525746839 1
1782646730013 2.5224244923427186 2
1782646745681 2.3574137934323014 3
1782646760793 2.1821654089565934 4
1782646776707 2.000686530409188 5
1782646791563 1.8164487255030666 6
1782646806797 1.6385442881748593 7
1782646822128 1.4732000170082882 8
1782646837238 1.3241331988367542 9
1782646852738 1.204609986009269 10
1782646869066 1.1085618857679695 11
1782646885049 1.032387297728966 12
1782646902267 0.9680569870718594 13
1782646917658 0.9123768107644443 14
1782646933158 0.8741174545781366 15
1782646949292 0.8418604916539686 16
1782646964720 0.8115047031435473 17
1782646979620 0.7955720938485245 18
1782646995509 0.7763564751066011 19
1782647010423 0.7568540162053602 20
1782647027268 0.7423666797835251 21
1782647042785 0.7318107218577944 22
1782647057942 0.722601173252895 23
1782647073550 0.7168043769639114 24
1782647088731 0.7057510182775301 25
1782647104279 0.6988516162181723 26
1782647120234 0.6907724943654291 27
1782647135585 0.6871256828308105 28
1782647151308 0.6778243882902737 29
1782647166356 0.6675349453399921 30
1782647181824 0.6417399768171639 31
1782647198144 0.6216501799123041 32
1782647213425 0.597729582211067 33
1782647229119 0.5833141844848106 34
1782647244526 0.5733625498311273 35
1782647260025 0.5624562604673977 36
1782647275575 0.5517952750469076 37
1782647290356 0.5366631509928868 38
1782647306529 0.5225812032304961 39
1782647322544 0.5116976540664147 40
1782647337626 0.5099310597469067 41
1782647353786 0.5029114823916863 42
1782647368725 0.5009812712669373 43
1782647384224 0.4956483912879023 44
1782647399433 0.49153674265434 45
1782647414922 0.49065580655788554 46
1782647430516 0.4876444524732129 47
1782647446680 0.4881638637904463 48
1782647461734 0.482857339341065 49
1782647477948 0.4762474175157218 50
1782647493933 0.48010439297248575 51
1782647509622 0.47577420082585564 52
1782647524940 0.471699687941321 53
1782647540915 0.467752598482987 54
1782647556928 0.4699210411515729 55
1782647573156 0.4664868691871906 56
1782647588581 0.46438389297189386 57
1782647603573 0.4630829301373712 58
1782647619628 0.46577591731630524 59
1782647635504 0.4634454394208974 60
1782647650965 0.4630818695857607 61
1782647666000 0.4645236895002168 62
1782647688365 0.46081671118736267 63
1782647705273 0.4604680199047615 64
1782647721151 0.4562589300089869 65
1782647736629 0.45769973150615034 66
1782647751818 0.4575667329903307 67
1782647767076 0.45388729716169424 68
1782647782183 0.45442263011274664 69
1782647797751 0.4523556386602336 70
1782647813029 0.4508582620785154 71
1782647829355 0.4525518437911724 72
1782647845229 0.45020807817064484 73
1782647860856 0.4488512400923104 74
1782647875565 0.44914862616308804 75
1782647890768 0.44916287167318936 76
1782647906704 0.44872255366424035 77
1782647922844 0.45045256820218316 78
1782647938167 0.4499574827736822 79
1782647953045 0.44967753928283166 80
1782647968791 0.44857907089693794 81
1782647984463 0.4464061876823162 82
1782648000679 0.4448224336936556 83
1782648016859 0.4477130554873368 84
1782648033319 0.4470157376651106 85
1782648049057 0.4465774020244335 86
1782648064581 0.4462983402712592 87
1782648079527 0.4456126155524418 88
