1782602182703 1.5162739902734756 1
1782602184214 1.422334760427475 2
1782602185666 1.3651983141899109 3
1782602187167 1.3293827921152115 4
1782602188606 1.3098877966403961 5
1782602190096 1.288369506597519 6
1782602191572 1.2577557861804962 7
1782602193171 1.228771984577179 8
1782602194701 1.2111779898405075 9
1782602196178 1.1793179512023926 10
1782602197704 1.1668219864368439 11
1782602199171 1.1362470090389252 12
1782602200616 1.1176728755235672 13
1782602202123 1.108831837773323 14
1782602203673 1.0696005523204803 15
1782602205119 1.051738828420639 16
1782602206547 1.0310057625174522 17
1782602208010 1.0017497465014458 18
1782602209445 0.979619562625885 19
1782602210912 0.9513037130236626 20
1782602212380 0.9385809525847435 21
1782602213887 0.9179699346423149 22
1782602215371 0.8898191601037979 23
1782602216805 0.8662328347563744 24
1782602218339 0.8569211289286613 25
1782602219898 0.8205290213227272 26
1782602221371 0.8059081584215164 27
1782602222830 0.7884223684668541 28
1782602224348 0.7578932419419289 29
1782602225867 0.7538650706410408 30
1782602227394 0.7199377194046974 31
1782602228849 0.6951603293418884 32
1782602230325 0.6815315708518028 33
1782602231796 0.6535820439457893 34
1782602233286 0.6427663266658783 35
1782602234833 0.6219762563705444 36
1782602236251 0.6121535450220108 37
1782602237736 0.6034893020987511 38
1782602239163 0.5776616334915161 39
1782602240600 0.6007182896137238 40
1782602242109 0.5757037177681923 41
1782602243559 0.557506375014782 42
1782602245046 0.5348380841314793 43
1782602246626 0.5098469257354736 44
1782602248102 0.4904112033545971 45
1782602249602 0.4824254736304283 46
1782602251155 0.4586351327598095 47
1782602252595 0.4504707641899586 48
1782602254027 0.4241904467344284 49
