1782652111291 3.1469774328429123 1
1782652127535 2.933463113061313 2
1782652142837 2.7491427783308358 3
1782652158663 2.548255443572998 4
1782652175112 2.3446547409583784 5
1782652191443 2.136276335551821 6
1782652207181 1.9311758197587112 7
1782652222692 1.7352481299433216 8
1782652238159 1.5511737034238617 9
1782652253921 1.3932891344201976 10
1782652269690 1.2588038074559178 11
1782652284909 1.1507836991343006 12
1782652301257 1.0645935124364392 13
1782652317393 1.0008958660323044 14
1782652333350 0.9318930033979744 15
1782652349171 0.8869943187154573 16
1782652364522 0.8494807194019186 17
1782652379951 0.8118913790275311 18
1782652396176 0.7775558603220972 19
1782652411935 0.7516149426328724 20
1782652427157 0.7205346185585548 21
1782652442716 0.6957801970942267 22
1782652458283 0.6774887339822178 23
1782652474254 0.6586347427861444 24
1782652489835 0.6495506455158365 25
1782652505775 0.637461664347813 26
1782652521888 0.6214012935243803 27
1782652538182 0.6087365314878267 28
1782652554353 0.5943112928291847 29
1782652570118 0.5757732453017399 30
1782652585902 0.5635489060960966 31
1782652601397 0.5495770511956051 32
1782652617111 0.5370632492262741 33
1782652633288 0.5303903047380776 34
1782652650192 0.5225223508374445 35
1782652666398 0.51713342604966 36
1782652682170 0.5130657666716082 37
1782652697354 0.5091428160667419 38
1782652713531 0.5074155433424588 39
1782652729381 0.5016825805450308 40
1782652744498 0.49625852704048157 41
1782652760167 0.4954604002936133 42
1782652775624 0.4894326452551217 43
1782652791034 0.48741717482435293 44
1782652806150 0.4830098069947341 45
1782652822630 0.4836440764624497 46
1782652838442 0.4791120424352843 47
1782652856127 0.4817881923297356 48
1782652872227 0.47609977167228174 49
