1782351150807 1.5306706237792969 1
1782351155643 1.4180683612823486 2
1782351160810 1.3588706541061402 3
1782351166267 1.30081964969635 4
1782351171722 1.2420854759216309 5
1782351176872 1.1841686820983888 6
1782351182222 1.1276050043106078 7
1782351187670 1.0721049404144287 8
1782351193405 1.0150941967964173 9
1782351198424 0.9556617879867554 10
1782351203768 0.9006641387939454 11
1782351209017 0.8433774280548095 12
1782351213942 0.7879323291778565 13
1782351219590 0.736674382686615 14
1782351225239 0.690736825466156 15
1782351230499 0.6464618563652038 16
1782351236089 0.6040337896347046 17
1782351241588 0.5619491028785706 18
1782351247221 0.5246185052394867 19
1782351252512 0.4931350481510162 20
1782351257972 0.46489442825317384 21
1782351263358 0.43986117362976074 22
1782351268814 0.41997196078300475 23
1782351274188 0.3972173190116882 24
1782351279297 0.3845179808139801 25
1782351284618 0.36911255478858945 26
1782351290062 0.3651475727558136 27
1782351295216 0.34925983190536497 28
1782351300469 0.3379738926887512 29
1782351305771 0.33057571411132813 30
1782351311208 0.33076297760009765 31
1782351316798 0.32116942763328554 32
1782351322273 0.3166055178642273 33
1782351327670 0.305231386423111 34
1782351333223 0.30241246700286867 35
1782351338542 0.2963067227602005 36
1782351343517 0.29651304066181183 37
1782351348918 0.2928576958179474 38
1782351354167 0.288054895401001 39
1782351359477 0.2807925796508789 40
1782351364521 0.2872705143690109 41
1782351374133 0.285315517783165 42
1782351379387 0.27790584981441496 43
1782351384886 0.2785119968652725 44
1782351390300 0.27189589381217955 45
