1776805535484 1.1959771199226379 1
1776805617949 0.9263183677196503 2
1776805700039 0.48631476616859437 3
1776805781927 0.2698801833987236 4
1776805864051 0.23485068663954733 5
1776805948474 0.21789048489928245 6
1776806030582 0.20967650097608567 7
1776806112766 0.20669728648662566 8
1776806195059 0.1998287161886692 9
1776806277420 0.19619445762038232 10
1776806359652 0.19598883378505708 11
1776806442586 0.19109705221652984 12
1776806524852 0.18850815016031267 13
1776806607159 0.18745947217941283 14
1776806689464 0.18413219857215882 15
