1782602560887 1.4638415956497193 1
1782602565234 1.3529651832580567 2
1782602569793 1.2918048620223999 3
1782602574260 1.2344645690917968 4
1782602578747 1.176651816368103 5
1782602583128 1.11862877368927 6
1782602587718 1.0620357584953308 7
1782602592212 1.0037860918045043 8
1782602596574 0.9478741645812988 9
1782602601023 0.8940858006477356 10
1782602605454 0.8440410399436951 11
1782602609818 0.7833076453208924 12
1782602614175 0.7321489429473877 13
1782602618743 0.689162905216217 14
1782602623212 0.6357249212265015 15
1782602627751 0.589659218788147 16
1782602632386 0.5487433147430419 17
1782602636893 0.5146948218345642 18
1782602641399 0.49038934350013735 19
1782602645814 0.45356974363327024 20
1782602650342 0.42277585983276367 21
1782602654969 0.3972780966758728 22
1782602659416 0.37612908124923705 23
1782602664050 0.3575123620033264 24
1782602668457 0.34398475885391233 25
1782602673151 0.33055974006652833 26
1782602677471 0.31718774914741515 27
1782602681929 0.3123710513114929 28
1782602686316 0.30849884808063505 29
1782602690947 0.30009449303150176 30
1782602695578 0.2875783145427704 31
1782602700040 0.2835922074317932 32
1782602704485 0.27929598093032837 33
1782602709099 0.27735793590545654 34
1782602713499 0.2800582855939865 35
1782602718158 0.2719374567270279 36
