1782080329650 1.5430132627487183 1
1782080334188 1.1660198974609375 2
1782080338671 0.6127780818939209 3
1782080343188 0.4947466814517975 4
1782080347694 0.46773642659187314 5
1782080352187 0.42960443496704104 6
1782080356706 0.3864678120613098 7
1782080361193 0.34812162518501283 8
1782080365732 0.3381121289730072 9
1782080370249 0.32849557876586916 10
1782080374795 0.3187145531177521 11
1782080379318 0.29452778041362765 12
1782080383839 0.28825760424137115 13
1782080388379 0.30061183094978333 14
1782080392883 0.2896069711446762 15
1782080397537 0.28325519800186155 16
1782080402083 0.2726008516550064 17
1782080406601 0.2700000822544098 18
1782080411115 0.270139764547348 19
1782080415665 0.25773063123226164 20
1782080420195 0.25444171965122225 21
1782080424772 0.2585089886188507 22
1782080429271 0.2627146142721176 23
1782080433839 0.25029755115509034 24
1782080438342 0.24756331145763397 25
1782080442874 0.2499431186914444 26
1782080447390 0.25210648357868193 27
1782080451899 0.2474988168478012 28
1782080456424 0.2425088119506836 29
1782080460963 0.2467632907629013 30
1782080465505 0.2486988401412964 31
1782080469990 0.2413342761993408 32
1782080474503 0.23910097479820253 33
1782080479028 0.24563327550888062 34
1782080483547 0.2506844520568848 35
1782080488071 0.24123567163944246 36
1782080492574 0.23830276727676392 37
1782080512211 0.23948856592178344 38
1782080516697 0.24302889585494994 39
1782080521238 0.23801340758800507 40
1782080525794 0.23275579631328583 41
