1782396087696 1.49006986618042 1
1782396092160 1.4166628742218017 2
1782396096603 1.3433023595809936 3
1782396101206 1.2685202264785767 4
1782396105910 1.2000596475601197 5
1782396110498 1.1344652414321899 6
1782396114878 1.072622718811035 7
1782396119279 1.0053378534317017 8
1782396123701 0.943985857963562 9
1782396128210 0.8844280433654785 10
1782396132611 0.8282383728027344 11
1782396137179 0.7739587950706482 12
1782396141845 0.7248606419563294 13
1782396146759 0.6734112358093262 14
1782396151368 0.6309193658828736 15
1782396156252 0.5864663910865784 16
1782396161163 0.5449892997741699 17
1782396165928 0.5111580264568328 18
1782396170848 0.47988359332084657 19
1782396175540 0.46602453231811525 20
1782396180372 0.4388582730293274 21
1782396185282 0.4151739847660065 22
1782396189980 0.406365932226181 23
1782396194714 0.384063081741333 24
1782396199734 0.3671032118797302 25
1782396204434 0.3606301403045654 26
1782396209127 0.34690842986106873 27
1782396213654 0.33811419785022734 28
1782396218154 0.3305115461349487 29
1782396222731 0.34222106099128724 30
1782396227179 0.32541577935218813 31
1782396231718 0.3138565289974213 32
1782396236302 0.31708529651165007 33
1782396240782 0.3048319935798645 34
1782396245403 0.30573212027549745 35
1782396249781 0.3004087954759598 36
1782396254290 0.2962342208623886 37
1782396258742 0.2936704730987549 38
1782396263484 0.294805748462677 39
1782396268073 0.29157581567764285 40
1782396272719 0.2909561014175415 41
1782396277511 0.2861662769317627 42
1782396282449 0.2833205437660217 43
1782396287330 0.27843105494976045 44
