1781132393625 1.2045554660615467 1
1781132414705 1.030476204932682 2
1781132428413 1.003666068826403 3
1781132443729 0.7437568316383968 4
1781132457206 0.5271011340239692 5
1781132470947 0.46992905035851495 6
1781132484775 0.4226908078269353 7
1781132498613 0.3973783065402319 8
1781132512394 0.3753118136572459 9
1781132526697 0.39785301354196334 10
1781132541804 0.3819284462739551 11
1781132555201 0.34735390449327136 12
1781132569183 0.3282028722857672 13
1781132583299 0.35105817516644794 14
1781132598262 0.3174059521111231 15
1781132612781 0.323449883196089 16
1781132627392 0.3090656778169057 17
1781132641384 0.29315019576322465 18
1781132658692 0.31198088067864616 19
1781132671811 0.29733881165110876 20
1781132687048 0.28182291818989647 21
1781132701474 0.2814341653434057 22
1781132715201 0.27162269609315054 23
1781132729583 0.2755410311714051 24
1781132743357 0.2611496935761164 25
1781132756845 0.2631534207907934 26
1781132772019 0.27169746680865214 27
1781132785789 0.254097057949929 28
1781132799480 0.24720701220489683 29
1781132812987 0.24611429113244254 30
1781132827024 0.2547276845527074 31
1781132840686 0.2468643926438831 32
1781132856609 0.24426862077107506 33
1781132871756 0.24227729581651233 34
1781132885196 0.23857819300795358 35
1781132899585 0.235306074931508 36
1781132913777 0.2335401846775933 37
1781132928733 0.23485779785920705 38
1781132944084 0.23478860892946757 39
1781132961605 0.22636285164053477 40
1781132976966 0.23198843806508987 41
1781132990661 0.21975939945569115 42
1781133004980 0.22289914744240896 43
1781133019480 0.21762117814450038 44
1781133033794 0.21881124424555945 45
1781133048254 0.22285941361434877 46
1781133063322 0.21247869919216822 47
1781133077005 0.21336881910997724 48
1781133092335 0.21705117112114317 49
1781133107749 0.20914104107826476 50
1781133121610 0.21655624040535518 51
1781133135743 0.21810550254488748 52
1781133149890 0.2108732064565023 53
1781133164457 0.2080039315753513 54
1781133178031 0.20686325714701698 55
1781133191556 0.2087525836532078 56
1781133206429 0.20518821939116433 57
1781133221235 0.21284326461572495 58
1781133235514 0.2002410465289676 59
1781133249882 0.20136140310575093 60
1781133264127 0.20092180773379312 61
1781133278968 0.19743149396446016 62
1781133293812 0.19619848046983993 63
1781133309108 0.20950897652951497 64
1781133324181 0.20266457114900863 65
1781133339902 0.20073379292374566 66
1781133354680 0.1938752122814693 67
1781133370068 0.2013403924684676 68
1781133384114 0.19997025505890922 69
1781133398354 0.20133273019677117 70
1781133413528 0.19337013529406655 71
1781133427511 0.190698932324137 72
1781133441605 0.18709024952517617 73
1781133456717 0.19172445601887173 74
1781133472628 0.19642881646988883 75
1781133488406 0.19047421926543825 76
1781133508197 0.19344746096739693 77
1781133523498 0.18911146313425095 78
1781133538083 0.18729809446940346 79
1781133552360 0.19168020536502203 80
1781133567121 0.1859983689491711 81
1781133581378 0.19357487784018593 82
1781133596355 0.18693701201488103 83
1781133610513 0.1975093117308995 84
1781133624743 0.18479782070905443 85
1781133639301 0.19292206116138944 86
1781133654484 0.18459293198963952 87
1781133669482 0.18117064947173708 88
1781133683549 0.18277444548550106 89
1781133697781 0.1851560039416192 90
1781133711701 0.20865005112829663 91
1781133725041 0.23094490726315786 92
1781133739236 0.19561729899474553 93
1781133754603 0.18427462166263944 94
1781133768590 0.1931500948137707 95
1781133782851 0.18474708757703268 96
1781133796833 0.18223054647918732 97
1781133811341 0.17879455713998704 98
1781133824973 0.17799724945946346 99
1781133840646 0.17466763205944547 100
