1782651354751 1.1575188762263249 1
1782651438969 0.9892115655698275 2
1782651443932 0.8968818344567951 3
1782651448856 0.8066772206833488 4
1782651453925 0.7167176682698099 5
1782651458925 0.6292062542940441 6
1782651463958 0.5469324627989217 7
1782651468984 0.4765527389551464 8
1782651474020 0.4090878367424011 9
1782651478994 0.347344823573765 10
1782651483966 0.2974840175164373 11
1782651488957 0.2582424753590634 12
1782651493987 0.22381250834778735 13
1782651498964 0.20786630205417933 14
1782651503979 0.18420357649263583 15
1782651508918 0.16474094555566185 16
1782651513870 0.15681979432702065 17
1782651518868 0.14553555101156235 18
1782651523900 0.13859206987054726 19
1782651528795 0.1373458339979774 20
1782651533713 0.12940261983557752 21
1782651538636 0.12588007238350415 22
1782651543642 0.12271933453647714 23
1782651548810 0.12029071328671355 24
1782651553933 0.12168100280197043 25
1782651559076 0.11875261307546967 26
1782651564251 0.12305449635574692 27
1782651569264 0.115102012494677 28
1782651574267 0.10930706717466053 29
1782651579240 0.10891509193338846 30
1782651584327 0.10881344758366283 31
1782651589314 0.10713896076930196 32
