1782668402335 1.2427686254183452 1
1782668403511 1.016728788614273 2
1782668404702 0.896657814582189 3
1782668405855 0.8602189024289449 4
1782668407034 0.835867573817571 5
1782668408219 0.8028279542922974 6
1782668409401 0.7720410426457723 7
1782668410576 0.7431082427501678 8
1782668411750 0.7197906374931335 9
1782668412894 0.6989627679189047 10
1782668414065 0.6815875669320425 11
1782668415225 0.6624862452348074 12
1782668416418 0.6449395517508189 13
1782668417619 0.627004345258077 14
1782668418836 0.6108078559239706 15
1782668420021 0.5967162748177847 16
1782668421158 0.5799053808053335 17
1782668422279 0.5653819541136423 18
1782668423432 0.5515550573666891 19
1782668424595 0.5369214117527008 20
1782668425747 0.5219304660956064 21
1782668426891 0.503729393084844 22
1782668428012 0.49186670780181885 23
1782668429151 0.47889959812164307 24
1782668430248 0.4634718894958496 25
