1782230997364 1.5138702821731567 1
1782231014969 1.0100319218635558 2
1782231019314 0.807329285144806 3
1782231023453 0.785012423992157 4
1782231027695 0.7769475317001343 5
1782231031788 0.7502849292755127 6
1782231036091 0.6984584665298462 7
1782231040169 0.6789340233802795 8
1782231044172 0.6755975270271302 9
1782231048295 0.6687853288650513 10
1782231052413 0.6541084885597229 11
1782231056625 0.6466682004928589 12
1782231060875 0.6420443058013916 13
1782231064957 0.6328916025161743 14
1782231069230 0.6089290332794189 15
1782231083246 0.5874453747272491 16
1782231088542 0.5780919671058655 17
1782231092698 0.5686899018287659 18
1782231096863 0.5464041149616241 19
1782231101085 0.5284132826328277 20
1782231105202 0.520889093875885 21
1782231109373 0.5197373330593109 22
1782231113380 0.5006692898273468 23
1782231117543 0.4882007598876953 24
1782231121666 0.4849447441101074 25
1782231125664 0.492637505531311 26
1782231130028 0.4843115508556366 27
1782231134198 0.466473845243454 28
1782231138325 0.4652897775173187 29
1782231142334 0.47002997040748595 30
1782231146267 0.4626690649986267 31
1782231150336 0.44912549734115603 32
1782231154546 0.44658022046089174 33
1782231158637 0.4455573904514313 34
1782231162668 0.4517256832122803 35
1782231166929 0.4371691632270813 36
1782231171183 0.43333799600601197 37
1782231175163 0.43280948519706725 38
1782231179301 0.43145068049430846 39
1782231183427 0.42477684140205385 40
1782231187523 0.42218257546424864 41
1782231191538 0.4205269515514374 42
1782231195926 0.4217042803764343 43
1782231200449 0.41509496688842773 44
1782231204662 0.41122077107429506 45
1782231208844 0.4131592547893524 46
1782231213102 0.41120307326316835 47
1782231218322 0.4091494810581207 48
1782231223834 0.40258861780166627 49
1782231229284 0.4037322449684143 50
1782231233637 0.4040641450881958 51
1782231239082 0.39900717735290525 52
1782231243486 0.39537564873695374 53
1782231247956 0.40132284760475156 54
1782231252586 0.3972177827358246 55
1782231256980 0.3921643662452698 56
1782231261471 0.3930169892311096 57
1782231265878 0.3934358823299408 58
1782231270007 0.39504896640777587 59
1782231274541 0.38593570947647093 60
1782231280211 0.3844201135635376 61
1782231285769 0.3930209982395172 62
1782231290003 0.387921895980835 63
1782231299315 0.38064626812934876 64
1782231303501 0.37993685603141786 65
1782231307317 0.38260543704032896 66
1782231311299 0.38185601472854613 67
1782231315319 0.3771216297149658 68
1782231319287 0.3743042743206024 69
1782231323470 0.37789403200149535 70
1782231327357 0.3756918871402741 71
1782231331525 0.3718083894252777 72
1782231335612 0.3721470034122467 73
1782231339540 0.37327441573143005 74
1782231343526 0.3724812650680542 75
1782231347390 0.3668144679069519 76
1782231351385 0.36519153833389284 77
1782231355634 0.3689108383655548 78
1782231359654 0.37134791135787965 79
1782231363823 0.36667182445526125 80
1782231367877 0.3621156108379364 81
1782231372249 0.36495614528656006 82
