1782393502744 1.687120714187622 1
1782393507376 1.5968364477157593 2
1782393512028 1.5118263721466065 3
1782393516519 1.4353169631958007 4
1782393521190 1.363673062324524 5
1782393525737 1.2935395860671997 6
1782393530439 1.2226764726638795 7
1782393534777 1.1538932371139525 8
1782393539317 1.087455415725708 9
1782393543924 1.022877562046051 10
1782393548340 0.9567072939872742 11
1782393552885 0.8948071146011353 12
1782393557291 0.8368835115432739 13
1782393561884 0.7823901772499084 14
1782393566473 0.7266916584968567 15
1782393570905 0.6757953310012818 16
1782393575403 0.6286768651008606 17
1782393579925 0.5841054916381836 18
1782393584377 0.54367436170578 19
1782393588853 0.5117498934268951 20
1782393593255 0.48062840223312375 21
1782393597881 0.46236114859580996 22
1782393602436 0.4301632535457611 23
1782393607065 0.4090316069126129 24
1782393611413 0.3944121479988098 25
1782393616062 0.37739487290382384 26
1782393620671 0.3649966406822205 27
1782393625315 0.35299455404281616 28
1782393629770 0.3383078932762146 29
1782393634078 0.3347392022609711 30
1782393638408 0.3282027918100357 31
1782393643001 0.3168863469362259 32
1782393647310 0.3115527284145355 33
1782393651868 0.30976452469825744 34
1782393656684 0.3077490520477295 35
1782393661637 0.3052953147888184 36
1782393666612 0.29722443997859954 37
1782393671411 0.2914977616071701 38
1782393676468 0.2923881554603577 39
1782393681159 0.2894343644380569 40
1782393685984 0.28251155853271487 41
1782393690903 0.2822427022457123 42
1782393705327 0.28042172312736513 43
1782393710361 0.2776517742872238 44
1782393715279 0.2767005342245102 45
1782393720206 0.27362781286239624 46
1782393724941 0.2726222687959671 47
