1782692155823 1.780839437788183 1
1782692170121 1.4882985326376827 2
1782692184489 1.260363221168518 3
1782692198801 1.0538297241384333 4
1782692213218 0.872042403979735 5
1782692227650 0.721554620699449 6
1782692241984 0.5999380973252383 7
1782692256390 0.5018585459752516 8
1782692270864 0.41392258486964484 9
1782692285284 0.3325705413113941 10
1782692299591 0.2748398089950735 11
1782692313994 0.22606904127381064 12
1782692328461 0.19229334897615694 13
1782692342944 0.16760478642853824 14
1782692357492 0.1506086652251807 15
1782692371855 0.13619972105053338 16
1782692386121 0.12460807609287175 17
1782692400560 0.11437370628118515 18
1782692415067 0.10953037152913483 19
1782692429623 0.10281758247451349 20
1782692444003 0.09594735655594956 21
1782692458374 0.09156984615732323 22
1782692473014 0.09028605422513052 23
1782692487303 0.08575190993195231 24
1782692501710 0.0835212819616903 25
1782692516163 0.08020092631605538 26
1782692530695 0.07862294092774391 27
1782692545234 0.07650451734662056 28
1782692559764 0.07427587275477973 29
