1781130948948 1.2206528943682473 1
1781130963352 1.033021711167835 2
1781130977974 1.0157955828167142 3
1781130992394 1.1647947411688546 4
1781131006697 1.1206472232228233 5
1781131020541 1.0109864690947155 6
1781131035213 0.9531617325449747 7
1781131049498 0.887546592288547 8
1781131063463 0.7320126541077144 9
1781131077061 0.5710394869721125 10
1781131091012 0.48376619815826416 11
1781131105022 0.4462530045282273 12
1781131118647 0.4384638160940201 13
1781131131961 0.4081506327031151 14
1781131147019 0.39845269161557395 15
1781131162290 0.37258824587814393 16
1781131176250 0.36269642176136135 17
1781131190336 0.35813510559854056 18
1781131204747 0.3450263322345794 19
1781131219455 0.33478468514624093 20
1781131233055 0.3434208581844966 21
1781131246633 0.3326309791633061 22
1781131259897 0.3378774362897116 23
1781131273664 0.3166421100733772 24
1781131287053 0.30931929274210856 25
1781131301178 0.30437621166781775 26
1781131316085 0.3071491306736356 27
1781131329821 0.29581462248923285 28
1781131344327 0.29265805842384457 29
1781131359569 0.29146424929300946 30
1781131373967 0.28205710744100904 31
1781131388479 0.2772660096959462 32
1781131402434 0.27772894004980725 33
1781131415663 0.27456254996950663 34
1781131429441 0.2785450319449107 35
1781131443222 0.27610464654271566 36
1781131457508 0.27638796752407435 37
1781131471889 0.2647050207569486 38
1781131486543 0.260984784317395 39
1781131500451 0.26561701770812746 40
1781131514792 0.2684373434573885 41
1781131530095 0.2860501245373771 42
1781131543593 0.27371640006701153 43
1781131557512 0.2632294704043676 44
1781131571178 0.25732854032327257 45
1781131585330 0.2473516445311289 46
1781131598785 0.2573950579242101 47
1781131612862 0.24779667054849958 48
1781131627284 0.24386465549468994 49
1781131641914 0.24149596430952586 50
1781131656504 0.24079248995061905 51
1781131671665 0.23929730932863932 52
1781131686169 0.2383922068845658 53
1781131700258 0.23106828710389515 54
1781131714254 0.23116765656168498 55
1781131727621 0.23138811356491512 56
1781131741564 0.23346416652202606 57
1781131756863 0.22911764539423443 58
1781131771926 0.22776665503070467 59
1781131786185 0.23074143391753 60
1781131801160 0.2275817415543965 61
1781131815637 0.22646020423798335 62
1781131829151 0.22674071907051027 63
1781131844060 0.22854550845093197 64
1781131859332 0.2210988553743514 65
1781131874061 0.22133387199469975 66
1781131889270 0.2209608062865242 67
1781131903820 0.21556565390219765 68
1781131917823 0.21437735926537288 69
1781131931467 0.2114600468249548 70
1781131944776 0.21610100236203936 71
1781131958775 0.20870115761719052 72
1781131973372 0.21290150899735708 73
1781131988138 0.20744918310453023 74
1781132002212 0.21081758609839849 75
1781132016488 0.20872491432560814 76
1781132031344 0.20967631609666915 77
1781132046814 0.2074264172050688 78
1781132061535 0.20238551544764685 79
1781132075777 0.21309629484774575 80
1781132089798 0.2032027200810493 81
1781132103358 0.21135681063409836 82
1781132116563 0.20073931699707395 83
1781132131587 0.19592863084777953 84
1781132146421 0.1964219616992133 85
1781132160896 0.19427689176703256 86
1781132174884 0.19338914645569666 87
1781132188518 0.19423931364029173 88
1781132203520 0.19485529393903792 89
1781132218134 0.2005476143861574 90
1781132233293 0.1988047176883334 91
1781132246858 0.19024008914591775 92
1781132260795 0.18840809615831527 93
1781132274600 0.19020337575957888 94
1781132288851 0.18461223159517562 95
1781132308069 0.18569031440549427 96
1781132322525 0.18457166247424625 97
1781132336340 0.1883495371966135 98
1781132350991 0.18886182610950772 99
1781132365703 0.190161999374155 100
