1783009059692 1.2436912176655788 1
1783009066382 1.0005494461340063 2
1783009073036 0.850961842957665 3
1783009079762 0.7193809630824071 4
1783009086363 0.5980002739850212 5
1783009093029 0.49248958919562547 6
1783009099658 0.40708817278637605 7
1783009106273 0.33988210383583517 8
1783009112916 0.29102932354983163 9
1783009119444 0.2419834478813059 10
1783009125938 0.20909387749784134 11
1783009132380 0.1869173613833446 12
1783009139008 0.175797489343905 13
1783009145643 0.16577959235976725 14
1783009152146 0.14426803822610892 15
1783009158843 0.13795206359788484 16
1783009165449 0.12531141425464667 17
1783009172033 0.11672452837228775 18
1783009178665 0.11116201678911845 19
1783009185368 0.10788186142841975 20
1783009192008 0.11236719903992672 21
1783009198531 0.10046359472999386 22
1783009205149 0.10112967692753848 23
1783009211733 0.09218753947346818 24
1783009218472 0.09199708685571072 25
1783009225163 0.08347105673130821 26
1783009231804 0.08521060178092882 27
1783009238478 0.08386790883891723 28
1783009245070 0.07860950278300866 29
1783009251810 0.08219216515620549 30
1783009258348 0.07707854754784528 31
1783009264953 0.07600952670270321 32
1783009271590 0.08566876719979678 33
1783009278162 0.07400951468769242 34
1783009284726 0.06983930062429577 35
1783009291352 0.06939279806672358 36
1783009297955 0.07072935136509877 37
1783009304495 0.06753033764806449 38
1783009311171 0.06955601216531267 39
1783009317891 0.0670282851685496 40
1783009324546 0.06559454109154496 41
1783009331194 0.0650431411523445 42
1783009337753 0.06388041092192426 43
1783009344496 0.0648215835293134 44
1783009351078 0.06470134525614626 45
1783009357586 0.06105348139124758 46
1783009364287 0.05872347278922212 47
1783009371053 0.06368127421421163 48
1783009377585 0.05869572631576482 49
1783009384190 0.056604944753880594 50
1783009390789 0.05752626068744005 51
1783009397354 0.07002703487580898 52
1783009403904 0.06121070303168951 53
1783009410594 0.06380182468131476 54
1783009417242 0.0565133789444671 55
1783009423924 0.05549383287628492 56
1783009430576 0.05761877578847548 57
1783009437142 0.05879750928165866 58
1783009443713 0.056533554021049946 59
1783009450585 0.056938695264797584 60
1783009457217 0.053889856984217964 61
1783009463849 0.05498007999039164 62
1783009470440 0.0565537655470418 63
