1782692361826 1.2035033483254283 1
1782692373804 1.0389322528713627 2
1782692385812 0.9444742798805237 3
1782692397808 0.8569779035292173 4
1782692409775 0.7723348046603956 5
1782692421753 0.6878884748408669 6
1782692433793 0.6137536481807107 7
1782692445826 0.5371758992734709 8
1782692457813 0.4620712697505951 9
1782692469827 0.4001222911633943 10
1782692481855 0.3426966478950099 11
1782692493863 0.2985979946036088 12
1782692505909 0.2564398246376138 13
1782692517891 0.22946375020240484 14
1782692529942 0.20708181865905462 15
1782692542011 0.18585191118089775 16
1782692554000 0.1797559476996723 17
1782692570022 0.1607047088052097 18
1782692582037 0.15040887735391917 19
1782692594040 0.14478862501288714 20
1782692615695 0.147000358292931 21
1782692627673 0.13316815581760907 22
1782692639672 0.12763389592107974 23
1782692651603 0.1239371631098421 24
1782692663584 0.12140341279538054 25
1782692675525 0.12272309845215396 26
1782692687572 0.12441028262439527 27
1782692699547 0.11645114304203737 28
1782692711538 0.11163798072620441 29
1782692723572 0.11150419457178366 30
1782692735638 0.10968354363974772 31
1782692747764 0.10749743172996923 32
1782692759919 0.10501747225460253 33
1782692772045 0.10323251332891614 34
1782692784150 0.10592170863559372 35
1782692796195 0.10298277280832592 36
1782692808267 0.1028426277794336 37
1782692820391 0.10389103603206183 38
1782692832585 0.10409148449176236 39
1782692844629 0.09916022086614057 40
