1781278949402 1.5393628454208375 1
1781278996710 1.3460911226272583 2
1781279044430 1.234698405265808 3
1781279091241 1.1673018884658815 4
1781279137887 1.1079294967651367 5
1781279184680 1.0535039758682252 6
1781279231555 1.000447769165039 7
1781279279129 0.9505263042449951 8
1781279326103 0.9050449919700623 9
1781279373513 0.8572130417823791 10
1781279420726 0.8131076431274414 11
1781279467819 0.7684664034843445 12
1781279515131 0.7236427450180054 13
1781279563742 0.6792694306373597 14
1781279611675 0.6413994979858398 15
1781279658697 0.6050550270080567 16
1781279705693 0.5721950328350067 17
1781279752327 0.5396015930175782 18
1781279799499 0.5053813970088958 19
1781279846616 0.47605915188789366 20
1781279893375 0.4491977095603943 21
1781279939831 0.42391221642494203 22
1781279986292 0.4032167279720306 23
1781280034124 0.38580891728401184 24
1781280081913 0.37164696455001833 25
1781280129994 0.3595001411437988 26
1781280177442 0.34381855607032774 27
1781280224252 0.33237138390541077 28
1781280272760 0.32352731108665467 29
1781280320380 0.312847313284874 30
1781280366957 0.30709205210208895 31
1781280414793 0.2973165410757065 32
1781280462910 0.28878278493881226 33
1781280509369 0.2832844930887222 34
1781280557351 0.2772782427072525 35
1781280604979 0.2760400307178497 36
1781280652659 0.27069621622562406 37
1781280699991 0.26852930247783663 38
1781280747650 0.26626219689846037 39
1781280794348 0.2683566218614578 40
1781280840638 0.26018786430358887 41
1781280887330 0.2574905663728714 42
1781280933927 0.25421995759010313 43
