1783459313209 3.510155235018049 1
1783459346951 3.339618299688612 2
1783459381571 3.148551481110709 3
1783459416452 3.028619178703853 4
1783459449522 2.9885999304907664 5
1783459483593 2.9035471933228627 6
1783459518129 2.7372509241104126 7
1783459552591 2.6167987074170793 8
1783459587409 2.5719259125845775 9
1783459621388 2.475472458771297 10
1783459655465 2.3029786688940868 11
1783459697617 2.175807935850961 12
1783459732491 2.1297740851129805 13
1783459767087 2.0371172641004835 14
1783459801355 1.8881595730781555 15
1783459838928 1.770916564123971 16
1783459873825 1.7402175452028001 17
1783459908876 1.6658915494169508 18
1783459943841 1.562085896730423 19
1783459978278 1.4804785890238625 20
1783460012967 1.456395766564778 21
1783460047228 1.4128465226718359 22
1783460081711 1.3542234131268092 23
1783460117276 1.3024317111287798 24
1783460152376 1.2851640667234148 25
1783460187399 1.2586342905248915 26
1783460222354 1.2157520481518336 27
1783460256651 1.1821066226278032 28
1783460290950 1.1714025480406625 29
1783460326531 1.161481384720121 30
1783460361629 1.149261134011405 31
