1782595699706 1.5109616565704345 1
1782595704166 1.4341959047317505 2
1782595708330 1.371931676864624 3
1782595712778 1.3099498891830443 4
1782595716877 1.2461865615844727 5
1782595720919 1.1828612804412841 6
1782595725198 1.1198246526718139 7
1782595729557 1.054828667640686 8
1782595733827 0.9916000247001648 9
1782595737962 0.9308402442932129 10
1782595742127 0.8715265560150146 11
1782595746352 0.8164463043212891 12
1782595750500 0.7564860963821411 13
1782595754886 0.6996981644630432 14
1782595759371 0.647206072807312 15
1782595763784 0.6018328404426575 16
1782595768298 0.5582908582687378 17
1782595772656 0.5183623802661895 18
1782595776969 0.48358582258224486 19
1782595781183 0.44802729606628416 20
1782595785437 0.42221158623695376 21
1782595789614 0.40238442063331603 22
1782595794037 0.38584943175315856 23
1782595799059 0.3615233099460602 24
1782595806865 0.347837963104248 25
1782595811652 0.33952374577522276 26
1782595815834 0.3284269464015961 27
1782595820239 0.31340190410614016 28
1782595824346 0.30398125648498536 29
1782595828521 0.2934303092956543 30
