1779917073549 1.5281146812438964 1
1779917077280 1.0315839767456054 2
1779917081160 0.8687397837638855 3
1779917084918 0.8229862785339356 4
1779917088682 0.7970929884910584 5
1779917092529 0.775041332244873 6
1779917096287 0.7560743856430053 7
1779917100067 0.7383376789093018 8
1779917103776 0.7253225255012512 9
1779917107518 0.7041869163513184 10
1779917111337 0.6949178409576416 11
1779917115206 0.689146740436554 12
1779917118974 0.6679840874671936 13
1779917122852 0.6615759325027466 14
1779917126663 0.6506324696540833 15
1779917130523 0.6348897576332092 16
1779917134348 0.6260102295875549 17
1779917138236 0.615454397201538 18
1779917142089 0.6088598155975342 19
1779917145914 0.5990715169906616 20
