1782650885826 1.534863069653511 1
1782650887443 1.3926617205142975 2
1782650888999 1.3554096221923828 3
1782650890532 1.3166303187608719 4
1782650892094 1.306446060538292 5
1782650893694 1.2851040363311768 6
1782650895232 1.2535735219717026 7
1782650896788 1.2321808487176895 8
1782650898428 1.2101889997720718 9
1782650899959 1.2086800187826157 10
1782650901505 1.1934988796710968 11
1782650903086 1.1602597832679749 12
1782650904670 1.1543008983135223 13
1782650906196 1.1332138925790787 14
1782650907776 1.1197302043437958 15
1782650909309 1.1009790897369385 16
1782650910918 1.0781095698475838 17
1782650912559 1.0713207423686981 18
1782650914084 1.083912581205368 19
1782650915628 1.0490063428878784 20
1782650917245 1.0324790477752686 21
1782650918777 1.0104977935552597 22
1782650920358 0.99171182513237 23
1782650921919 0.9843398854136467 24
1782650923462 0.9622230902314186 25
1782650924994 0.9572968930006027 26
1782650926493 0.9313515648245811 27
1782650928069 0.910081036388874 28
1782650929631 0.8914926499128342 29
1782650931232 0.8808119222521782 30
1782650932827 0.8542455285787582 31
1782650934375 0.8469890877604485 32
1782650935964 0.8351809903979301 33
1782650937527 0.821817196905613 34
1782650939081 0.7978864312171936 35
1782650940669 0.7980054244399071 36
1782650942270 0.7670871764421463 37
1782650943875 0.7626472115516663 38
1782650945457 0.7407620921730995 39
1782650947004 0.7415365129709244 40
1782650948526 0.7254049405455589 41
1782650950103 0.7056861445307732 42
1782650951661 0.7151975631713867 43
1782650953236 0.6883359998464584 44
1782650954832 0.6670110523700714 45
1782650956414 0.6498251035809517 46
1782650957987 0.6379297897219658 47
1782650959607 0.6196266934275627 48
1782650961272 0.614318422973156 49
