1782603642881 2.3918407146747294 1
1782603648008 2.2582261012150693 2
1782603652395 2.1803697439340444 3
1782603656663 2.1163136775677023 4
1782603661461 2.046885380378136 5
1782603666102 1.9762159585952759 6
1782603670675 1.9128358364105225 7
1782603675382 1.84530914746798 8
1782603679614 1.7710223473035371 9
1782603684515 1.7034356685785146 10
1782603688878 1.6332107140467718 11
1782603693757 1.5637361819927509 12
1782603698515 1.5027529001235962 13
1782603703049 1.4372385098383977 14
1782603707737 1.3659206537099986 15
1782603712325 1.3064128068777232 16
1782603716691 1.2467638712662916 17
1782603721574 1.1924604911070604 18
1782603726231 1.152071741911081 19
1782603730629 1.1007302816097553 20
1782603734988 1.063928851714501 21
1782603739641 1.021462394640996 22
1782603744390 0.9823827560131366 23
1782603749030 0.9482404268704928 24
1782603753631 0.9046068787574768 25
1782603758543 0.8815836860583379 26
1782603763325 0.8579846483010513 27
1782603767812 0.8271428254934458 28
1782603772500 0.7893747137143061 29
1782603777090 0.7612476623975314 30
1782603781559 0.738626072039971 31
1782603785902 0.7071061042638925 32
1782603790430 0.6847568154335022 33
1782603794989 0.6658465587175809 34
1782603799597 0.6483608392568735 35
1782603804151 0.6276406920873202 36
1782603808887 0.6130669575471145 37
1782603813659 0.6040804982185364 38
1782603818588 0.5903592980824984 39
1782603823271 0.5740373272162217 40
1782603827811 0.5549880793461432 41
1782603832592 0.5418152854992793 42
1782603837301 0.5423726301926833 43
1782603842112 0.525629671720358 44
1782603846905 0.513712057700524 45
1782603851549 0.4994878058250134 46
