1782762348751 2.239486602636484 1
1782762353581 2.04897403717041 2
1782762358006 1.981054085951585 3
1782762362729 1.918913511129526 4
1782762367346 1.8623179747508123 5
1782762371875 1.7995893771831806 6
1782762376486 1.742137808066148 7
1782762381148 1.6761969327926636 8
1782762385860 1.6166413655647864 9
1782762390459 1.5488080153098474 10
1782762395059 1.4873518485289354 11
1782762399842 1.4238876287753766 12
1782762404475 1.359815790103032 13
1782762409361 1.2985540536733775 14
1782762413821 1.2438492408165565 15
1782762418474 1.1811483273139367 16
1782762423011 1.1218867026842558 17
1782762427637 1.0824497387959406 18
1782762432132 1.0773677275731013 19
1782762436629 1.017950360591595 20
1782762441251 0.9809086276934698 21
1782762446146 0.9505156599558316 22
1782762450733 0.9240557964031513 23
1782762455547 0.8866433042746323 24
1782762460132 0.8595579312397883 25
1782762464622 0.8366394639015198 26
1782762469179 0.8119180844380305 27
1782762474018 0.7949670874155484 28
1782762478433 0.77772344992711 29
1782762483036 0.7621411360227145 30
1782762488025 0.7424726577905508 31
1782762492506 0.7317287555107703 32
1782762497500 0.7170655910785382 33
1782762502514 0.7045713388002836 34
1782762507277 0.696574697127709 35
1782762512063 0.6781319563205426 36
1782762516968 0.6678754320511451 37
1782762521779 0.6576364865669837 38
1782762526373 0.6475241963679974 39
1782762531028 0.6389275193214417 40
1782762535587 0.6342124526317303 41
1782762540179 0.6048960777429434 42
1782762544496 0.5891471551014826 43
1782762549368 0.588094372015733 44
1782762554034 0.5787136142070477 45
1782762558932 0.5571907483614408 46
1782762564189 0.5502240382708036 47
1782762568930 0.5416156557890085 48
1782762573423 0.5302138099303613 49
1782762578045 0.5244283171800467 50
1782762582731 0.5163764036618747 51
1782762587374 0.503138386286222 52
1782762592283 0.4777448085638193 53
1782762596801 0.455078872350546 54
1782762601346 0.46238073248129624 55
1782762606406 0.4547510536817404 56
1782762611191 0.43998270997634303 57
1782762615911 0.4357061523657579 58
1782762620452 0.42210559203074527 59
1782762625430 0.4251776933670044 60
1782762629984 0.42107845498965335 61
1782762634730 0.42326988165195173 62
1782762639567 0.4203898860858037 63
1782762644489 0.4068685242762932 64
1782762649090 0.4026648929485908 65
1782762653556 0.401948108122899 66
1782762658128 0.40549535246995777 67
1782762662703 0.406756171813378 68
1782762667284 0.40277497126505923 69
1782762671853 0.3960018433057345 70
1782762676592 0.394424353654568 71
1782762681154 0.3987249204745659 72
1782762686369 0.3922344377407661 73
1782762691337 0.4060232501763564 74
1782762696071 0.39355690204180205 75
1782762700720 0.3861108078406407 76
1782762705354 0.3854072644160344 77
1782762710024 0.38732271698805004 78
1782762714675 0.3817718968941615 79
1782762719196 0.391711929669747 80
1782762723823 0.38289751685582674 81
1782762728650 0.3880779491021083 82
1782762733411 0.38746546094234174 83
1782762738015 0.38478901753058803 84
1782762742911 0.3840339734004094 85
1782762747753 0.38233911991119385 86
1782762752590 0.3812716190631573 87
1782762756977 0.38171281493627107 88
1782762761495 0.37767098958675677 89
1782762766081 0.36971550721388596 90
1782762770551 0.3708055913448334 91
1782762774977 0.38198634065114534 92
1782762779774 0.37526450707362247 93
1782762784339 0.3661253016728621 94
1782762789052 0.3692566408560826 95
1782762793737 0.36517466260836673 96
1782762798463 0.37512199924542355 97
1782762803050 0.3757609977171971 98
1782762807923 0.3747980296611786 99
1782762812613 0.3629558338568761 100
