1781975345517 1.2806908812522888 1
1781975408357 1.0392699098587037 2
1781975470494 1.0388426642417907 3
1781975536430 1.0385027041435242 4
1781975603740 1.0381158318519592 5
1781975667101 1.0376476225852966 6
1781975736780 1.0370414328575135 7
1781975802079 1.0361923265457154 8
1781975868625 1.03131160736084 9
1781975930932 1.0273019437789916 10
1781976050604 0.9395365788936615 11
1781976191294 0.83557506108284 12
1781976257386 0.7844089536666871 13
1781976320110 0.715085762500763 14
1781976384587 0.6631034033298493 15
1781976449561 0.632770355463028 16
1781976533963 0.6160835645198822 17
1781976617711 0.6044990220069886 18
1781976690380 0.5958393522500992 19
1781976754410 0.5878495230674744 20
1781976819353 0.5833851081132889 21
1781976883189 0.5775067329406738 22
1781976958146 0.5730112955570221 23
1781977022298 0.5682370604276658 24
1781977084174 0.5638949037790298 25
1781977148271 0.5592842258214951 26
1781977210090 0.5560851804018021 27
1781977274252 0.5502086080312729 28
1781977336843 0.5465963263511657 29
1781977409255 0.5423775993585587 30
1781977477018 0.5376864514350891 31
1781977539402 0.5331661847829818 32
1781977603145 0.5292585779428483 33
1781977666526 0.525690868139267 34
1781977731735 0.5215095729827881 35
1781977794424 0.5174121243953704 36
1781977858375 0.5137097053527832 37
1781978077430 0.5109747115373612 38
1781978168346 0.5064335126876831 39
1781978232796 0.5039214105606079 40
1781978296852 0.5007070891857147 41
1781978359265 0.4973749672174454 42
1781978421135 0.49438014006614683 43
1781978484261 0.49151367127895357 44
1781978549123 0.48928869795799257 45
1781978614417 0.4858653929233551 46
1781978676046 0.4829740850925446 47
1781978739863 0.48024503695964815 48
1781978803585 0.47705193448066713 49
1781978867231 0.4746997631788254 50
1781978932059 0.4717072024345398 51
1781978997493 0.4688050513267517 52
1781979062291 0.4666361482143402 53
1781979126663 0.4641709578037262 54
1781979191883 0.4631243555545807 55
1781979251710 0.4594723581075668 56
1781979316386 0.45733708298206327 57
1781979379004 0.4566827677488327 58
1781979441717 0.4543089977502823 59
1781979511407 0.4525809885263443 60
1781979576222 0.4510386599302292 61
1781979641097 0.4496191880702972 62
1781979707485 0.44915009653568266 63
1781979770116 0.44709845519065855 64
1781979833940 0.44581816005706787 65
1781979898107 0.4453415225744247 66
1781979961562 0.4442677116394043 67
1781980023399 0.443488028883934 68
1781980089181 0.44284510004520417 69
1781980154817 0.4425943529605865 70
1781980222807 0.44042510449886324 71
1781980295834 0.4400941684246063 72
1781980360731 0.43885609292984007 73
1781980424287 0.43810562217235566 74
1781980485765 0.437675155043602 75
1781980549143 0.43665154242515564 76
1781980611218 0.43584859561920164 77
1781980674310 0.43619409012794497 78
1781980737509 0.4342057636976242 79
1781980800865 0.43388144862651823 80
1781980863497 0.43372599029541015 81
1781980926920 0.4325524308681488 82
1781980990544 0.4326427881717682 83
1781981053384 0.4312090768814087 84
1781981115276 0.4308304800987244 85
1781981178306 0.42989122331142426 86
1781981242427 0.4301381541490555 87
1781981307321 0.4285708202123642 88
1781981368475 0.4277747271060944 89
1781981431122 0.42747327947616576 90
1781981492962 0.42695281326770784 91
1781981555978 0.4268542051315308 92
1781981617126 0.42491423785686494 93
1781981678051 0.42497203886508944 94
1781981740923 0.42509288227558134 95
1781981804923 0.42371607649326326 96
1781981871372 0.4238078417778015 97
1781981934576 0.423628751039505 98
1781981998281 0.42359488320350647 99
1781982068020 0.4219312092065811 100
