1783457570646 1.380589445432027 1
1783457571819 1.188132643699646 2
1783457572973 1.0256936152776082 3
1783457574118 0.9540338416894277 4
1783457575297 0.9353281557559967 5
1783457576454 0.9061047434806824 6
1783457577626 0.8751422961552938 7
1783457578786 0.8527429302533468 8
1783457579998 0.8406624893347422 9
1783457581169 0.8315190970897675 10
1783457582330 0.8139021794001261 11
1783457583510 0.794726957877477 12
1783457584703 0.7947839299837748 13
1783457585881 0.792235275109609 14
1783457587064 0.7812356750170389 15
1783457588370 0.7636597057183584 16
1783457589551 0.7588559885819753 17
1783457590729 0.7539378007253011 18
1783457591915 0.7359420557816824 19
1783457593075 0.7303760647773743 20
1783457594225 0.7226435045401255 21
1783457595428 0.7150382300217947 22
1783457596615 0.7029089629650116 23
1783457597759 0.6857093075911204 24
1783457598944 0.693459540605545 25
1783457600092 0.6795648038387299 26
1783457601319 0.6641181310017904 27
1783457602521 0.6563738385836283 28
1783457603716 0.6521171033382416 29
1783457604883 0.6510045329729716 30
1783457606058 0.6381924748420715 31
1783457607213 0.629532386859258 32
1783457608388 0.6286922593911489 33
1783457609569 0.6219725906848907 34
1783457610759 0.617363452911377 35
1783457611946 0.600003719329834 36
1783457613102 0.5965267618497213 37
1783457614287 0.5976693828900655 38
1783457615484 0.5831819673379263 39
1783457616647 0.5753553609053293 40
1783457617778 0.5721269945303599 41
1783457618967 0.5685200095176697 42
1783457620154 0.5596607128779093 43
1783457621344 0.547394206126531 44
1783457622524 0.5424559911092123 45
1783457623703 0.5381327470143636 46
1783457624876 0.5319420248270035 47
1783457626018 0.5278698851664861 48
1783457627181 0.5237608850002289 49
1783457628310 0.5310615301132202 50
1783457629493 0.5097372631231943 51
1783457630666 0.4985664337873459 52
1783457631867 0.4988325387239456 53
1783457633030 0.49560320377349854 54
1783457634190 0.48716697096824646 55
1783457635390 0.47477810581525165 56
1783457636606 0.4740395247936249 57
1783457637774 0.466791033744812 58
1783457638961 0.46411875387032825 59
1783457640176 0.45699799557526904 60
