1782667763973 2.641636298252986 1
1782667768776 2.5385485612429104 2
1782667773420 2.4183380603790283 3
1782667777889 2.33190210048969 4
1782667782355 2.26206689614516 5
1782667786811 2.1993661110217753 6
1782667791398 2.1407397160163293 7
1782667796236 2.087483607805692 8
1782667800920 2.0269755033346324 9
1782667808312 1.9716452543552105 10
1782667813162 1.9131508423731878 11
1782667818002 1.8544536553896391 12
1782667822767 1.7944605442193837 13
1782667827086 1.731103016779973 14
1782667831499 1.6617415226422823 15
1782667836248 1.5955814581650953 16
1782667840723 1.5209142153079693 17
1782667845353 1.452721513234652 18
1782667849924 1.3873845247121959 19
1782667854687 1.318719277015099 20
1782667859461 1.2563711404800415 21
1782667864283 1.199048638343811 22
1782667868990 1.146875528188852 23
1782667873745 1.0998882788878221 24
1782667878070 1.0546231453235333 25
1782667884010 1.0155964906399066 26
1782667888611 0.9751297464737525 27
1782667893214 0.9438997415395883 28
1782667897705 0.9159699128224299 29
1782667902312 0.8891941629923307 30
1782667906905 0.8735997539300185 31
1782667911948 0.85087827535776 32
1782667916663 0.8256397751661447 33
1782667921473 0.8033092663838313 34
1782667926122 0.7878088767711933 35
1782667930845 0.7749044344975398 36
1782667935372 0.75657392006654 37
1782667939789 0.7409400298045232 38
1782667944295 0.7244276862878066 39
1782667948830 0.7090699351750888 40
1782667953235 0.69449048775893 41
1782667957786 0.6824045135424688 42
1782667962218 0.674926588168511 43
1782667967110 0.6642093062400818 44
1782667971714 0.6567419813229487 45
1782667976348 0.6467059346345755 46
1782667980975 0.631623781644381 47
1782667985658 0.6156222086686355 48
1782667990105 0.590661672445444 49
1782667994742 0.5649346388303317 50
1782667999611 0.5460035800933838 51
1782668004160 0.5260678896537194 52
1782668008619 0.5295456212300521 53
1782668013170 0.5180182296496171 54
1782668018007 0.5051163916404431 55
1782668023030 0.4892936922036685 56
1782668027879 0.4786642858615288 57
1782668034495 0.47570602481181806 58
1782668038921 0.4747115671634674 59
1782668043432 0.4790831735500923 60
1782668047882 0.4601981525237744 61
1782668052536 0.45674424446546114 62
1782668057250 0.4626872631219717 63
1782668061973 0.4516604428107922 64
1782668066840 0.44278613649881804 65
1782668071298 0.4437929368936099 66
1782668075831 0.44499841103186977 67
1782668080633 0.43241385083932143 68
1782668085723 0.4313460932328151 69
1782668090319 0.4280793827313643 70
1782668094985 0.4314267864594093 71
1782668099634 0.4282086697908548 72
1782668104406 0.4279756798194005 73
