1782601268464 2.4893534733698917 1
1782601273129 2.3441023643200216 2
1782601277535 2.2504003047943115 3
1782601282316 2.169309065892146 4
1782601286827 2.09027570944566 5
1782601291721 2.020342203286978 6
1782601296336 1.9417494168648353 7
1782601300862 1.85992104273576 8
1782601305491 1.7780823065684392 9
1782601310122 1.6879363059997559 10
1782601314672 1.6218183865913978 11
1782601319143 1.5337315981204693 12
1782601323723 1.4518367327176607 13
1782601328404 1.378655351125277 14
1782601333068 1.310669101201571 15
1782601337760 1.2460116239694448 16
1782601342489 1.1871260954783514 17
1782601347224 1.1281776611621563 18
1782601352087 1.0781878783152654 19
1782601356569 1.0271013058148897 20
1782601361199 0.9790069323319656 21
1782601365600 0.944140260036175 22
1782601370075 0.9140387498415433 23
1782601374620 0.8782093479083135 24
1782601379273 0.8485591870087844 25
1782601383804 0.8175082711073068 26
1782601388292 0.7831523785224328 27
1782601393361 0.7548320568524874 28
1782601397912 0.7382338688923762 29
1782601402514 0.7077116645299472 30
1782601407358 0.6822406832988446 31
1782601412016 0.6598156094551086 32
1782601416826 0.637304044686831 33
1782601421817 0.6289633374947768 34
1782601426294 0.6095310999796941 35
1782601431385 0.5899211351688092 36
1782601435977 0.5774722236853379 37
1782601440910 0.5616498864614047 38
1782601445481 0.557307059948261 39
1782601450017 0.5478029159399179 40
1782601454888 0.5314209140264071 41
1782601459426 0.5135100781917572 42
1782601463908 0.5102937680024368 43
1782601468471 0.48909706335801345 44
1782601473308 0.48626410273405224 45
1782601478071 0.47620817560416 46
1782601482887 0.4688562200619624 47
1782601487520 0.4653272055662595 48
1782601492335 0.46470960745444667 49
1782601496945 0.45945507746476394 50
1782601501666 0.4552925664644975 51
1782601510315 0.4445421787408682 52
1782601514912 0.4327813249367934 53
1782601519579 0.4318329898210672 54
1782601524272 0.4374531645041246 55
1782601529222 0.43003281492453355 56
1782601533797 0.4228889277348152 57
1782601538731 0.41891007927747875 58
1782601543544 0.4237399903627542 59
1782601548318 0.41565920068667483 60
1782601552886 0.4123749320323651 61
1782601557492 0.4095728649542882 62
1782601562079 0.4123589258927565 63
