1782335978981 1.2324015235900878 1
1782335983526 0.6042793941497803 2
1782335988128 0.4880299258232117 3
1782335992713 0.42095329880714416 4
1782335997166 0.3798284614086151 5
1782336001923 0.36549189805984494 6
1782336006553 0.33188634634017944 7
1782336011186 0.3158938705921173 8
1782336015875 0.29823484778404236 9
1782336020476 0.2916534548997879 10
1782336025079 0.2799235337972641 11
1782336029625 0.285858496427536 12
1782336034069 0.2721557414531708 13
1782336038589 0.2711035251617432 14
1782336043152 0.26584078669548034 15
1782336047695 0.2556333041191101 16
1782336052233 0.2505323839187622 17
1782336056795 0.254083394408226 18
1782336061415 0.24945569694042205 19
1782336065967 0.24598821580410005 20
1782336070554 0.24987525165081023 21
1782336075149 0.24653010725975036 22
1782336079853 0.24262818098068237 23
1782336084509 0.24269363403320313 24
1782336089062 0.24146880269050597 25
