1782670226261 3.3761420335088457 1
1782670261594 3.154718339443207 2
1782670296935 2.954434198992593 3
1782670338022 2.7475127833230153 4
1782670378313 2.5259745717048645 5
1782670413868 2.309370355946677 6
1782670448770 2.0932752021721432 7
1782670484357 1.888498489345823 8
1782670520480 1.7112054015908922 9
1782670555527 1.5596438476017542 10
1782670592025 1.444331352199827 11
1782670627498 1.3512853384017944 12
1782670659953 1.2777636306626456 13
1782670695282 1.2337873833520072 14
1782670731803 1.1975903851645333 15
