1782086094943 1.6885649251937866 1
1782086098879 1.0816483569145203 2
1782086102829 0.7671328186988831 3
1782086106884 0.7361550807952881 4
1782086110952 0.7193487548828125 5
1782086115009 0.6716805243492127 6
1782086118997 0.6192740893363953 7
1782086122913 0.5966091775894165 8
1782086126811 0.5905454707145691 9
1782086130813 0.5827413034439087 10
1782086134855 0.5639904463291168 11
1782086138696 0.5488472080230713 12
1782086147674 0.5405463206768036 13
1782086151564 0.5449970781803131 14
1782086155441 0.5217577242851257 15
1782086159384 0.4960212218761444 16
1782086163359 0.4854744505882263 17
1782086167401 0.48466500639915466 18
1782086171369 0.4640153956413269 19
1782086175243 0.4364332616329193 20
1782086184684 0.43178149342536926 21
1782086189417 0.43945987939834597 22
1782086193592 0.4152636110782623 23
1782086197753 0.3992890429496765 24
1782086201781 0.3922736215591431 25
1782086205770 0.3890309000015259 26
1782086209717 0.38991484880447386 27
1782086213676 0.37412593960762025 28
1782086217584 0.3676005589962006 29
1782086221534 0.3687539494037628 30
1782086225506 0.3581596511602402 31
1782086229427 0.35051806807518004 32
1782086233371 0.3529857325553894 33
1782086237274 0.3693702840805054 34
1782086241134 0.3574216842651367 35
1782086245323 0.34245740532875063 36
1782086249313 0.3375285005569458 37
1782086253290 0.3403087878227234 38
1782086257138 0.3412405788898468 39
1782086261124 0.33109591126441956 40
1782086265063 0.3260077446699142 41
1782086269067 0.32662455856800077 42
1782086273507 0.32556238293647766 43
1782086277669 0.31948330521583557 44
1782086281622 0.31531551003456115 45
1782086285805 0.32284796714782715 46
1782086289823 0.3214784300327301 47
1782086293807 0.310134556889534 48
1782086297841 0.3078793305158615 49
1782086301876 0.31669117987155915 50
1782086306110 0.3495463728904724 51
1782086310028 0.31200756013393405 52
1782086314158 0.30555658638477323 53
1782086318111 0.3032476454973221 54
1782086322118 0.30321209609508515 55
