1782687942765 2.5364863138932447 1
1782687948538 2.3856291404137244 2
1782687954208 2.31111112007728 3
1782687959989 2.247495486186101 4
1782687965741 2.187766753710233 5
1782687971440 2.120590118261484 6
1782687977122 2.0549822587233324 7
1782687982878 1.9897803618357732 8
1782687988666 1.9121854213567882 9
1782687994441 1.8498307833304772 10
1782688000211 1.774364865743197 11
1782688005965 1.6952778009267955 12
1782688011749 1.6215177866128774 13
1782688017448 1.5515302878159742 14
1782688023174 1.4806334697283232 15
1782688028904 1.4144063729506273 16
1782688034838 1.3497556631381695 17
1782688040588 1.294987210860619 18
1782688046253 1.2401033823306744 19
1782688052028 1.1981710745738103 20
1782688057809 1.1506892992899969 21
1782688063564 1.112580730364873 22
1782688069245 1.076248517403236 23
1782688075051 1.0367091985849233 24
1782688080945 1.0021846294403076 25
1782688086633 0.9687208349888141 26
1782688092318 0.9334977498421302 27
1782688098046 0.8936614531737107 28
1782688103744 0.8619484672179589 29
1782688109495 0.8365520330575796 30
1782688115167 0.8157545970036433 31
1782688120888 0.7979505383051358 32
1782688126607 0.7751333484282861 33
1782688132396 0.74572027188081 34
1782688138025 0.7246914872756371 35
1782688143932 0.7008689183455247 36
1782688149725 0.681551415186662 37
1782688155478 0.6655310621628394 38
1782688161127 0.6381133336287278 39
1782688166873 0.6199205288520226 40
1782688172614 0.5959979570828952 41
1782688178446 0.5775049145405109 42
1782688184176 0.5616561082693247 43
1782688189963 0.557330479988685 44
1782688195794 0.5516281403028048 45
1782688201463 0.5233155924540299 46
1782688207170 0.5127993936722095 47
1782688212883 0.5055357057314652 48
1782688218769 0.5170379762466137 49
1782688224476 0.5024239627214578 50
1782688230192 0.48727964208676267 51
1782688235863 0.4726366905065683 52
1782688241763 0.47176278783724857 53
1782688247428 0.45916881928077113 54
1782688253172 0.4591815357024853 55
1782688259024 0.4443970230909494 56
1782688264716 0.4452461852477147 57
1782688270483 0.43800978935681856 58
1782688276258 0.4374217092990875 59
1782688282204 0.43603227688716006 60
1782688287876 0.4406582506803366 61
1782688293582 0.4314799194152539 62
1782688299271 0.42789254509485686 63
1782688304949 0.4213943389745859 64
1782688310672 0.4142104616531959 65
1782688319267 0.4184668568464426 66
1782688325229 0.41151034373503464 67
1782688331110 0.4067637805755322 68
1782688336853 0.397179880967507 69
1782688342602 0.40105600081957304 70
1782688348459 0.39980010573680586 71
1782688354172 0.3994177602804624 72
1782688359786 0.3929969301590553 73
1782688365556 0.3907415706377763 74
1782688371334 0.3951813601530515 75
1782688377048 0.3981238122169788 76
1782688382710 0.3823426572176126 77
1782688388619 0.39722140706502473 78
1782688394313 0.39599621983674854 79
