1782692347901 1.1927827596664429 1
1782692363949 0.9915173205674863 2
1782692379950 0.8661779235391056 3
1782692395939 0.7372117369782691 4
1782692411972 0.6283681123864417 5
1782692427966 0.5306190848350525 6
1782692444051 0.43141965947899164 7
1782692460065 0.3555420438448588 8
1782692476179 0.2932216203680225 9
1782692492127 0.2555405371913723 10
1782692508223 0.21710649658651912 11
1782692524283 0.19371563342272066 12
1782692540328 0.17895915958226896 13
1782692556288 0.15761429480477876 14
1782692575623 0.1449885077628435 15
1782692591660 0.13900528000850304 16
1782692615776 0.1296301717851676 17
1782692631682 0.12206508102370243 18
1782692647566 0.11426688438537073 19
1782692663494 0.10608457145737667 20
1782692679323 0.10339750729355157 21
1782692695232 0.10016152379559536 22
1782692711104 0.09574275566082374 23
1782692727058 0.09667489268616133 24
1782692743016 0.09106084631354201 25
1782692758995 0.08749344608947343 26
1782692775064 0.08640118805216808 27
1782692790941 0.08486428418580223 28
1782692806897 0.08079434580662671 29
1782692822870 0.07964635874126472 30
1782692838807 0.07928521894648963 31
1782692854812 0.07853492656174828 32
1782692870822 0.08036649176010899 33
1782692887033 0.08250989472749186 34
1782692903130 0.07688895948961669 35
1782692919249 0.07197330132418987 36
1782692935312 0.07354582765815305 37
1782692951222 0.08089858775629717 38
1782692967085 0.07058612549421835 39
1782692983120 0.06663361242881008 40
