1782667216983 1.474759504199028 1
1782667218618 1.4158335477113724 2
1782667220213 1.372194766998291 3
1782667221878 1.3319245874881744 4
1782667223447 1.262853965163231 5
1782667225060 1.204414576292038 6
1782667226646 1.1635960638523102 7
1782667228232 1.1359095126390457 8
1782667229805 1.0936678498983383 9
1782667231424 1.0756111145019531 10
1782667233042 1.0533950924873352 11
1782667234653 1.0245167911052704 12
1782667236286 1.02841567248106 13
1782667237921 0.9943029955029488 14
1782667239484 0.9742625579237938 15
1782667241033 0.9494534507393837 16
1782667242629 0.9256990551948547 17
1782667244230 0.9213190898299217 18
1782667245823 0.8922477066516876 19
1782667247390 0.8779250979423523 20
1782667248956 0.8635620176792145 21
1782667250533 0.8417912498116493 22
1782667252141 0.8350715786218643 23
1782667253820 0.8170138597488403 24
1782667255414 0.7954425886273384 25
1782667257016 0.7880816981196404 26
1782667258624 0.7649070098996162 27
1782667260212 0.7512503191828728 28
1782667261817 0.7379091084003448 29
1782667263408 0.7306244596838951 30
1782667265023 0.7140989080071449 31
1782667266671 0.7007646560668945 32
1782667268297 0.6762721613049507 33
1782667269864 0.6704593449831009 34
1782667271450 0.6598305702209473 35
1782667273065 0.637413926422596 36
1782667274714 0.6246861219406128 37
1782667276387 0.6031700819730759 38
1782667278008 0.5948370918631554 39
1782667279651 0.5859423354268074 40
1782667281225 0.5794103145599365 41
1782667282786 0.5686584338545799 42
1782667284330 0.5457873307168484 43
1782667285919 0.5327510088682175 44
1782667287524 0.5300086811184883 45
1782667289141 0.5376307666301727 46
1782667290741 0.5067931562662125 47
1782667292323 0.5001090057194233 48
1782667293914 0.4800122231245041 49
1782667295567 0.47198376432061195 50
1782667297163 0.45675333589315414 51
1782667298788 0.45267628133296967 52
1782667300427 0.432098813354969 53
1782667302016 0.43531588837504387 54
1782667303589 0.4116944298148155 55
1782667305140 0.4042736031115055 56
1782667306719 0.3978165537118912 57
1782667308298 0.3881682865321636 58
1782667309894 0.38124779239296913 59
1782667311496 0.37890689820051193 60
1782667313134 0.36092061921954155 61
1782667314723 0.35709499567747116 62
1782667316375 0.3496039994060993 63
1782667317988 0.338335245847702 64
1782667319539 0.34568653255701065 65
1782667321122 0.3332925923168659 66
1782667322751 0.3460719510912895 67
1782667324432 0.33237477019429207 68
1782667326013 0.31568822637200356 69
1782667327617 0.3098496310412884 70
1782667329303 0.30652016028761864 71
1782667330957 0.3115786761045456 72
1782667332611 0.29965222626924515 73
1782667334201 0.2868856228888035 74
1782667335798 0.2812018319964409 75
1782667337485 0.2800402771681547 76
1782667339119 0.26973097771406174 77
1782667340719 0.27837197855114937 78
1782667342322 0.26536405831575394 79
1782667343963 0.2600254975259304 80
1782667345620 0.25737252458930016 81
1782667347210 0.2546524219214916 82
1782667348845 0.25350064411759377 83
1782667350482 0.25378188118338585 84
1782667352139 0.2450282108038664 85
1782667353797 0.24069305509328842 86
1782667355442 0.2433872539550066 87
1782667357136 0.2434166520833969 88
1782667358718 0.23676270246505737 89
1782667360337 0.22889676317572594 90
1782667361976 0.23286306113004684 91
1782667363602 0.2396431677043438 92
1782667365204 0.23381304927170277 93
1782667366877 0.23134485073387623 94
1782667368531 0.23173699341714382 95
1782667370163 0.24299759417772293 96
1782667371784 0.2247014045715332 97
1782667373388 0.22554580494761467 98
1782667375030 0.22429391741752625 99
1782667376657 0.2227368038147688 100
