1782679088686 1.2275654276212056 1
1782679089829 1.0322095950444539 2
1782679090978 0.9529755413532257 3
1782679095083 0.9059467812379202 4
1782679096242 0.8630301157633463 5
1782679097351 0.8376167714595795 6
1782679098499 0.813867598772049 7
1782679099656 0.7933248182137808 8
1782679100808 0.7768819630146027 9
1782679101966 0.7559820711612701 10
1782679103130 0.7409966091314951 11
1782679104282 0.723843495051066 12
1782679106031 0.7035850981871287 13
1782679107181 0.6893871227900187 14
1782679108334 0.6731563409169515 15
1782679109500 0.6523515184720358 16
1782679110638 0.6386533677577972 17
1782679111816 0.6188616752624512 18
1782679113015 0.6077864766120911 19
1782679114188 0.5943761169910431 20
1782679115346 0.5723307430744171 21
1782679116551 0.5597896377245585 22
1782679117740 0.5459218223889669 23
1782679118939 0.5313630352417628 24
1782679120100 0.5210919678211212 25
1782679121290 0.5010649114847183 26
1782679122468 0.488522008061409 27
1782679123650 0.47517972191174823 28
1782679124794 0.4627515772978465 29
1782679125985 0.4515869418780009 30
1782679127174 0.4377043843269348 31
1782679128316 0.43707609673341113 32
1782679129489 0.42062823474407196 33
1782679130701 0.4064210007588069 34
1782679131843 0.3978693534930547 35
1782679133021 0.38498885929584503 36
1782679134159 0.37532733380794525 37
1782679135282 0.36275682349999744 38
1782679136416 0.35040852427482605 39
1782679137529 0.3451092888911565 40
1782679138674 0.33333636323610943 41
1782679139804 0.3267838309208552 42
1782679140946 0.32048071920871735 43
1782679142068 0.31189142167568207 44
1782679143304 0.30169473091761273 45
