1782650994125 1.510966796875 1
1782650999239 1.434201593399048 2
1782651004632 1.3718882989883423 3
1782651010162 1.3098946475982667 4
1782651015684 1.2461315393447876 5
1782651020766 1.1828294944763185 6
1782651027711 1.119797534942627 7
1782651032799 1.0549204134941101 8
1782651037957 0.9915883684158325 9
1782651043482 0.9312818002700806 10
1782651048711 0.872569682598114 11
1782651054258 0.8171437001228332 12
1782651059529 0.7563971138000488 13
1782651065495 0.7000394535064697 14
1782651071062 0.6475305271148681 15
1782651076221 0.6031288862228393 16
1782651081087 0.5580687844753265 17
1782651086163 0.5219522130489349 18
1782651091168 0.48422582268714903 19
1782651095805 0.4501447904109955 20
1782651100389 0.4237740612030029 21
1782651104934 0.40155835390090944 22
1782651109339 0.3843595027923584 23
1782651114035 0.36250872373580934 24
