1782596217405 1.627355767921968 1
1782596223184 1.2858878780495038 2
1782596229108 1.0414296131242404 3
1782596234878 0.8333113857290961 4
1782596240750 0.6688164987347343 5
1782596246490 0.5367090519178997 6
1782596252259 0.4425848580219529 7
1782596258044 0.3551254773681814 8
1782596263958 0.29141255535862665 9
1782596269724 0.2346806780181148 10
1782596275490 0.19652887095104565 11
1782596281323 0.17270986634221944 12
1782596287174 0.14647355675697327 13
1782596292981 0.13077499988404187 14
1782596298906 0.12093345092778857 15
1782596313670 0.11372328448024663 16
1782596319663 0.10475872186097232 17
1782596325442 0.10048578442497687 18
1782596331224 0.09383499757810072 19
1782596337042 0.09347711537371982 20
1782596342771 0.08717155304144729 21
1782596348529 0.0827141311019659 22
1782596354401 0.08327352746643803 23
1782596360335 0.08145977658304301 24
1782596366039 0.07739578085866841 25
1782596371765 0.07643421299078247 26
1782596377514 0.07519620623100888 27
1782596383277 0.07230974699963223 28
1782596389143 0.07105348818004131 29
1782596394871 0.07008672937412154 30
1782596400686 0.06963316215710207 31
1782596406607 0.06650460223582658 32
1782596412458 0.06534329446201975 33
1782596418329 0.06686692955819043 34
1782596424228 0.06684285216033459 35
1782596430030 0.06520647199993784 36
1782596435736 0.06199787015264684 37
1782596441575 0.061324093575504696 38
1782596447420 0.06014273002405058 39
