1782453463945 1.5281254386901855 1
1782453468629 1.4248766040802001 2
1782453473261 1.3633386659622193 3
1782453477635 1.3074185848236084 4
1782453482077 1.2528823566436769 5
1782453486662 1.2003381204605104 6
1782453491467 1.1493505001068116 7
1782453496343 1.0969231224060059 8
1782453500892 1.0444882678985596 9
1782453505169 0.9959517097473145 10
1782453509301 0.9492800068855286 11
1782453513841 0.9010238885879517 12
1782453518014 0.8573492217063904 13
1782453522591 0.8171357679367065 14
1782453526868 0.7790618872642517 15
1782453531280 0.7445551514625549 16
1782453535791 0.7104301452636719 17
1782453540147 0.6776569867134095 18
1782453544487 0.6490697002410889 19
1782453548966 0.6222132015228271 20
1782453553748 0.6036600041389465 21
1782453558275 0.5786093020439148 22
1782453562727 0.5593438732624054 23
1782453567226 0.5475038635730743 24
1782453571557 0.5330462419986725 25
1782453575846 0.5181184422969818 26
1782453580376 0.5077829492092133 27
1782453584649 0.4993832397460938 28
1782453589297 0.49585039854049684 29
1782453593708 0.4844762122631073 30
1782453598040 0.4783709990978241 31
1782453603252 0.47185982584953307 32
1782453607613 0.46553115487098695 33
1782453612185 0.46681121468544007 34
1782453616480 0.4574712872505188 35
1782453620897 0.4542342567443848 36
1782453625305 0.45251193284988406 37
1782453629630 0.4464739429950714 38
1782453633837 0.4444791603088379 39
1782453638611 0.4425061821937561 40
1782453643077 0.43987123131752015 41
1782453647453 0.4392522609233856 42
1782453651771 0.43646989345550535 43
1782453656028 0.42960132122039796 44
1782453660429 0.4272628200054169 45
1782453664858 0.43030677080154417 46
1782453669154 0.4254879331588745 47
1782453673589 0.42484905481338503 48
1782453678011 0.42585343956947325 49
1782453682224 0.4225494909286499 50
1782453686540 0.42404418587684634 51
1782453690591 0.4201778841018677 52
1782453695166 0.4216717517375946 53
1782453699532 0.4191051924228668 54
1782453703932 0.4133415150642395 55
1782453708259 0.4115300524234772 56
1782453712527 0.41133844017982485 57
1782453716889 0.4126382064819336 58
1782453721890 0.4101839220523834 59
1782453726351 0.40695553898811343 60
1782453730525 0.40874852299690245 61
1782453735285 0.4039348649978638 62
1782453739448 0.4012132120132446 63
1782453743684 0.4062394654750824 64
1782453755588 0.40405247688293455 65
1782453760005 0.3996366989612579 66
1782453764670 0.40126065611839296 67
1782453769091 0.40018063426017764 68
1782453773832 0.39726682543754577 69
1782453778395 0.402703253030777 70
1782453782948 0.40334430694580076 71
1782453787847 0.39584630489349365 72
1782453792337 0.4001823043823242 73
1782453796866 0.4024505352973938 74
1782453801551 0.3924588274955749 75
1782453806136 0.3938966286182404 76
1782453810744 0.39291383385658263 77
1782453815477 0.38996970176696777 78
1782453820148 0.3906287181377411 79
1782453824826 0.3898394370079041 80
1782453829446 0.3945116448402405 81
1782453834033 0.38890766859054565 82
1782453838753 0.39224562406539915 83
1782453843200 0.3908042407035828 84
1782453847636 0.3922665202617645 85
1782453852735 0.3900831115245819 86
1782453857524 0.3879514598846436 87
1782453862033 0.3856328821182251 88
1782453866705 0.38617791652679445 89
1782453871241 0.3854724752902985 90
1782453875880 0.3882725477218628 91
1782453880534 0.3850616705417633 92
1782453884951 0.3868987846374512 93
