1782668376819 2.9309226233383705 1
1782668393384 2.736922050344533 2
1782668409052 2.576327291028253 3
1782668424837 2.401601659840551 4
1782668440811 2.212312542158982 5
1782668456523 2.0110832082814185 6
1782668473003 1.8110235066249454 7
1782668489305 1.626364144785651 8
1782668504975 1.463582865123091 9
1782668520458 1.3310025683764755 10
1782668537557 1.222751498222351 11
1782668555310 1.14099697409005 12
1782668571630 1.074147207983609 13
1782668587300 1.0165708291119542 14
1782668605023 0.9586028333367973 15
1782668622647 0.9141715436146177 16
1782668638641 0.8815735578536987 17
1782668654740 0.8520350106831255 18
1782668671430 0.8300906851373869 19
1782668687228 0.8107074581343552 20
1782668702780 0.7926811945849451 21
1782668719175 0.7774318189456545 22
1782668735646 0.7584686155976921 23
1782668751563 0.7424608653989332 24
1782668767765 0.7308155277679707 25
1782668784393 0.7153726775070717 26
1782668799784 0.7057047856265101 27
1782668816066 0.6975905258080055 28
1782668831988 0.6870721064764878 29
1782668848372 0.6785310177967466 30
1782668864109 0.6696379636896068 31
1782668880870 0.6622058461452353 32
1782668897040 0.6537441138563485 33
1782668913005 0.6423256315034012 34
1782668928576 0.6354604404548119 35
1782668943898 0.6190443326686991 36
1782668960545 0.6100319952800356 37
1782668977098 0.5960823585247171 38
1782668993759 0.5856039544631695 39
1782669010218 0.5731918174644997 40
1782669026576 0.5724264979362488 41
1782669042435 0.561804995454591 42
1782669057974 0.5533956371504685 43
1782669073767 0.5507771311135128 44
1782669089946 0.5499080378433754 45
1782669106031 0.5436135037191983 46
1782669122362 0.5381225799692089 47
1782669138297 0.5366666543072668 48
1782669154139 0.5319924724513087 49
1782669170190 0.5310116626065353 50
