1782688980754 2.443714637022752 1
1782688986624 2.2625069434826193 2
1782688992402 2.184205495394193 3
1782688998147 2.123625425192026 4
1782689003846 2.061977056356577 5
1782689019000 1.9967866585804865 6
1782689024787 1.9319743743309608 7
1782689030597 1.8650975410754864 8
1782689036325 1.8025877567437978 9
1782689042261 1.733819759809054 10
1782689048014 1.659040827017564 11
1782689053815 1.5913298038335948 12
1782689059502 1.522483935722938 13
1782689065244 1.451458481641916 14
1782689070957 1.3870992843921368 15
1782689076742 1.3236598785106952 16
1782689082554 1.2629375549463124 17
1782689088238 1.207765744282649 18
1782689093953 1.1540380074427679 19
1782689099711 1.0998375782599816 20
1782689105400 1.0524458701793964 21
1782689111116 1.0009377415363605 22
1782689116900 0.9733194296176617 23
1782689122707 0.9590205183395972 24
1782689128341 0.9231482010621291 25
1782689134083 0.8754017169658954 26
1782689139780 0.8384353518486023 27
1782689145591 0.8113959339948801 28
1782689151460 0.7848856678375831 29
1782689157142 0.7570468691679147 30
1782689162916 0.7294613352188697 31
1782689168653 0.7068231931099525 32
1782689174342 0.6798035639982957 33
1782689180076 0.6634259636585529 34
1782689185816 0.6433848922069256 35
1782689191548 0.6143514193021334 36
1782689197340 0.5976110467543969 37
1782689203094 0.5742964790417597 38
1782689208742 0.5609681422893817 39
1782689214585 0.5486352031047528 40
1782689220253 0.5241994353441092 41
1782689226135 0.5126551618942847 42
1782689231920 0.4982232382664314 43
1782689237655 0.48536665393755984 44
1782689243386 0.4812219234613272 45
1782689249037 0.475379799421017 46
1782689254776 0.47063109049430263 47
1782689260506 0.47683082635586077 48
1782689266281 0.4586897538258479 49
1782689272120 0.4452595366881444 50
1782689278027 0.4452410340309143 51
1782689283719 0.4379843565133902 52
1782689289524 0.4402259358992943 53
1782689295212 0.4392889417134799 54
1782689300919 0.429925058896725 55
1782689306765 0.42370733160239 56
1782689312550 0.4112123182186714 57
1782689318302 0.41762714890333325 58
1782689324128 0.4129151495603415 59
1782689329821 0.40869438418975246 60
