1781902711776 1.3942672877311706 1
1781902762394 1.024328142642975 2
1781902817912 0.6297516614198685 3
1781902867364 0.26481459563970566 4
1781902915316 0.20465501976013184 5
1781902963210 0.18614103409647942 6
1781903013680 0.17618552988767625 7
1781903064172 0.16970917734503746 8
1781903115840 0.16386061510443686 9
1781903171009 0.15932944211363792 10
1781903219897 0.1594594267606735 11
1781903270231 0.1566760019659996 12
1781903336551 0.1525314169228077 13
1781903395986 0.15319566535949708 14
1781903446555 0.15019617530703544 15
1781903497414 0.14977330213785173 16
1781903545968 0.14861372713744642 17
1781903597073 0.14715551441907881 18
1781903651951 0.14745832052826882 19
1781903700884 0.14524747416377068 20
1781903751329 0.1456110818684101 21
1781903800133 0.14249262070655822 22
1781903849935 0.14331246089935304 23
1781903898249 0.1425051853954792 24
1781903947522 0.14106546199321746 25
1781903997471 0.14102170360088348 26
1781904047258 0.1400457645356655 27
1781904097768 0.1408623930811882 28
1781904147045 0.13992847487330437 29
1781904198496 0.1380179807841778 30
1781904247263 0.14002227568626405 31
1781904295434 0.13676205964386462 32
1781904343799 0.1370063339024782 33
1781904401737 0.13781466472148896 34
1781904452821 0.1352146839648485 35
1781904506347 0.13650000566244125 36
1781904557828 0.13892390006780625 37
1781904611071 0.1370062916725874 38
1781904663346 0.13598339065909384 39
1781904713451 0.13571988034248353 40
1781904764677 0.134864983856678 41
1781904816680 0.1322858470082283 42
1781904875713 0.1358352886736393 43
1781904926454 0.13556296084821223 44
1781904980750 0.13500519536435604 45
1781905031136 0.13318549108505248 46
1781905082217 0.1336977519094944 47
1781905130897 0.1318189637362957 48
1781905182039 0.1331858311444521 49
1781905232451 0.13352773828804493 50
1781905289876 0.13361405858397485 51
1781905346327 0.13183594770729543 52
1781905395275 0.13298071801662445 53
1781905445809 0.1321819989979267 54
1781905495824 0.13187938424944878 55
1781905545376 0.13139689490199088 56
1781905596887 0.13131415905058383 57
1781905648037 0.13224166463315487 58
1781905699849 0.1326882020831108 59
1781905748860 0.1307193538993597 60
1781905799794 0.12929062466323377 61
1781905851276 0.13011247442662716 62
1781905901149 0.13002050794661046 63
1781905953155 0.13007312268018723 64
1781906004818 0.1301577736735344 65
1781906057038 0.1291670576930046 66
1781906105762 0.13193093824386598 67
1781906156201 0.13360763505101203 68
1781906207348 0.13067269891500474 69
1781906258651 0.12764554120600224 70
1781906310466 0.12946991558372975 71
1781906361900 0.13154090696573256 72
