1782081256424 1.698546633720398 1
1782081262121 1.4057226586341858 2
1782081267796 0.7520385599136352 3
1782081273439 0.6325320720672607 4
1782081279102 0.5995987677574157 5
1782081284862 0.5384946990013123 6
1782081290392 0.4743178820610046 7
1782081295997 0.44678315639495847 8
1782081301506 0.43615793347358706 9
1782081307015 0.4234064340591431 10
1782081312740 0.4073805034160614 11
1782081318270 0.3843999862670898 12
1782081324033 0.38053057074546814 13
1782081329494 0.3761101961135864 14
1782081335035 0.38034403562545777 15
1782081340653 0.3617507815361023 16
1782081346026 0.35414148569107057 17
1782081351262 0.3487699317932129 18
1782081356424 0.345330091714859 19
1782081361502 0.3317616534233093 20
1782081366433 0.3343233782052994 21
1782081371088 0.3352799969911575 22
1782081375611 0.33574810981750486 23
1782081380104 0.3235525798797607 24
1782081384595 0.31994482278823855 25
1782081389038 0.3223187756538391 26
1782081393542 0.3298371160030365 27
1782081398028 0.3110668331384659 28
1782081402451 0.3062124252319336 29
1782081406939 0.3076064682006836 30
1782081411385 0.30759975254535676 31
1782081415863 0.29688059628009794 32
1782081420318 0.2995678585767746 33
1782081424763 0.30386203169822695 34
1782081429233 0.3033489793539047 35
1782081433751 0.29569026827812195 36
1782081438294 0.29101632118225096 37
1782081442781 0.29491481959819793 38
1782081447279 0.30049167573451996 39
1782081451813 0.28717392444610595 40
1782081456381 0.28360655784606936 41
1782081460827 0.2895855444669724 42
1782081465351 0.28445873320102694 43
1782081475279 0.2796467274427414 44
1782081479820 0.28614604711532593 45
1782081484283 0.28443291306495666 46
1782081488698 0.2826298475265503 47
1782081493213 0.2805753707885742 48
1782081503055 0.2745712244510651 49
1782081507564 0.27813582301139833 50
1782081512072 0.27840360403060915 51
1782081516620 0.27246488571166994 52
1782081521136 0.26886687338352205 53
1782081525624 0.27594617545604705 54
1782081530169 0.27745669901371 55
1782081534679 0.2693623572587967 56
1782081539172 0.2675439006090164 57
1782081543655 0.2701030898094177 58
1782081548156 0.27303779006004336 59
1782081552701 0.2653368926048279 60
1782081557222 0.2654087370634079 61
1782081561680 0.2677951020002365 62
1782081566162 0.2696969014406204 63
1782081570711 0.26387317419052125 64
1782081575234 0.2597810626029968 65
1782081579785 0.2685988980531693 66
1782081584233 0.2734100866317749 67
1782081588675 0.26385387301445007 68
1782081593188 0.261437486410141 69
1782081597713 0.26241524577140807 70
1782081602194 0.27131919264793397 71
1782081606721 0.25988246202468873 72
1782081611178 0.2592596560716629 73
1782081615672 0.2599464851617813 74
1782081620090 0.26423902332782745 75
1782081624625 0.26025799989700316 76
1782081629142 0.2545038849115372 77
1782081633584 0.26548543453216555 78
1782081638028 0.2666765362024307 79
1782081642480 0.2630309510231018 80
1782081646917 0.25572831988334654 81
1782081651434 0.2581834614276886 82
1782081655954 0.2634460496902466 83
1782081660426 0.2546525537967682 84
1782081664915 0.2546340453624725 85
1782081669447 0.25817752599716187 86
