1782662306931 1.5113714456558227 1
1782662312069 1.4057121753692627 2
1782662316669 1.3465152549743653 3
1782662321232 1.2903490257263184 4
1782662325790 1.2331878852844238 5
1782662330012 1.17689838886261 6
1782662334347 1.1189730405807494 7
1782662338650 1.0602190780639649 8
1782662343170 1.0022172236442566 9
1782662347535 0.9462133693695068 10
1782662352881 0.8879358410835266 11
1782662357252 0.8303553867340088 12
1782662361612 0.778067638874054 13
1782662365932 0.7258620715141296 14
1782662370375 0.6775149464607239 15
1782662374779 0.6342411327362061 16
1782662378955 0.5845558321475983 17
1782662383231 0.5412518846988678 18
1782662387562 0.5121091258525848 19
1782662391833 0.47074186682701114 20
1782662396138 0.44560931086540223 21
1782662400384 0.4180288887023926 22
1782662405864 0.39166934370994566 23
1782662410285 0.3708675575256348 24
1782662414610 0.35587347149848936 25
1782662418834 0.349525021314621 26
1782662423302 0.33003702998161316 27
1782662427644 0.31765090227127074 28
1782662432038 0.3099412208795547 29
1782662436587 0.2991292780637741 30
1782662441000 0.2989682424068451 31
1782662445475 0.28965660810470584 32
1782662449665 0.28371399760246274 33
1782662454188 0.2785430270433426 34
1782662458501 0.28188482284545896 35
1782662462788 0.27365447640419005 36
1782662467071 0.2693566793203354 37
1782662471384 0.2655130767822266 38
1782662475692 0.27313214719295503 39
1782662479828 0.26316588461399076 40
