1782654153304 1.0847948871406854 1
1782654159859 0.822658500250648 2
1782654166420 0.6763110815310011 3
1782654173053 0.5589384132740545 4
1782654179652 0.4476944202301549 5
1782654186142 0.3708725700191423 6
1782654192773 0.3058387128745808 7
1782654199422 0.25563842554887134 8
1782654206111 0.221920404364081 9
1782654212604 0.19633383435361526 10
1782654219268 0.1685229420077567 11
1782654225901 0.1569264922656265 12
1782654232367 0.15660837614068798 13
1782654239037 0.14022926504121108 14
1782654245713 0.12897997627071306 15
1782654252227 0.12039821215120017 16
1782654258777 0.11644244237857707 17
1782654265289 0.10899341033369887 18
1782654271839 0.10664298546080496 19
1782654278325 0.10881792447146248 20
1782654284986 0.09876308721654556 21
1782654291382 0.09338574169897566 22
1782654297932 0.09175391115394294 23
1782654304376 0.08941186263280756 24
1782654310862 0.08951953871577394 25
1782654317292 0.08452419425342597 26
1782654323804 0.08549010519887887 27
1782654330223 0.0934853556693769 28
1782654336612 0.08469711916119445 29
1782654343101 0.0841631696504705 30
1782654349560 0.07496661451809547 31
1782654356108 0.07872318344957688 32
1782654362703 0.07211839853256356 33
1782654369413 0.07376047859297079 34
1782654375957 0.07095648355635942 35
1782654382552 0.07155874904756453 36
1782654389138 0.06814425986479311 37
1782654395728 0.07502349509912379 38
1782654402332 0.06916830973590121 39
1782654408995 0.06331463800925835 40
1782654415521 0.06581877471477378 41
1782654422133 0.06809410861894197 42
1782654428816 0.06598948314785957 43
1782654435360 0.06757264584302902 44
1782654441998 0.0614546883632155 45
1782654448608 0.06374366734834279 46
1782654455150 0.06328812562951855 47
1782654461662 0.06055230223665051 48
1782654468125 0.06116826101845386 49
1782654474548 0.06079935530821482 50
