1782079071467 1.217622742176056 1
1782079134768 1.035256953239441 2
1782079193754 1.0348755478858949 3
1782079255419 1.0344800457954406 4
1782079317850 1.0339630484580993 5
1782079376564 1.031713963508606 6
1782079438693 0.983996259689331 7
1782079494169 0.8767240214347839 8
1782079554193 0.7761247317790985 9
1782079612150 0.6953178117275238 10
1782079674215 0.6572968184947967 11
1782079732670 0.6377214775085449 12
1782079792513 0.6241199891567231 13
1782079855454 0.6134206817150116 14
1782079917410 0.606006689786911 15
1782079980106 0.5997412645816803 16
1782080038208 0.5941681015491486 17
1782080103010 0.5892494189739227 18
1782080163146 0.5851017574071884 19
1782080225176 0.581550368309021 20
1782080287946 0.5748912788629532 21
1782080343450 0.5705241177082062 22
1782080407623 0.565566437125206 23
1782080464918 0.5604809617996216 24
1782080538167 0.5582419919967652 25
1782080593658 0.5515861037969589 26
1782080652192 0.5475319763422012 27
1782080707779 0.5441257878541946 28
1782080782988 0.540884667634964 29
1782080863689 0.53744948387146 30
1782080947049 0.534084701180458 31
1782081006372 0.5294427597522735 32
1782081072722 0.526293884396553 33
1782081134433 0.5239742171764373 34
1782081197739 0.5211110130548477 35
1782081263405 0.5177339394092559 36
1782081339813 0.51535728597641 37
1782081403685 0.5120206438302993 38
1782081465412 0.5093942326307297 39
1782081525750 0.5088088787794113 40
1782081581675 0.5037240896224976 41
1782081647828 0.5020065846443176 42
1782081704296 0.49939568984508514 43
1782081768332 0.49792017781734466 44
1782081826410 0.49526930475234987 45
1782081887467 0.4931095690727234 46
1782081951952 0.4912150024175644 47
1782082012849 0.48848961198329927 48
1782082078162 0.4873468074798584 49
1782082136702 0.48506114590168 50
1782082198714 0.48321476554870607 51
1782082254258 0.48153011345863345 52
1782082314803 0.4802399070262909 53
1782082375837 0.4797391539812088 54
1782082438562 0.4773557765483856 55
1782082501732 0.47502328610420225 56
1782082561571 0.4740563861131668 57
1782082628394 0.472408842921257 58
1782082683800 0.47087775099277496 59
1782082750584 0.4693741204738617 60
1782082816006 0.46843021976947785 61
1782082880450 0.46775510656833647 62
1782082941779 0.46671104645729067 63
1782083003658 0.46479738688468936 64
1782083064705 0.4646357891559601 65
1782083119803 0.46236287677288057 66
1782083185855 0.46169428527355194 67
1782083252767 0.46004236006736754 68
1782083321914 0.45924703681468965 69
1782083380065 0.45868881297111513 70
1782083443104 0.45722565293312073 71
1782083503430 0.45686798763275144 72
1782083576689 0.4563561147451401 73
1782083635751 0.4543021936416626 74
1782083697213 0.4534080113172531 75
1782083757038 0.4531552387475967 76
1782083815038 0.4514914512634277 77
1782083877875 0.4506223341226578 78
1782083934234 0.4488269264698029 79
1782083999039 0.44889428532123565 80
1782084055851 0.4472879694700241 81
1782084127994 0.44584233677387236 82
1782084185440 0.44538026571273803 83
1782084249060 0.44430423879623415 84
1782084309920 0.4431271675825119 85
1782084371465 0.4424425452947617 86
1782084434623 0.4422681295871735 87
1782084494926 0.44198317563533784 88
1782084563814 0.4397271534204483 89
1782084625587 0.4403535114526749 90
1782084690344 0.4389436540603638 91
1782084749800 0.43789343523979185 92
1782084815140 0.4371500951051712 93
1782084879107 0.43601522970199585 94
1782084939954 0.43577466332912446 95
1782085004360 0.4352983317375183 96
1782085060404 0.43421774768829347 97
1782085121765 0.4342554832696915 98
1782085180537 0.4332636947631836 99
1782085242590 0.4331607404947281 100
