1782692813326 1.994969654083252 1
1782692815428 1.7662600994110107 2
1782692817480 1.6934684753417968 3
1782692819557 1.6464340209960937 4
1782692821645 1.6078888416290282 5
1782692823697 1.5653499126434327 6
1782692825793 1.5301133394241333 7
1782692827861 1.4930733919143677 8
1782692829965 1.4675529956817628 9
1782692832050 1.439007306098938 10
1782692834186 1.4065892457962037 11
1782692836331 1.3698776483535766 12
1782692838534 1.3420856237411498 13
1782692840610 1.3099613904953002 14
1782692842665 1.2797086715698243 15
1782692844791 1.2417044639587402 16
1782692846942 1.2134208679199219 17
1782692849146 1.1912347078323364 18
1782692851254 1.1613006830215453 19
1782692853313 1.1273663759231567 20
1782692855391 1.0918200492858887 21
1782692857494 1.083345627784729 22
1782692859581 1.0468629837036132 23
1782692861689 1.0171829462051392 24
1782692863777 0.9899637579917908 25
1782692865897 0.9472402930259705 26
1782692868004 0.9289750099182129 27
1782692870100 0.8886561989784241 28
1782692872202 0.8732634067535401 29
1782692874311 0.8351037859916687 30
1782692876415 0.8048948764801025 31
1782692878521 0.7829350233078003 32
1782692880610 0.7660431623458862 33
1782692882719 0.7319209218025208 34
1782692884798 0.7343883633613586 35
1782692886876 0.7081600785255432 36
1782692888976 0.6655621886253357 37
1782692891063 0.6487711310386658 38
1782692893137 0.6209456205368042 39
1782692895244 0.6008009433746337 40
1782692897364 0.5792822480201721 41
1782692899761 0.5642446875572205 42
1782692901934 0.5392657399177552 43
