1782687574448 1.4082580208778381 1
1782687577499 1.2377841472625732 2
1782687580536 1.1866235435009003 3
1782687583577 1.1441439539194107 4
1782687586633 1.1182250678539276 5
1782687589683 1.0910741984844208 6
1782687592736 1.0704012513160706 7
1782687595796 1.0546837151050568 8
1782687598816 1.0215242952108383 9
1782687601824 1.0041399598121643 10
1782687608004 0.9876154139637947 11
1782687611012 0.9626367464661598 12
1782687614055 0.9466628432273865 13
1782687617057 0.9425081610679626 14
1782687620076 0.9117533192038536 15
1782687623160 0.9028781205415726 16
1782687626214 0.8880404382944107 17
1782687629246 0.8641974106431007 18
1782687632271 0.8407938107848167 19
1782687635280 0.833682008087635 20
1782687638266 0.8109088018536568 21
1782687641290 0.8013403415679932 22
1782687644330 0.7847057580947876 23
1782687647339 0.7624074816703796 24
1782687650350 0.7447175607085228 25
1782687653384 0.7250123471021652 26
1782687656390 0.7118838280439377 27
1782687659415 0.7036802694201469 28
1782687662468 0.6850165575742722 29
1782687665442 0.6753034070134163 30
1782687668429 0.6563583761453629 31
1782687671491 0.650796689093113 32
1782687674506 0.6240274459123611 33
1782687677530 0.6097903922200203 34
1782687680558 0.6051346436142921 35
1782687683610 0.5989703387022018 36
1782687686641 0.5713773667812347 37
1782687689653 0.5548537895083427 38
1782687692648 0.5444023683667183 39
1782687695715 0.522844236344099 40
1782687698813 0.5141382738947868 41
1782687701858 0.5019596926867962 42
1782687704883 0.48863980919122696 43
1782687707880 0.4787222035229206 44
1782687710930 0.479246586561203 45
1782687713984 0.46084750071167946 46
1782687717005 0.44870471581816673 47
1782687720016 0.42676371708512306 48
1782687723038 0.42239637672901154 49
1782687726025 0.4081495441496372 50
1782687729017 0.3980260565876961 51
1782687732034 0.37774986401200294 52
1782687735053 0.380132507532835 53
1782687738065 0.37651753425598145 54
1782687741056 0.35721201822161674 55
1782687744111 0.35883528366684914 56
1782687747184 0.3508957661688328 57
1782687750176 0.33122343569993973 58
1782687753181 0.32484565675258636 59
1782687756201 0.33039670065045357 60
1782687759212 0.31594544649124146 61
1782687762215 0.309710580855608 62
1782687765217 0.29737431928515434 63
1782687768234 0.29888890124857426 64
1782687771251 0.2868938185274601 65
1782687774289 0.27653899043798447 66
1782687777337 0.2764577865600586 67
1782687780384 0.263237776234746 68
1782687783398 0.269256005063653 69
1782687786453 0.259142542257905 70
1782687789488 0.2545297984033823 71
1782687792522 0.24492123909294605 72
1782687795579 0.24373619817197323 73
1782687798635 0.2435009442269802 74
1782687801639 0.23590930551290512 75
1782687804654 0.23651390708982944 76
1782687807697 0.23302877321839333 77
1782687810726 0.2339428886771202 78
1782687813757 0.22965877316892147 79
1782687816764 0.23194562830030918 80
1782687819786 0.22561928629875183 81
1782687822803 0.2189814280718565 82
1782687825821 0.23589781299233437 83
1782687828848 0.23002974316477776 84
1782687831912 0.22073048166930676 85
1782687834906 0.28348093293607235 86
1782687837963 0.30907928198575974 87
1782687840996 0.27472883090376854 88
1782687843984 0.25292632170021534 89
