1782335803552 1.157748031616211 1
1782335808119 0.6652501153945923 2
1782335812676 0.5203396022319794 3
1782335817218 0.44939823627471925 4
1782335821819 0.4108611476421356 5
1782335826452 0.3840627717971802 6
1782335831108 0.36028619527816774 7
1782335835879 0.3302500641345978 8
1782335840581 0.3107993447780609 9
1782335845347 0.294547501206398 10
1782335849909 0.2967101287841797 11
1782335854406 0.29389317095279693 12
1782335859051 0.27243590652942656 13
1782335863785 0.2728113532066345 14
1782335868505 0.26468144714832303 15
1782335873283 0.2629283356666565 16
1782335877894 0.25709539771080014 17
1782335882527 0.2566878485679627 18
1782335887144 0.25319101274013517 19
1782335891659 0.2492732286453247 20
1782335896186 0.2517990565299988 21
1782335900789 0.2549672538042069 22
1782335905367 0.25184945642948153 23
1782335909910 0.2462874746322632 24
1782335914494 0.24648110151290895 25
1782335919185 0.24319139659404754 26
1782335923905 0.23694150269031525 27
1782335928512 0.23616332530975342 28
1782335933268 0.23707187175750732 29
1782335937802 0.23572176277637483 30
1782335942253 0.23326097428798676 31
1782335946770 0.2378233963251114 32
1782335951357 0.2364889931678772 33
1782335955879 0.23162593007087706 34
1782335960393 0.229659783244133 35
1782335965095 0.23192741632461547 36
1782335969705 0.23181008279323578 37
1782335974268 0.22717722058296203 38
