1783008425740 1.2734711567560832 1
1783008426891 1.169188678264618 2
1783008428045 1.114446222782135 3
1783008429223 1.0818024079004924 4
1783008430417 1.0555112759272258 5
1783008431552 1.0359974106152852 6
1783008432666 1.0139615535736084 7
1783008433788 0.9925753275553385 8
1783008434939 0.9733540614446005 9
1783008436044 0.9519912997881571 10
1783008437163 0.9332451621691386 11
1783008438262 0.9107089638710022 12
1783008439382 0.8922819197177887 13
1783008440524 0.8742083013057709 14
1783008441760 0.8506860534350077 15
1783008442939 0.8366486032803854 16
1783008444067 0.8117472231388092 17
1783008445212 0.79769699772199 18
1783008446415 0.7737681170304617 19
1783008447597 0.761390229066213 20
1783008448789 0.7434971928596497 21
1783008449908 0.720074325799942 22
1783008451069 0.7016110022862753 23
1783008452202 0.6813117861747742 24
1783008453377 0.6635182599226633 25
1783008454512 0.6457870701948801 26
1783008455664 0.6286148130893707 27
1783008456760 0.6096321443716685 28
1783008457911 0.5904630323251089 29
1783008459029 0.5722773472468058 30
1783008460168 0.5541796386241913 31
1783008461329 0.5403508941332499 32
1783008462444 0.5281853675842285 33
1783008463584 0.5129652967055639 34
1783008464789 0.4961639940738678 35
1783008465921 0.48012591401735943 36
1783008467058 0.47064605355262756 37
1783008468176 0.4550047864516576 38
1783008469292 0.4397990008195241 39
1783008470396 0.42709948122501373 40
1783008471545 0.41663295527299243 41
1783008472703 0.4001426100730896 42
1783008473902 0.39356843133767444 43
1783008475054 0.3767914225657781 44
1783008476180 0.3688424527645111 45
1783008477333 0.35324359436829883 46
1783008478496 0.34360713760058087 47
1783008479659 0.33352361619472504 48
1783008480863 0.32658487061659497 49
1783008481997 0.3154721607764562 50
1783008483187 0.30965055525302887 51
1783008484386 0.2983093013366063 52
1783008485547 0.2916496644417445 53
1783008486716 0.2819677044947942 54
1783008487888 0.2756448934475581 55
1783008489022 0.2679474800825119 56
1783008490176 0.2619225084781647 57
1783008491344 0.25319212426741916 58
1783008492527 0.24779167026281357 59
1783008493666 0.2429959699511528 60
1783008504042 0.23763094345728555 61
1783008505259 0.2296316126982371 62
1783008506409 0.22438967476288477 63
1783008507542 0.22025892386833826 64
1783008508766 0.21557374795277914 65
1783008509949 0.20865816374619803 66
1783008511097 0.20683087905248007 67
1783008512279 0.20286213606595993 68
1783008513426 0.2003225733836492 69
1783008514566 0.1935501197973887 70
1783008515807 0.18744481851657233 71
1783008516985 0.1845023532708486 72
1783008518170 0.1843015750249227 73
1783008519392 0.180690569182237 74
1783008520571 0.18397671729326248 75
1783008521688 0.17477864772081375 76
