1782602492953 2.0262653827667236 1
1782602494052 1.7686156749725341 2
1782602495077 1.6718178987503052 3
1782602496188 1.6152153968811036 4
1782602497226 1.5730093002319336 5
1782602498289 1.5426579236984252 6
1782602499363 1.5061400413513184 7
1782602500441 1.4748875856399537 8
1782602501474 1.4528249979019165 9
1782602502495 1.4337634563446044 10
1782602503591 1.4114018440246583 11
1782602504634 1.385041880607605 12
1782602505755 1.3483803510665893 13
1782602506797 1.3254351615905762 14
1782602507844 1.3045020341873168 15
1782602508900 1.2767975091934205 16
1782602509990 1.2460443735122682 17
1782602511044 1.2208647966384887 18
1782602512088 1.1941669940948487 19
1782602513164 1.162214708328247 20
1782602514259 1.138629937171936 21
1782602515305 1.1053042888641358 22
1782602516386 1.083079218864441 23
1782602517415 1.0531766891479493 24
1782602518474 1.0333256244659423 25
1782602519558 1.0045319199562073 26
1782602520622 0.9808920383453369 27
1782602521669 0.9470296144485474 28
1782602522764 0.9202774643898011 29
1782602523842 0.8984555721282959 30
1782602524857 0.8646993994712829 31
1782602525941 0.8367700576782227 32
1782602527043 0.8192535400390625 33
1782602528129 0.7889860987663269 34
1782602529198 0.7723304748535156 35
1782602530247 0.7491487741470337 36
1782602531325 0.7245604276657105 37
1782602532480 0.7095741391181946 38
1782602533590 0.6955879330635071 39
1782602534637 0.6791618704795838 40
1782602535681 0.6540911078453064 41
1782602536751 0.6345164179801941 42
1782602537806 0.6135676622390747 43
1782602538856 0.5948919415473938 44
1782602539984 0.589375913143158 45
1782602541050 0.5589006900787353 46
1782602542101 0.5525706052780152 47
1782602543153 0.5328466176986695 48
1782602544177 0.533371102809906 49
1782602545219 0.5082369744777679 50
1782602546287 0.48966188430786134 51
1782602547371 0.48108941316604614 52
1782602548449 0.4656837463378906 53
1782602549512 0.46012338399887087 54
1782602550614 0.44379910826683044 55
1782602551726 0.4340896964073181 56
1782602552764 0.41379016637802124 57
1782602553823 0.4029740333557129 58
1782602554924 0.39252419471740724 59
1782602555971 0.37980981469154357 60
1782602557048 0.3785258173942566 61
1782602558151 0.36845619678497316 62
1782602559196 0.37644991278648376 63
1782602560318 0.3687242329120636 64
1782602561411 0.36236484050750734 65
1782602562449 0.35824599862098694 66
1782602563529 0.33574134707450864 67
