1783498150205 3.377503607954298 1
1783498184407 3.1476364646639143 2
1783498219089 2.9560657824788774 3
1783498253756 2.7728480952126637 4
1783498288240 2.567123327936445 5
1783498323386 2.360533927168165 6
1783498357765 2.1516092079026357 7
1783498392549 1.9562644745622362 8
1783498427294 1.7715682600225722 9
1783498461500 1.5976539594786507 10
1783498496510 1.458442394222532 11
1783498530929 1.3610921885286058 12
1783498565437 1.285326063632965 13
1783498600079 1.2275271117687225 14
1783498636117 1.1872702240943909 15
1783498671171 1.144100057227271 16
1783498705997 1.1147644051483698 17
1783498741755 1.0922210642269679 18
1783498776219 1.0661658474377222 19
1783498811411 1.0443675986358099 20
1783498845904 1.026373220341546 21
1783498880820 1.009129815867969 22
1783498916711 0.996363952755928 23
1783498951921 0.9864787736109325 24
1783498987070 0.9734112237180982 25
1783499022581 0.9602336840970176 26
