1782667531417 1.4190600216388702 1
1782667533023 1.3706181198358536 2
1782667534582 1.3271377682685852 3
1782667536182 1.2880139499902725 4
1782667537763 1.2359723597764969 5
1782667539365 1.1843512654304504 6
1782667540906 1.142969772219658 7
1782667542517 1.11328886449337 8
1782667544150 1.0792918652296066 9
1782667545785 1.050311729311943 10
1782667547422 1.0175496861338615 11
1782667549004 0.9981021657586098 12
1782667550609 0.9854428097605705 13
1782667552229 0.9617123231291771 14
1782667553803 0.9332114085555077 15
1782667555430 0.9187324717640877 16
1782667557049 0.8947416841983795 17
1782667558652 0.8786128461360931 18
1782667560284 0.863940455019474 19
1782667561887 0.8477685377001762 20
1782667563507 0.8307953998446465 21
1782667565152 0.8147094398736954 22
1782667566770 0.7826234102249146 23
1782667568419 0.7764861509203911 24
1782667570070 0.7654901146888733 25
1782667571655 0.7413672506809235 26
1782667573225 0.7170697301626205 27
1782667574816 0.7123761251568794 28
1782667576414 0.6889857053756714 29
1782667577961 0.6966976150870323 30
1782667579493 0.6641751080751419 31
1782667581052 0.6514842063188553 32
1782667582635 0.6220275983214378 33
1782667584200 0.6177271530032158 34
1782667585817 0.601295568048954 35
1782667587447 0.5884442254900932 36
1782667589029 0.5814728066325188 37
1782667590661 0.5670007206499577 38
1782667592291 0.5445065647363663 39
1782667593907 0.5280066505074501 40
1782667595558 0.5190577991306782 41
1782667597178 0.5004570819437504 42
1782667598788 0.4976698234677315 43
1782667600434 0.4794897846877575 44
1782667602075 0.47055745124816895 45
1782667603699 0.4457464702427387 46
1782667605356 0.44610580801963806 47
1782667606987 0.43243250250816345 48
1782667608597 0.4109577499330044 49
1782667610178 0.40517545491456985 50
1782667611769 0.3977476917207241 51
1782667613339 0.38282231986522675 52
1782667614988 0.3806837126612663 53
1782667616584 0.3654681406915188 54
1782667618168 0.3560727871954441 55
1782667619750 0.348941832780838 56
1782667621313 0.34577667713165283 57
1782667622890 0.3791414350271225 58
1782667624419 0.3459511585533619 59
1782667626048 0.33972910419106483 60
1782667627651 0.3304216004908085 61
1782667629216 0.3267323672771454 62
1782667630788 0.3076532334089279 63
1782667632321 0.3011804521083832 64
1782667633902 0.2984435223042965 65
1782667635557 0.29110612347722054 66
1782667637178 0.27837657928466797 67
1782667638938 0.27718764171004295 68
1782667640551 0.26910119876265526 69
1782667642161 0.265972251072526 70
1782667643730 0.2639606539160013 71
1782667645316 0.257989214733243 72
1782667646864 0.28042640164494514 73
1782667648434 0.2674177326261997 74
1782667650025 0.2600049637258053 75
1782667651654 0.2542330175638199 76
1782667653230 0.2449151910841465 77
1782667654865 0.24128449149429798 78
1782667656504 0.2541330885142088 79
1782667658150 0.2367408387362957 80
1782667659781 0.2383412141352892 81
1782667661396 0.2402524147182703 82
1782667662998 0.23539945110678673 83
1782667664675 0.23633423820137978 84
1782667666333 0.22446155734360218 85
1782667667988 0.22572221048176289 86
1782667669616 0.2267601415514946 87
1782667671262 0.22381729073822498 88
1782667672878 0.2163867149502039 89
1782667674476 0.22314348630607128 90
1782667676033 0.21960117667913437 91
1782667677635 0.21364295296370983 92
1782667679220 0.21111159399151802 93
1782667680842 0.2106038834899664 94
1782667682488 0.21263705752789974 95
1782667684121 0.20703874714672565 96
1782667685733 0.21032881550490856 97
1782667687360 0.20372317172586918 98
1782667689025 0.2169979941099882 99
1782667690676 0.20907587744295597 100
