1781917243296 1.2692975316047668 1
1781917294711 1.040851818561554 2
1781917346489 1.0392245020866393 3
1781917397253 1.0381134634017943 4
1781917446180 1.0341685214042664 5
1781917496309 1.0022961847782135 6
1781917553868 0.8536258280277252 7
1781917604179 0.8116196117401123 8
1781917658002 0.7740120377540588 9
1781917710123 0.7409589083194733 10
1781917762793 0.7015576531887054 11
1781917814712 0.6785935831069946 12
1781917864550 0.6631006560325623 13
1781917917267 0.6499781169891358 14
1781917968072 0.6398617050647736 15
1781918021751 0.6297477695941925 16
1781918073034 0.6185582571029663 17
1781918124274 0.6079710159301758 18
1781918176382 0.600284123301506 19
1781918226852 0.5944787125587463 20
1781918285113 0.5881448276042939 21
1781918336632 0.5834601732492447 22
1781918389094 0.5780473976135254 23
1781918439788 0.5728123779296875 24
1781918491045 0.5668993886709214 25
1781918540837 0.5627337599992752 26
1781918592367 0.5593561756610871 27
1781918645130 0.554549068570137 28
1781918694901 0.5508195878267288 29
1781918744971 0.5468169318437577 30
1781918795173 0.5451027376651764 31
1781918848281 0.5406931653022766 32
1781918901178 0.5370445107221603 33
1781918953114 0.5339075021743774 34
1781919009982 0.5321557992696762 35
1781919062691 0.5279463882446289 36
1781919114251 0.5251156448125839 37
1781919167805 0.5242393037080765 38
1781919216249 0.5201379458904266 39
1781919265824 0.5177514237165451 40
1781919317870 0.5162214230298996 41
1781919370075 0.513124230504036 42
1781919420747 0.5096901993751526 43
1781919472523 0.5094309911727906 44
1781919525421 0.5070000114440918 45
1781919575885 0.5048607391119003 46
1781919626493 0.5032783334255219 47
1781919676597 0.5000454611778259 48
1781919727283 0.49828150594234466 49
1781919777987 0.49701280188560487 50
1781919826316 0.49648207080364226 51
1781919877850 0.49480831003189085 52
1781919928366 0.49121082699298857 53
1781919979125 0.48989774799346925 54
1781920033637 0.489845795750618 55
1781920086630 0.4870144784450531 56
1781920135773 0.4864176664352417 57
1781920184901 0.4842075401544571 58
1781920237759 0.4829572734832764 59
1781920288885 0.4825694258213043 60
1781920340588 0.48019709932804105 61
1781920393219 0.47884325897693636 62
1781920447597 0.4783345719575882 63
1781920498264 0.47656537675857547 64
1781920550909 0.47488976287841794 65
1781920604379 0.47474195182323453 66
1781920656211 0.4726190575361252 67
1781920707523 0.4723527445793152 68
1781920760381 0.4704421020746231 69
1781920816399 0.4697504836320877 70
1781920867356 0.46705199825763705 71
1781920919925 0.4682981480360031 72
1781920972345 0.46524289846420286 73
1781921023002 0.46622296500205995 74
1781921073864 0.4636539181470871 75
1781921125277 0.4635069985389709 76
1781921177208 0.46198184871673587 77
1781921226288 0.46155565106868746 78
1781921274200 0.46171169269084933 79
1781921323992 0.45952948594093324 80
1781921377195 0.4587681728601456 81
1781921429972 0.45842959463596344 82
1781921481700 0.4587552937269211 83
1781921532938 0.45685114300251006 84
1781921583355 0.4568847105503082 85
1781921636797 0.45543026566505435 86
1781921685985 0.4549467548131943 87
1781921736813 0.4546441720724106 88
1781921788372 0.4539262943267822 89
1781921840962 0.4524236842393875 90
1781921890842 0.45440226697921754 91
1781921943867 0.4515768384933472 92
1781921995155 0.45112084364891053 93
1781922048379 0.4519780194759369 94
1781922100772 0.44913085842132566 95
1781922150498 0.4490165568590164 96
1781922202693 0.44809441101551056 97
1781922256688 0.4483689020872116 98
1781922307096 0.44913456368446353 99
1781922361766 0.44847495639324186 100
