1783495824366 1.2232791384061177 1
1783495825509 0.9938356677691141 2
1783495826648 0.9181470076243082 3
1783495827799 0.8746000031630198 4
1783495828927 0.8381914794445038 5
1783495830041 0.8141090969244639 6
1783495831144 0.797380656003952 7
1783495832272 0.7754347622394562 8
1783495833365 0.7507566511631012 9
1783495834520 0.7331367333730062 10
1783495835622 0.716903398434321 11
1783495836739 0.695533812046051 12
1783495837866 0.6841759781042734 13
1783495839046 0.6704105536142985 14
1783495840191 0.6551904479662577 15
1783495841352 0.6369902690251669 16
1783495842511 0.6237729092439016 17
1783495843604 0.6108473042647043 18
1783495844741 0.5944022238254547 19
1783495845894 0.5873920520146688 20
1783495847047 0.5704225401083628 21
1783495848177 0.5553674697875977 22
1783495849342 0.5449726084868113 23
1783495850513 0.5276135901610056 24
1783495851652 0.5260798285404841 25
1783495852763 0.5054355015357336 26
1783495853938 0.49130894740422565 27
1783495855052 0.48360368609428406 28
1783495856208 0.4722749839226405 29
1783495857342 0.46704286336898804 30
1783495858487 0.4546948621670405 31
1783495859598 0.4433130969603856 32
1783495860715 0.4358594963947932 33
1783495861834 0.4230087449153264 34
1783495862963 0.4169512838125229 35
1783495864093 0.3985034575064977 36
1783495865209 0.3877814958492915 37
1783495866303 0.3844511906305949 38
1783495867438 0.3725210130214691 39
1783495868560 0.3637912819782893 40
1783495869695 0.35625792543093365 41
1783495870801 0.3480512152115504 42
1783495871940 0.3414028386274974 43
1783495873060 0.32984957098960876 44
1783495874228 0.3219263255596161 45
1783495875391 0.3151438037554423 46
1783495876541 0.3107107530037562 47
1783495877664 0.3043633500734965 48
1783495878783 0.29852884511152905 49
1783495879926 0.3040580650170644 50
1783495881025 0.2870095719893773 51
1783495882155 0.27746693789958954 52
