1782595827072 1.2475269168030982 1
1782595833182 1.0674318005056942 2
1782595839223 0.9086171598995433 3
1782595845320 0.7555478180156034 4
1782595851374 0.6080733853227952 5
1782595857444 0.47974854123358635 6
1782595863598 0.37294427261633034 7
1782595869661 0.30815183824183895 8
1782595875741 0.25459131802998336 9
1782595881915 0.2174062758099799 10
1782595888010 0.18381814483334036 11
1782595894225 0.17051789924210192 12
1782595900339 0.15578629719276055 13
1782595906450 0.13711514455430648 14
1782595912442 0.13465753489849613 15
1782595918570 0.13437838910841474 16
1782595924801 0.11807980271531086 17
1782595931017 0.11170819766965567 18
1782595944548 0.10628240219518251 19
1782595950823 0.09874439853079178 20
1782595956943 0.09640077297009673 21
1782595963215 0.09221244281997867 22
1782595969480 0.08812693608742134 23
1782595975705 0.09191995742274266 24
1782595981859 0.08549335949561175 25
1782595988071 0.08191109638588101 26
1782595994198 0.08624117646147222 27
1782596000483 0.08845206233216267 28
1782596006659 0.08060927455331765 29
1782596012759 0.08065138377395331 30
1782596018971 0.07556043273093653 31
1782596025198 0.0718298290728354 32
1782596031237 0.07142043026054606 33
1782596037450 0.07784129277456041 34
1782596043663 0.06857617382033199 35
1782596049789 0.07263093127631674 36
1782596055919 0.08260776979081771 37
1782596062171 0.0694185140378335 38
1782596068322 0.06336463235464751 39
1782596074466 0.06268973882291831 40
1782596080629 0.061990574221400654 41
1782596086771 0.06684656214772486 42
1782596092938 0.06314384827719015 43
1782596099007 0.06658592659468744 44
1782596105123 0.062049214673392916 45
1782596111339 0.058460007184276394 46
1782596117421 0.058868788255780354 47
1782596123746 0.05793639710720848 48
