1781997772369 1.3870417704949012 1
1781997793816 1.0692985760859954 2
1781997815097 1.0424733009093847 3
1781997837035 1.0175970853903356 4
1781997858253 1.0083081019230378 5
1781997879927 1.0019460259339747 6
1781997901327 1.0037401104584718 7
1781997922795 0.9887606211197681 8
1781997943925 0.9834961065879235 9
1781997965358 0.9732928306628497 10
1781997994859 0.9678663641978533 11
1781998016943 0.9677502467082097 12
1781998038674 0.9570272809419876 13
1781998060146 0.9499729428535852 14
1781998081391 0.947976291179657 15
1781998104539 0.9396577844252954 16
1781998126121 0.9362452412262942 17
1781998147836 0.9290554569317744 18
1781998169666 0.9316429067880679 19
1781998191648 0.9188550084065168 20
1781998218002 0.9144943539912884 21
1781998239104 0.9093328469838852 22
1781998365067 0.9139975523337339 23
1781998386922 0.9022508584536039 24
1781998408082 0.8955362133490734 25
1781998429237 0.8930275516632276 26
1781998450395 0.8912594899153098 27
1781998471442 0.8767897792351551 28
1781998492575 0.8697531406696026 29
1781998513966 0.8686778805194757 30
1781998535201 0.8502587905296912 31
1781998557137 0.8456873419957284 32
1781998578158 0.8249983787536621 33
1781998599135 0.8152911433806787 34
1781998620161 0.7946310226733868 35
1781998641083 0.7944256067276001 36
1781998662020 0.7792609288142278 37
1781998682785 0.7714144404117877 38
1781998703780 0.7481559667831812 39
1781998724851 0.7381748648790213 40
1781998746686 0.726574026621305 41
1781998768078 0.7183708579112322 42
1781998789414 0.7145100816702231 43
1781998810464 0.7126134068537981 44
1781998831971 0.6871557067602109 45
1781998854747 0.6733468923813257 46
1781998875545 0.6672307543265514 47
1781998896685 0.715921035179725 48
1781998917521 0.6537828200902694 49
1781998938254 0.6329302054185134 50
1781998959240 0.6487133502960205 51
1781998980323 0.631777653327355 52
1781999001055 0.61486927821086 53
1781999022094 0.6149601218027946 54
1781999042823 0.6353913927689577 55
1781999063385 0.5986381081434397 56
1781999084215 0.6199970551026173 57
1781999104773 0.6131106202418988 58
1781999125560 0.5783984386003934 59
1781999146348 0.5868023251875852 60
1781999167212 0.5796868159220769 61
1781999188190 0.5633153113035055 62
1781999208956 0.5616980951565963 63
1781999229972 0.5605786565022591 64
1781999250762 0.578333202845011 65
1781999271980 0.5726948670851879 66
1781999292613 0.5518521169821421 67
1781999313729 0.5559475918610891 68
1781999335635 0.541981448729833 69
1781999356302 0.533461407209054 70
1781999377044 0.5264327931098449 71
1781999398112 0.5311255447375469 72
1781999419022 0.5194880908880478 73
1781999439787 0.519255090982486 74
1781999461046 0.5215698541739048 75
1781999482237 0.5175620730106647 76
1781999503380 0.5083367243791238 77
1781999524551 0.5070931307780437 78
1781999545717 0.5015891186701946 79
1781999568133 0.5088145320232098 80
1781999588919 0.4899248419663845 81
1781999609794 0.5009571810563406 82
1781999630490 0.49626134909116304 83
1781999651008 0.5014919844957498 84
1781999673227 0.4907958209514618 85
1781999693885 0.49273001230680025 86
1781999714459 0.478750426035661 87
1781999735114 0.4906087036316211 88
1781999755764 0.49270091301355606 89
1781999776477 0.4703658712215913 90
1781999798776 0.465764935200031 91
1781999819694 0.46755267182985943 92
1781999840818 0.4654547411661882 93
1781999862052 0.4625932895220243 94
1781999883202 0.45524769180860275 95
1781999904087 0.4609934786955516 96
1781999925111 0.46056564954610973 97
1781999945959 0.45624094819411254 98
1781999967066 0.45753364456005585 99
1781999988383 0.4456898631193699 100
1782000012015 0.469712923734616 101
1782000034189 0.4431347403770838 102
1782000055575 0.43629853924115497 103
1782000076731 0.4353912709615169 104
1782000098828 0.4360989546164488 105
1782000119822 0.43048449892264146 106
1782000140887 0.4381817816159664 107
1782000161773 0.43133219847312343 108
1782000182824 0.43540929678158885 109
1782000204932 0.42208907848749405 110
1782000226416 0.43487362831066817 111
1782000247235 0.4118476777504652 112
1782000268026 0.4145928972806686 113
1782000289034 0.43970939211356336 114
1782000310485 0.41076959631381893 115
1782000331217 0.4100332810328557 116
1782000352171 0.3995984945541773 117
1782000372901 0.3939865827560425 118
1782000394447 0.4022673949217185 119
1782000415506 0.4105838567782671 120
1782000436643 0.4052551350532434 121
1782000457754 0.4077447614608667 122
1782000478808 0.4008540159616715 123
1782000500303 0.39977926092270094 124
1782000521536 0.4067554825391525 125
1782000543007 0.38865475089122087 126
1782000563941 0.38674858670968276 127
1782000586378 0.38028530585460174 128
1782000607500 0.38172400226959813 129
1782000628642 0.38950181771547365 130
1782000649494 0.3817153978042113 131
